episode,mission,vertex_1,vertex_2,flags,action_special,sector_tag,front_side,back_side
1,1,0,1,1,0,0,0,65535
1,1,1,2,1,0,0,1,65535
1,1,3,0,1,0,0,2,65535
1,1,4,3,1,0,0,3,65535
1,1,2,5,1,0,0,4,65535
1,1,6,4,1,0,0,5,65535
1,1,5,7,1,0,0,6,65535
1,1,8,6,1,0,0,7,65535
1,1,7,9,1,0,0,8,65535
1,1,10,11,1,0,0,9,65535
1,1,11,12,1,0,0,10,65535
1,1,12,13,1,0,0,11,65535
1,1,13,10,1,0,0,12,65535
1,1,14,15,1,0,0,13,65535
1,1,15,16,1,0,0,14,65535
1,1,16,17,1,0,0,15,65535
1,1,17,14,1,0,0,16,65535
1,1,18,19,1,0,0,17,65535
1,1,19,20,1,0,0,18,65535
1,1,20,21,1,0,0,19,65535
1,1,21,18,1,0,0,20,65535
1,1,22,23,1,0,0,21,65535
1,1,23,24,1,0,0,22,65535
1,1,24,25,1,0,0,23,65535
1,1,25,22,1,0,0,24,65535
1,1,26,27,29,0,0,25,26
1,1,28,26,1,0,0,27,65535
1,1,29,30,1,0,0,28,65535
1,1,30,28,29,0,0,29,30
1,1,31,32,28,0,0,31,32
1,1,33,34,28,0,0,33,34
1,1,26,34,1,0,0,35,65535
1,1,33,27,1,0,0,36,65535
1,1,31,28,1,0,0,37,65535
1,1,30,32,1,0,0,38,65535
1,1,34,31,1,0,0,39,65535
1,1,32,35,1,0,0,40,65535
1,1,14,11,12,0,0,41,42
1,1,27,15,12,0,0,43,44
1,1,22,30,12,0,0,45,46
1,1,36,37,1,0,0,47,65535
1,1,37,38,1,0,0,48,65535
1,1,38,39,1,0,0,49,65535
1,1,35,40,1,0,0,50,65535
1,1,41,42,1,0,0,51,65535
1,1,43,41,1,0,0,52,65535
1,1,3,2,28,0,0,53,54
1,1,20,24,12,0,0,55,56
1,1,17,12,12,0,0,57,58
1,1,12,20,12,0,0,59,60
1,1,13,19,12,0,0,61,62
1,1,21,23,12,0,0,63,64
1,1,9,44,1,0,0,65,65535
1,1,45,36,1,0,0,66,65535
1,1,45,44,12,0,0,67,68
1,1,46,47,1,0,0,69,65535
1,1,48,49,1,0,0,70,65535
1,1,49,50,1,0,0,71,65535
1,1,50,45,1,0,0,72,65535
1,1,44,51,1,0,0,73,65535
1,1,51,46,1,0,0,74,65535
1,1,52,53,4,0,0,75,76
1,1,47,53,17,0,0,77,65535
1,1,52,48,17,0,0,78,65535
1,1,53,54,1,0,0,79,65535
1,1,54,55,1,0,0,80,65535
1,1,55,56,1,0,0,81,65535
1,1,57,58,1,0,0,82,65535
1,1,59,52,1,0,0,83,65535
1,1,58,59,1,0,0,84,65535
1,1,60,61,20,0,0,85,86
1,1,61,62,20,0,0,87,88
1,1,62,63,20,0,0,89,90
1,1,63,64,20,0,0,91,92
1,1,64,65,20,0,0,93,94
1,1,65,66,20,0,0,95,96
1,1,66,67,4,0,0,97,98
1,1,67,68,20,0,0,99,100
1,1,68,69,20,0,0,101,102
1,1,69,70,20,0,0,103,104
1,1,70,71,20,0,0,105,106
1,1,71,72,20,0,0,107,108
1,1,72,73,20,0,0,109,110
1,1,61,72,4,0,0,111,112
1,1,62,71,4,0,0,113,114
1,1,63,70,4,0,0,115,116
1,1,64,69,4,0,0,117,118
1,1,65,68,4,0,0,119,120
1,1,60,73,28,0,0,121,122
1,1,73,74,28,0,0,123,124
1,1,74,57,1,0,0,125,65535
1,1,56,75,1,0,0,126,65535
1,1,75,60,28,0,0,127,128
1,1,75,76,1,0,0,129,65535
1,1,76,77,1,0,0,130,65535
1,1,78,79,1,0,0,131,65535
1,1,79,74,1,0,0,132,65535
1,1,80,81,1,0,0,133,65535
1,1,82,83,1,0,0,134,65535
1,1,84,85,1,0,0,135,65535
1,1,83,86,1,0,0,136,65535
1,1,87,80,1,0,0,137,65535
1,1,88,89,1,0,0,138,65535
1,1,81,90,1,0,0,139,65535
1,1,91,82,1,0,0,140,65535
1,1,86,92,1,0,0,141,65535
1,1,92,91,1,0,0,142,65535
1,1,90,93,1,0,0,143,65535
1,1,93,87,1,0,0,144,65535
1,1,89,94,1,0,0,145,65535
1,1,94,95,1,0,0,146,65535
1,1,96,84,1,0,0,147,65535
1,1,97,96,1,0,0,148,65535
1,1,78,77,28,0,0,149,150
1,1,88,80,29,0,0,151,152
1,1,87,89,28,0,0,153,154
1,1,83,85,29,0,0,155,156
1,1,84,86,28,0,0,157,158
1,1,81,82,29,0,0,159,160
1,1,91,90,28,0,0,161,162
1,1,98,97,1,0,0,163,65535
1,1,95,99,1,0,0,164,65535
1,1,99,100,1,0,0,165,65535
1,1,100,101,1,0,0,166,65535
1,1,101,102,1,0,0,167,65535
1,1,102,103,1,0,0,168,65535
1,1,103,98,1,0,0,169,65535
1,1,99,104,156,0,0,170,171
1,1,104,105,156,0,0,172,173
1,1,105,98,156,0,0,174,175
1,1,85,106,1,0,0,176,65535
1,1,106,78,1,0,0,177,65535
1,1,77,107,1,0,0,178,65535
1,1,107,88,1,0,0,179,65535
1,1,108,109,28,0,0,180,181
1,1,109,110,28,0,0,182,183
1,1,110,111,28,63,3,184,185
1,1,111,108,28,0,0,186,187
1,1,112,113,28,0,0,188,189
1,1,113,114,28,0,0,190,191
1,1,114,115,28,0,0,192,193
1,1,115,112,28,0,0,194,195
1,1,39,116,1,0,0,196,65535
1,1,117,29,1,0,0,197,65535
1,1,118,117,1,0,0,198,65535
1,1,116,119,1,0,0,199,65535
1,1,29,39,12,0,0,200,201
1,1,119,118,12,0,0,202,203
1,1,120,121,4,1,0,204,205
1,1,122,123,4,1,0,206,207
1,1,121,118,1,0,0,208,65535
1,1,119,120,1,0,0,209,65535
1,1,120,123,17,0,0,210,65535
1,1,122,121,17,0,0,211,65535
1,1,124,122,1,0,0,212,65535
1,1,123,125,1,0,0,213,65535
1,1,126,127,1,0,0,214,65535
1,1,127,128,1,0,0,215,65535
1,1,129,43,1,0,0,216,65535
1,1,130,131,4,0,0,217,218
1,1,132,133,28,0,0,219,220
1,1,133,134,28,0,0,221,222
1,1,134,135,28,0,0,223,224
1,1,135,136,28,0,0,225,226
1,1,136,137,28,0,0,227,228
1,1,137,138,28,0,0,229,230
1,1,138,139,28,0,0,231,232
1,1,139,132,28,0,0,233,234
1,1,140,141,1,0,0,235,65535
1,1,142,143,1,0,0,236,65535
1,1,143,144,1,0,0,237,65535
1,1,145,146,1,0,0,238,65535
1,1,147,148,1,0,0,239,65535
1,1,149,150,1,0,0,240,65535
1,1,151,152,1,0,0,241,65535
1,1,153,126,1,0,0,242,65535
1,1,152,153,1,0,0,243,65535
1,1,148,154,1,0,0,244,65535
1,1,155,154,6,0,0,245,246
1,1,156,157,6,0,0,247,248
1,1,158,156,6,0,0,249,250
1,1,159,160,6,0,0,251,252
1,1,161,158,6,0,0,253,254
1,1,160,155,6,0,0,255,256
1,1,162,163,1,0,0,257,65535
1,1,164,151,1,0,0,258,65535
1,1,163,165,1,0,0,259,65535
1,1,166,164,1,0,0,260,65535
1,1,140,144,4,0,0,261,262
1,1,152,157,132,0,0,263,264
1,1,157,163,132,0,0,265,266
1,1,149,147,132,88,2,267,268
1,1,157,151,6,0,0,269,270
1,1,167,159,6,0,0,271,272
1,1,162,167,4,0,0,273,274
1,1,168,162,1,0,0,275,65535
1,1,169,170,4,0,0,276,277
1,1,170,171,4,0,0,278,279
1,1,171,168,4,0,0,280,281
1,1,128,172,1,0,0,282,65535
1,1,172,173,1,0,0,283,65535
1,1,174,129,1,0,0,284,65535
1,1,175,174,1,0,0,285,65535
1,1,176,177,1,0,0,286,65535
1,1,177,178,1,0,0,287,65535
1,1,179,180,1,0,0,288,65535
1,1,181,179,1,0,0,289,65535
1,1,182,181,1,0,0,290,65535
1,1,183,182,1,0,0,291,65535
1,1,178,184,1,0,0,292,65535
1,1,184,185,1,0,0,293,65535
1,1,186,187,1,0,0,294,65535
1,1,173,175,12,0,0,295,296
1,1,180,176,12,0,0,297,298
1,1,179,177,12,0,0,299,300
1,1,181,178,12,0,0,301,302
1,1,182,184,12,0,0,303,304
1,1,183,185,12,0,0,305,306
1,1,186,188,12,0,0,307,308
1,1,189,190,12,0,0,309,310
1,1,191,192,12,0,0,311,312
1,1,193,194,12,0,0,313,314
1,1,195,196,12,0,0,315,316
1,1,197,198,12,0,0,317,318
1,1,199,200,12,0,0,319,320
1,1,201,202,12,0,0,321,322
1,1,203,204,14,0,0,323,324
1,1,203,201,1,0,0,325,65535
1,1,202,204,1,0,0,326,65535
1,1,201,199,1,0,0,327,65535
1,1,199,197,1,0,0,328,65535
1,1,197,195,1,0,0,329,65535
1,1,195,193,1,0,0,330,65535
1,1,193,191,1,0,0,331,65535
1,1,192,194,1,0,0,332,65535
1,1,194,196,1,0,0,333,65535
1,1,196,198,1,0,0,334,65535
1,1,198,200,1,0,0,335,65535
1,1,200,202,1,0,0,336,65535
1,1,191,205,1,0,0,337,65535
1,1,206,192,1,0,0,338,65535
1,1,207,206,17,0,0,339,65535
1,1,205,166,17,0,0,340,65535
1,1,207,166,36,1,0,341,342
1,1,205,206,4,1,0,343,344
1,1,208,207,1,0,0,345,65535
1,1,126,209,156,0,0,346,347
1,1,209,210,28,0,0,348,349
1,1,210,42,156,0,0,350,351
1,1,210,129,28,0,0,352,353
1,1,128,209,28,0,0,354,355
1,1,204,211,1,0,0,356,65535
1,1,211,190,1,0,0,357,65535
1,1,189,212,1,0,0,358,65535
1,1,212,203,1,0,0,359,65535
1,1,185,213,1,0,0,360,65535
1,1,213,188,1,0,0,361,65535
1,1,187,214,1,0,0,362,65535
1,1,214,183,1,0,0,363,65535
1,1,149,161,6,0,0,364,365
1,1,146,215,1,0,0,366,65535
1,1,215,140,1,0,0,367,65535
1,1,144,216,1,0,0,368,65535
1,1,216,147,1,0,0,369,65535
1,1,217,169,1,0,0,370,65535
1,1,169,218,1,0,0,371,65535
1,1,218,168,12,0,0,372,373
1,1,219,220,1,0,0,374,65535
1,1,220,221,1,0,0,375,65535
1,1,221,222,1,0,0,376,65535
1,1,222,223,1,0,0,377,65535
1,1,152,223,29,0,0,378,379
1,1,222,153,29,0,0,380,381
1,1,223,149,1,0,0,382,65535
1,1,224,225,1,0,0,383,65535
1,1,226,227,1,0,0,384,65535
1,1,227,228,1,0,0,385,65535
1,1,229,230,1,0,0,386,65535
1,1,231,232,1,0,0,387,65535
1,1,233,224,1,0,0,388,65535
1,1,234,235,1,0,0,389,65535
1,1,235,236,1,0,0,390,65535
1,1,236,237,1,0,0,391,65535
1,1,238,239,1,0,0,392,65535
1,1,239,240,1,0,0,393,65535
1,1,240,241,1,0,0,394,65535
1,1,228,242,1,0,0,395,65535
1,1,242,229,1,0,0,396,65535
1,1,237,243,1,0,0,397,65535
1,1,243,234,1,0,0,398,65535
1,1,232,244,1,0,0,399,65535
1,1,244,233,1,0,0,400,65535
1,1,241,245,1,0,0,401,65535
1,1,245,238,1,0,0,402,65535
1,1,245,246,5,0,0,403,404
1,1,246,247,5,0,0,405,406
1,1,247,242,5,0,0,407,408
1,1,248,243,5,0,0,409,410
1,1,244,249,5,0,0,411,412
1,1,249,248,5,0,0,413,414
1,1,250,251,1,0,0,415,65535
1,1,252,253,1,0,0,416,65535
1,1,251,254,1,0,0,417,65535
1,1,255,252,1,0,0,418,65535
1,1,229,232,12,36,1,419,420
1,1,234,241,12,0,0,421,422
1,1,165,208,12,0,0,423,424
1,1,253,226,1,0,0,425,65535
1,1,225,250,1,0,0,426,65535
1,1,238,228,12,0,0,427,428
1,1,233,237,12,0,0,429,430
1,1,252,251,12,0,0,431,432
1,1,254,256,1,0,0,433,65535
1,1,257,255,1,0,0,434,65535
1,1,258,257,1,0,0,435,65535
1,1,256,259,1,0,0,436,65535
1,1,259,260,17,0,0,437,65535
1,1,260,261,1,0,0,438,65535
1,1,262,263,1,0,0,439,65535
1,1,263,258,17,0,0,440,65535
1,1,263,260,4,1,0,441,442
1,1,259,258,4,1,0,443,444
1,1,261,264,17,0,0,445,65535
1,1,265,262,17,0,0,446,65535
1,1,264,266,17,0,0,447,65535
1,1,267,268,17,0,0,448,65535
1,1,268,269,17,11,0,449,65535
1,1,269,265,17,0,0,450,65535
1,1,266,267,17,0,0,451,65535
1,1,262,261,12,0,0,452,453
1,1,270,208,1,0,0,454,65535
1,1,165,271,1,0,0,455,65535
1,1,230,272,1,0,0,456,65535
1,1,272,270,17,0,0,457,65535
1,1,271,273,17,0,0,458,65535
1,1,273,231,1,0,0,459,65535
1,1,271,270,4,1,0,460,461
1,1,272,273,4,1,0,462,463
1,1,274,275,4,0,0,464,465
1,1,276,277,4,0,0,466,467
1,1,277,274,4,0,0,468,469
1,1,275,276,4,0,0,470,471
1,1,256,257,12,0,0,472,473
1,1,278,279,4,0,0,474,475
1,1,280,281,4,0,0,476,477
1,1,281,278,4,0,0,478,479
1,1,279,280,4,0,0,480,481
1,1,150,145,1,0,0,482,65535
1,1,282,283,28,48,0,483,484
1,1,283,284,28,48,0,485,486
1,1,284,285,28,48,0,487,488
1,1,285,286,28,48,0,489,490
1,1,286,287,28,48,0,491,492
1,1,287,288,28,48,0,493,494
1,1,288,289,28,48,0,495,496
1,1,289,282,28,48,0,497,498
1,1,290,291,1,0,0,499,65535
1,1,291,292,1,0,0,500,65535
1,1,293,294,1,0,0,501,65535
1,1,295,296,1,0,0,502,65535
1,1,296,297,1,0,0,503,65535
1,1,298,299,1,0,0,504,65535
1,1,300,301,1,0,0,505,65535
1,1,301,302,1,0,0,506,65535
1,1,302,303,1,0,0,507,65535
1,1,303,295,1,0,0,508,65535
1,1,292,300,1,0,0,509,65535
1,1,290,304,12,0,0,510,511
1,1,304,305,12,0,0,512,513
1,1,305,297,12,0,0,514,515
1,1,306,307,1,0,0,516,65535
1,1,307,308,1,0,0,517,65535
1,1,308,293,1,0,0,518,65535
1,1,298,309,12,0,0,519,520
1,1,310,311,1,0,0,521,65535
1,1,141,312,1,0,0,522,65535
1,1,313,142,1,0,0,523,65535
1,1,312,310,1,0,0,524,65535
1,1,124,125,12,0,0,525,526
1,1,313,310,12,0,0,527,528
1,1,314,315,28,0,0,529,530
1,1,315,316,28,0,0,531,532
1,1,316,317,28,0,0,533,534
1,1,317,314,28,0,0,535,536
1,1,294,318,1,0,0,537,65535
1,1,318,124,1,0,0,538,65535
1,1,125,319,1,0,0,539,65535
1,1,319,290,1,0,0,540,65535
1,1,297,320,1,0,0,541,65535
1,1,320,313,1,0,0,542,65535
1,1,311,321,1,0,0,543,65535
1,1,321,298,1,0,0,544,65535
1,1,322,323,1,0,0,545,65535
1,1,323,324,1,0,0,546,65535
1,1,324,325,1,0,0,547,65535
1,1,325,326,1,0,0,548,65535
1,1,326,327,1,0,0,549,65535
1,1,327,328,1,0,0,550,65535
1,1,328,329,1,0,0,551,65535
1,1,329,330,1,0,0,552,65535
1,1,330,331,1,0,0,553,65535
1,1,331,332,1,0,0,554,65535
1,1,332,333,1,0,0,555,65535
1,1,333,334,1,0,0,556,65535
1,1,334,335,1,0,0,557,65535
1,1,335,322,1,0,0,558,65535
1,1,327,334,12,0,0,559,560
1,1,328,333,12,0,0,561,562
1,1,329,332,12,0,0,563,564
1,1,336,337,28,0,0,565,566
1,1,337,338,28,0,0,567,568
1,1,338,339,28,0,0,569,570
1,1,339,336,28,0,0,571,572
1,1,340,341,28,0,0,573,574
1,1,341,342,28,0,0,575,576
1,1,342,343,28,0,0,577,578
1,1,343,340,28,0,0,579,580
1,1,344,345,28,0,0,581,582
1,1,345,346,28,0,0,583,584
1,1,346,347,28,0,0,585,586
1,1,347,344,28,0,0,587,588
1,1,141,143,4,0,0,589,590
1,1,348,349,1,0,0,591,65535
1,1,350,351,1,0,0,592,65535
1,1,352,353,1,0,0,593,65535
1,1,349,352,12,0,0,594,595
1,1,218,354,1,0,0,596,65535
1,1,354,355,1,0,0,597,65535
1,1,353,356,1,0,0,598,65535
1,1,356,168,1,0,0,599,65535
1,1,349,357,1,0,0,600,65535
1,1,357,350,1,0,0,601,65535
1,1,351,358,1,0,0,602,65535
1,1,358,352,1,0,0,603,65535
1,1,190,359,1,0,0,604,65535
1,1,359,360,1,0,0,605,65535
1,1,360,186,1,0,0,606,65535
1,1,188,361,1,0,0,607,65535
1,1,361,362,1,0,0,608,65535
1,1,362,189,1,0,0,609,65535
1,1,173,363,1,0,0,610,65535
1,1,363,176,1,0,0,611,65535
1,1,180,364,1,0,0,612,65535
1,1,364,175,1,0,0,613,65535
1,1,355,365,1,0,0,614,65535
1,1,366,367,1,0,0,615,65535
1,1,368,366,1,0,0,616,65535
1,1,369,370,1,0,0,617,65535
1,1,370,371,1,0,0,618,65535
1,1,371,372,1,0,0,619,65535
1,1,372,373,1,0,0,620,65535
1,1,374,368,1,0,0,621,65535
1,1,375,374,1,0,0,622,65535
1,1,376,375,1,0,0,623,65535
1,1,373,377,1,0,0,624,65535
1,1,378,376,1,0,0,625,65535
1,1,377,379,1,0,0,626,65535
1,1,380,378,1,0,0,627,65535
1,1,154,217,30,0,0,628,629
1,1,365,348,14,0,0,630,631
1,1,369,367,30,0,0,632,633
1,1,154,381,1,0,0,634,65535
1,1,381,380,1,0,0,635,65535
1,1,379,382,1,0,0,636,65535
1,1,382,217,1,0,0,637,65535
1,1,365,383,1,0,0,638,65535
1,1,383,369,1,0,0,639,65535
1,1,367,384,1,0,0,640,65535
1,1,384,348,1,0,0,641,65535
1,1,27,385,1,0,0,642,65535
1,1,386,8,1,0,0,643,65535
1,1,385,386,4,38,5,644,645
1,1,385,387,17,0,0,646,65535
1,1,388,386,17,0,0,647,65535
1,1,42,388,1,0,0,648,65535
1,1,387,33,1,0,0,649,65535
1,1,388,387,4,109,4,650,651
1,1,299,306,4,0,0,652,653
1,1,40,389,1,0,0,654,65535
1,1,389,130,4,0,0,655,656
1,1,131,390,4,0,0,657,658
1,1,390,219,1,0,0,659,65535
1,1,299,390,17,0,0,660,65535
1,1,389,306,17,0,0,661,65535
1,1,306,309,12,0,0,662,663
1,1,309,294,12,0,0,664,665
