episode,mission,vertex_1,vertex_2,flags,action_special,sector_tag,front_side,back_side
1,2,0,1,1,0,0,0,65535
1,2,2,0,1,0,0,1,65535
1,2,3,4,1,0,0,2,65535
1,2,5,6,1,0,0,3,65535
1,2,6,7,1,0,0,4,65535
1,2,8,9,1,0,0,5,65535
1,2,10,11,1,0,0,6,65535
1,2,12,13,1,0,0,7,65535
1,2,14,15,1,0,0,8,65535
1,2,16,17,6,0,0,9,10
1,2,18,10,1,0,0,11,65535
1,2,19,20,1,0,0,12,65535
1,2,21,22,1,0,0,13,65535
1,2,22,23,1,0,0,14,65535
1,2,24,25,1,0,0,15,65535
1,2,26,27,1,0,0,16,65535
1,2,28,29,1,0,0,17,65535
1,2,30,28,1,0,0,18,65535
1,2,31,32,1,0,0,19,65535
1,2,33,34,1,0,0,20,65535
1,2,35,36,1,0,0,21,65535
1,2,37,38,1,0,0,22,65535
1,2,39,40,1,0,0,23,65535
1,2,40,41,1,0,0,24,65535
1,2,41,42,1,0,0,25,65535
1,2,42,43,1,0,0,26,65535
1,2,43,44,1,0,0,27,65535
1,2,44,45,1,0,0,28,65535
1,2,45,46,1,0,0,29,65535
1,2,46,47,1,0,0,30,65535
1,2,48,49,1,0,0,31,65535
1,2,50,51,1,0,0,32,65535
1,2,52,53,1,0,0,33,65535
1,2,54,52,1,0,0,34,65535
1,2,55,56,1,0,0,35,65535
1,2,57,55,1,0,0,36,65535
1,2,58,57,1,0,0,37,65535
1,2,59,60,1,0,0,38,65535
1,2,56,59,1,0,0,39,65535
1,2,61,54,1,0,0,40,65535
1,2,60,61,1,0,0,41,65535
1,2,62,63,1,0,0,42,65535
1,2,63,64,1,0,0,43,65535
1,2,64,65,1,0,0,44,65535
1,2,66,67,1,0,0,45,65535
1,2,67,68,1,0,0,46,65535
1,2,68,69,1,0,0,47,65535
1,2,69,70,1,0,0,48,65535
1,2,70,71,1,0,0,49,65535
1,2,71,72,1,0,0,50,65535
1,2,72,73,1,0,0,51,65535
1,2,65,74,1,0,0,52,65535
1,2,74,50,1,0,0,53,65535
1,2,75,76,1,0,0,54,65535
1,2,76,77,1,0,0,55,65535
1,2,77,78,1,0,0,56,65535
1,2,78,79,1,0,0,57,65535
1,2,79,80,1,0,0,58,65535
1,2,80,81,1,0,0,59,65535
1,2,81,82,1,0,0,60,65535
1,2,82,83,1,0,0,61,65535
1,2,84,85,1,0,0,62,65535
1,2,85,86,1,0,0,63,65535
1,2,86,87,1,0,0,64,65535
1,2,87,88,1,0,0,65,65535
1,2,88,89,1,0,0,66,65535
1,2,23,90,1,0,0,67,65535
1,2,90,91,1,0,0,68,65535
1,2,91,92,1,0,0,69,65535
1,2,92,93,1,0,0,70,65535
1,2,93,94,1,0,0,71,65535
1,2,94,95,1,0,0,72,65535
1,2,95,96,1,0,0,73,65535
1,2,96,97,1,0,0,74,65535
1,2,98,99,1,0,0,75,65535
1,2,100,101,1,0,0,76,65535
1,2,101,102,1,0,0,77,65535
1,2,102,103,1,0,0,78,65535
1,2,104,98,1,0,0,79,65535
1,2,105,106,1,0,0,80,65535
1,2,107,105,1,0,0,81,65535
1,2,108,107,1,0,0,82,65535
1,2,109,108,1,0,0,83,65535
1,2,110,109,1,0,0,84,65535
1,2,103,111,1,0,0,85,65535
1,2,111,112,1,0,0,86,65535
1,2,112,113,1,0,0,87,65535
1,2,114,115,1,0,0,88,65535
1,2,115,116,1,0,0,89,65535
1,2,116,117,1,0,0,90,65535
1,2,117,75,1,0,0,91,65535
1,2,97,118,1,0,0,92,65535
1,2,118,119,1,0,0,93,65535
1,2,119,120,1,0,0,94,65535
1,2,121,122,1,0,0,95,65535
1,2,123,110,1,0,0,96,65535
1,2,49,62,1,0,0,97,65535
1,2,124,21,12,0,0,98,99
1,2,125,126,1,0,0,100,65535
1,2,127,128,6,0,0,101,102
1,2,128,129,1,0,0,103,65535
1,2,129,130,1,0,0,104,65535
1,2,130,14,1,0,0,105,65535
1,2,131,132,1,0,0,106,65535
1,2,132,133,1,0,0,107,65535
1,2,133,134,1,0,0,108,65535
1,2,134,135,6,0,0,109,110
1,2,136,137,17,0,0,111,65535
1,2,138,139,9,0,0,112,65535
1,2,140,84,17,0,0,113,65535
1,2,141,142,1,0,0,114,65535
1,2,143,140,1,0,0,115,65535
1,2,144,131,4,0,0,116,117
1,2,145,144,4,0,0,118,119
1,2,14,145,4,0,0,120,121
1,2,146,132,4,0,0,122,123
1,2,147,146,4,0,0,124,125
1,2,130,147,4,0,0,126,127
1,2,148,133,4,0,0,128,129
1,2,149,148,4,0,0,130,131
1,2,129,149,4,0,0,132,133
1,2,82,55,76,0,0,134,135
1,2,150,151,9,0,0,136,65535
1,2,152,153,17,0,0,137,65535
1,2,154,155,1,0,0,138,65535
1,2,155,156,17,0,0,139,65535
1,2,156,157,1,0,0,140,65535
1,2,158,159,1,0,0,141,65535
1,2,159,160,17,0,0,142,65535
1,2,157,161,1,0,0,143,65535
1,2,160,162,1,0,0,144,65535
1,2,155,160,4,0,0,145,146
1,2,159,156,4,0,0,147,148
1,2,163,164,17,0,0,149,65535
1,2,152,164,4,0,0,150,151
1,2,165,128,3,0,0,152,65535
1,2,166,167,3,0,0,153,65535
1,2,168,131,1,0,0,154,65535
1,2,169,170,3,0,0,155,65535
1,2,167,171,3,0,0,156,65535
1,2,11,12,14,0,0,157,158
1,2,165,9,6,0,0,159,160
1,2,171,169,12,0,0,161,162
1,2,172,173,4,0,0,163,164
1,2,174,175,12,0,0,165,166
1,2,175,173,1,0,0,167,65535
1,2,173,169,1,0,0,168,65535
1,2,171,172,1,0,0,169,65535
1,2,172,174,1,0,0,170,65535
1,2,9,18,4,0,0,171,172
1,2,15,168,12,0,0,173,174
1,2,176,177,4,0,0,175,176
1,2,177,175,1,0,0,177,65535
1,2,174,176,1,0,0,178,65535
1,2,178,166,3,0,0,179,65535
1,2,4,141,19,0,0,180,65535
1,2,179,141,6,0,0,181,182
1,2,4,178,14,0,0,183,184
1,2,179,178,19,0,0,185,65535
1,2,180,181,1,0,0,186,65535
1,2,176,182,1,0,0,187,65535
1,2,124,24,1,0,0,188,65535
1,2,20,21,1,0,0,189,65535
1,2,39,124,4,0,0,190,191
1,2,38,183,1,0,0,192,65535
1,2,183,39,1,0,0,193,65535
1,2,37,27,4,0,0,194,195
1,2,26,99,4,0,0,196,197
1,2,23,98,4,0,0,198,199
1,2,29,124,1,0,0,200,65535
1,2,27,35,1,0,0,201,65535
1,2,184,185,1,0,0,202,65535
1,2,186,187,1,0,0,203,65535
1,2,188,189,4,0,0,204,205
1,2,189,190,1,0,0,206,65535
1,2,191,192,1,0,0,207,65535
1,2,192,193,4,0,0,208,209
1,2,187,194,28,0,0,210,211
1,2,195,196,4,62,11,212,213
1,2,197,198,9,0,0,214,65535
1,2,199,200,1,0,0,215,65535
1,2,201,202,1,0,0,216,65535
1,2,203,204,1,0,0,217,65535
1,2,200,189,1,0,0,218,65535
1,2,205,203,1,0,0,219,65535
1,2,204,206,1,0,0,220,65535
1,2,192,201,1,0,0,221,65535
1,2,202,193,1,0,0,222,65535
1,2,207,208,12,0,0,223,224
1,2,209,210,9,0,0,225,65535
1,2,210,211,9,0,0,226,65535
1,2,212,213,9,0,0,227,65535
1,2,214,215,9,0,0,228,65535
1,2,216,214,17,0,0,229,65535
1,2,217,218,17,0,0,230,65535
1,2,218,216,17,0,0,231,65535
1,2,25,19,4,0,0,232,233
1,2,25,219,1,0,0,234,65535
1,2,220,19,1,0,0,235,65535
1,2,24,20,4,0,0,236,237
1,2,219,220,6,0,0,238,239
1,2,151,221,4,0,0,240,241
1,2,222,223,4,0,0,242,243
1,2,224,225,4,0,0,244,245
1,2,224,138,4,0,0,246,247
1,2,209,226,4,0,0,248,249
1,2,210,227,4,0,0,250,251
1,2,210,228,4,0,0,252,253
1,2,211,229,4,0,0,254,255
1,2,230,231,4,0,0,256,257
1,2,232,233,4,0,0,258,259
1,2,234,235,12,0,0,260,261
1,2,236,235,4,0,0,262,263
1,2,237,238,4,0,0,264,265
1,2,239,240,4,0,0,266,267
1,2,241,215,4,0,0,268,269
1,2,139,225,9,0,0,270,65535
1,2,225,223,9,0,0,271,65535
1,2,223,221,9,0,0,272,65535
1,2,151,222,9,0,0,273,65535
1,2,222,224,9,0,0,274,65535
1,2,224,209,9,0,0,275,65535
1,2,226,138,9,0,0,276,65535
1,2,228,242,9,0,0,277,65535
1,2,233,231,9,0,0,278,65535
1,2,231,229,9,0,0,279,65535
1,2,229,228,9,0,0,280,65535
1,2,211,230,9,0,0,281,65535
1,2,230,232,9,0,0,282,65535
1,2,234,243,9,0,0,283,65535
1,2,243,236,9,0,0,284,65535
1,2,215,240,9,0,0,285,65535
1,2,240,238,9,0,0,286,65535
1,2,238,235,9,0,0,287,65535
1,2,236,237,9,0,0,288,65535
1,2,237,239,9,0,0,289,65535
1,2,239,241,9,0,0,290,65535
1,2,241,212,9,0,0,291,65535
1,2,244,245,13,0,0,292,293
1,2,246,244,13,0,0,294,295
1,2,247,246,13,0,0,296,297
1,2,248,249,1,0,0,298,65535
1,2,250,248,1,0,0,299,65535
1,2,251,252,1,0,0,300,65535
1,2,252,253,1,0,0,301,65535
1,2,253,254,1,0,0,302,65535
1,2,254,255,1,0,0,303,65535
1,2,256,257,1,0,0,304,65535
1,2,251,245,4,0,0,305,306
1,2,252,244,4,0,0,307,308
1,2,253,246,4,0,0,309,310
1,2,254,247,4,0,0,311,312
1,2,255,249,4,0,0,313,314
1,2,256,248,4,0,0,315,316
1,2,257,250,4,0,0,317,318
1,2,258,259,13,0,0,319,320
1,2,259,260,13,0,0,321,322
1,2,260,261,13,0,0,323,324
1,2,262,263,9,0,0,325,65535
1,2,263,264,9,0,0,326,65535
1,2,265,266,1,0,0,327,65535
1,2,267,268,1,0,0,328,65535
1,2,268,269,1,0,0,329,65535
1,2,269,270,1,0,0,330,65535
1,2,270,271,1,0,0,331,65535
1,2,264,265,4,0,0,332,333
1,2,263,266,4,0,0,334,335
1,2,262,267,4,0,0,336,337
1,2,261,268,4,0,0,338,339
1,2,260,269,4,0,0,340,341
1,2,259,270,4,0,0,342,343
1,2,258,271,4,0,0,344,345
1,2,272,273,1,0,0,346,65535
1,2,274,275,1,0,0,347,65535
1,2,273,276,17,0,0,348,65535
1,2,277,274,17,0,0,349,65535
1,2,275,278,17,0,0,350,65535
1,2,279,272,17,0,0,351,65535
1,2,279,276,29,0,0,352,353
1,2,277,278,29,0,0,354,355
1,2,280,281,29,0,0,356,357
1,2,282,283,1,0,0,358,65535
1,2,284,285,17,0,0,359,65535
1,2,285,281,1,0,0,360,65535
1,2,280,286,1,0,0,361,65535
1,2,286,282,17,0,0,362,65535
1,2,251,287,12,0,0,363,364
1,2,283,284,1,0,0,365,65535
1,2,288,289,12,88,4,366,367
1,2,290,291,12,88,4,368,369
1,2,292,290,1,0,0,370,65535
1,2,293,294,4,1,0,371,372
1,2,295,294,17,0,0,373,65535
1,2,293,296,17,0,0,374,65535
1,2,7,297,1,0,0,375,65535
1,2,298,299,1,0,0,376,65535
1,2,113,121,1,0,0,377,65535
1,2,299,114,1,0,0,378,65535
1,2,300,205,1,0,0,379,65535
1,2,190,300,4,0,0,380,381
1,2,301,302,1,0,0,382,65535
1,2,303,304,1,0,0,383,65535
1,2,305,303,1,0,0,384,65535
1,2,302,306,1,0,0,385,65535
1,2,206,307,1,0,0,386,65535
1,2,307,191,4,0,0,387,388
1,2,308,305,1,0,0,389,65535
1,2,309,310,1,0,0,390,65535
1,2,306,311,1,0,0,391,65535
1,2,312,313,4,88,1,392,393
1,2,313,314,1,0,0,394,65535
1,2,314,315,1,0,0,395,65535
1,2,316,8,1,0,0,396,65535
1,2,312,315,12,62,1,397,398
1,2,297,317,1,0,0,399,65535
1,2,317,316,4,88,1,400,401
1,2,312,318,1,0,0,402,65535
1,2,318,319,1,0,0,403,65535
1,2,319,313,1,0,0,404,65535
1,2,1,320,1,0,0,405,65535
1,2,320,321,17,0,0,406,65535
1,2,321,322,1,0,0,407,65535
1,2,322,323,17,0,0,408,65535
1,2,323,5,1,0,0,409,65535
1,2,320,323,4,0,0,410,411
1,2,295,296,4,1,0,412,413
1,2,324,325,4,1,0,414,415
1,2,326,325,17,0,0,416,65535
1,2,324,327,17,0,0,417,65535
1,2,326,327,4,1,0,418,419
1,2,264,328,1,0,0,420,65535
1,2,329,330,1,0,0,421,65535
1,2,330,331,1,0,0,422,65535
1,2,135,332,6,0,0,423,424
1,2,332,16,6,0,0,425,426
1,2,17,333,6,0,0,427,428
1,2,333,127,6,0,0,429,430
1,2,334,316,1,0,0,431,65535
1,2,315,334,1,0,0,432,65535
1,2,317,335,1,0,0,433,65535
1,2,335,312,1,0,0,434,65535
1,2,13,3,12,0,0,435,436
1,2,142,336,1,0,0,437,65535
1,2,337,2,1,0,0,438,65535
1,2,296,337,1,0,0,439,65535
1,2,336,295,1,0,0,440,65535
1,2,338,3,1,0,0,441,65535
1,2,13,339,1,0,0,442,65535
1,2,339,326,17,0,0,443,65535
1,2,327,338,17,0,0,444,65535
1,2,182,340,1,0,0,445,65535
1,2,181,341,1,0,0,446,65535
1,2,341,177,1,0,0,447,65535
1,2,15,342,1,0,0,448,65535
1,2,342,292,1,0,0,449,65535
1,2,340,343,1,0,0,450,65535
1,2,343,168,1,0,0,451,65535
1,2,170,165,3,0,0,452,65535
1,2,344,345,1,0,0,453,65535
1,2,345,291,4,0,0,454,455
1,2,346,347,4,62,4,456,457
1,2,348,349,1,0,0,458,65535
1,2,349,350,1,0,0,459,65535
1,2,350,289,1,0,0,460,65535
1,2,345,351,1,0,0,461,65535
1,2,352,291,1,0,0,462,65535
1,2,347,352,1,0,0,463,65535
1,2,351,346,1,0,0,464,65535
1,2,353,344,1,0,0,465,65535
1,2,290,353,1,0,0,466,65535
1,2,291,354,1,0,0,467,65535
1,2,354,180,1,0,0,468,65535
1,2,288,348,1,0,0,469,65535
1,2,346,355,1,0,0,470,65535
1,2,355,288,1,0,0,471,65535
1,2,356,347,1,0,0,472,65535
1,2,289,356,1,0,0,473,65535
1,2,134,357,3,0,0,474,65535
1,2,357,179,38,1,0,475,476
1,2,357,358,19,0,0,477,65535
1,2,359,179,19,0,0,478,65535
1,2,360,361,19,0,0,479,65535
1,2,361,362,19,0,0,480,65535
1,2,363,364,19,0,0,481,65535
1,2,364,365,19,0,0,482,65535
1,2,365,366,19,0,0,483,65535
1,2,359,358,6,1,0,484,485
1,2,367,368,6,0,0,486,487
1,2,362,369,11,0,0,488,65535
1,2,369,370,19,103,5,489,65535
1,2,370,363,11,0,0,490,65535
1,2,369,371,6,0,0,491,492
1,2,371,372,6,0,0,493,494
1,2,372,373,6,0,0,495,496
1,2,373,374,6,0,0,497,498
1,2,374,370,6,0,0,499,500
1,2,375,360,19,0,0,501,65535
1,2,366,376,19,0,0,502,65535
1,2,376,359,19,0,0,503,65535
1,2,358,375,19,0,0,504,65535
1,2,376,375,14,0,0,505,506
1,2,362,377,6,0,0,507,508
1,2,377,367,6,0,0,509,510
1,2,368,378,6,0,0,511,512
1,2,378,363,6,0,0,513,514
1,2,374,378,6,0,0,515,516
1,2,377,371,6,0,0,517,518
1,2,379,152,1,0,0,519,65535
1,2,164,380,1,0,0,520,65535
1,2,380,12,1,0,0,521,65535
1,2,11,379,1,0,0,522,65535
1,2,381,382,3,0,0,523,65535
1,2,382,383,3,0,0,524,65535
1,2,383,384,3,0,0,525,65535
1,2,384,385,3,0,0,526,65535
1,2,385,386,3,0,0,527,65535
1,2,386,387,3,0,0,528,65535
1,2,387,388,3,0,0,529,65535
1,2,388,381,3,0,0,530,65535
1,2,389,390,3,0,0,531,65535
1,2,390,391,3,0,0,532,65535
1,2,391,392,3,0,0,533,65535
1,2,392,393,3,0,0,534,65535
1,2,393,394,3,0,0,535,65535
1,2,394,395,3,0,0,536,65535
1,2,395,396,3,0,0,537,65535
1,2,396,389,3,0,0,538,65535
1,2,397,398,4,0,0,539,540
1,2,399,398,1,0,0,541,65535
1,2,287,399,1,0,0,542,65535
1,2,397,400,1,0,0,543,65535
1,2,400,251,1,0,0,544,65535
1,2,401,402,1,0,0,545,65535
1,2,403,404,1,0,0,546,65535
1,2,245,405,13,0,0,547,548
1,2,405,406,1,0,0,549,65535
1,2,402,405,1,0,0,550,65535
1,2,407,401,1,0,0,551,65535
1,2,406,408,1,0,0,552,65535
1,2,408,287,13,0,0,553,554
1,2,409,407,29,0,0,555,556
1,2,408,407,1,0,0,557,65535
1,2,409,287,1,0,0,558,65535
1,2,410,411,1,0,0,559,65535
1,2,247,403,1,0,0,560,65535
1,2,402,403,29,0,0,561,562
1,2,257,412,1,0,0,563,65535
1,2,412,277,1,0,0,564,65535
1,2,276,413,1,0,0,565,65535
1,2,413,265,1,0,0,566,65535
1,2,414,250,1,0,0,567,65535
1,2,415,414,1,0,0,568,65535
1,2,328,416,1,0,0,569,65535
1,2,416,417,29,0,0,570,571
1,2,417,418,1,0,0,572,65535
1,2,418,419,29,0,0,573,574
1,2,419,420,1,0,0,575,65535
1,2,420,415,29,0,0,576,577
1,2,421,422,29,0,0,578,579
1,2,423,424,29,0,0,580,581
1,2,425,426,29,0,0,582,583
1,2,416,426,1,0,0,584,65535
1,2,421,415,1,0,0,585,65535
1,2,420,422,1,0,0,586,65535
1,2,423,419,1,0,0,587,65535
1,2,418,424,1,0,0,588,65535
1,2,425,417,1,0,0,589,65535
1,2,404,421,1,0,0,590,65535
1,2,426,427,1,0,0,591,65535
1,2,422,428,1,0,0,592,65535
1,2,428,423,1,0,0,593,65535
1,2,424,429,1,0,0,594,65535
1,2,429,425,1,0,0,595,65535
1,2,281,430,1,0,0,596,65535
1,2,430,279,1,0,0,597,65535
1,2,278,431,1,0,0,598,65535
1,2,431,280,1,0,0,599,65535
1,2,427,432,1,0,0,600,65535
1,2,432,261,1,0,0,601,65535
1,2,432,433,29,0,0,602,603
1,2,434,435,9,0,0,604,65535
1,2,435,258,13,0,0,605,606
1,2,435,433,1,0,0,607,65535
1,2,433,436,1,0,0,608,65535
1,2,437,438,28,0,0,609,610
1,2,439,440,1,0,0,611,65535
1,2,440,438,1,0,0,612,65535
1,2,440,441,28,0,0,613,614
1,2,437,441,1,0,0,615,65535
1,2,438,442,1,0,0,616,65535
1,2,442,443,1,0,0,617,65535
1,2,443,329,1,0,0,618,65535
1,2,444,434,36,0,0,619,620
1,2,444,445,1,0,0,621,65535
1,2,445,437,1,0,0,622,65535
1,2,441,444,9,0,0,623,65535
1,2,439,271,12,0,0,624,625
1,2,446,445,52,31,0,626,627
1,2,436,446,1,0,0,628,65535
1,2,446,434,1,0,0,629,65535
1,2,447,445,20,0,0,630,631
1,2,446,448,20,0,0,632,633
1,2,448,449,20,0,0,634,635
1,2,450,447,20,0,0,636,637
1,2,449,450,4,0,0,638,639
1,2,448,447,4,0,0,640,641
1,2,443,451,4,0,0,642,643
1,2,451,452,4,0,0,644,645
1,2,452,453,4,0,0,646,647
1,2,454,455,3,0,0,648,65535
1,2,455,456,3,0,0,649,65535
1,2,456,457,3,0,0,650,65535
1,2,457,458,3,0,0,651,65535
1,2,458,459,3,0,0,652,65535
1,2,459,460,3,0,0,653,65535
1,2,460,461,3,0,0,654,65535
1,2,461,454,3,0,0,655,65535
1,2,331,462,1,0,0,656,65535
1,2,462,463,1,0,0,657,65535
1,2,464,465,17,0,0,658,65535
1,2,466,467,1,0,0,659,65535
1,2,161,468,1,0,0,660,65535
1,2,469,470,17,0,0,661,65535
1,2,219,471,1,0,0,662,65535
1,2,471,33,17,0,0,663,65535
1,2,467,472,17,0,0,664,65535
1,2,472,220,1,0,0,665,65535
1,2,464,470,4,28,0,666,667
1,2,469,465,4,28,0,668,669
1,2,467,33,38,0,0,670,671
1,2,471,472,4,31,0,672,673
1,2,473,474,1,0,0,674,65535
1,2,474,475,1,0,0,675,65535
1,2,476,473,1,0,0,676,65535
1,2,153,476,1,0,0,677,65535
1,2,475,163,1,0,0,678,65535
1,2,468,469,1,0,0,679,65535
1,2,465,466,1,0,0,680,65535
1,2,122,477,1,0,0,681,65535
1,2,477,478,1,0,0,682,65535
1,2,478,479,1,0,0,683,65535
1,2,479,123,1,0,0,684,65535
1,2,89,480,1,0,0,685,65535
1,2,480,37,1,0,0,686,65535
1,2,481,482,1,0,0,687,65535
1,2,482,483,1,0,0,688,65535
1,2,483,48,1,0,0,689,65535
1,2,482,37,12,0,0,690,691
1,2,480,483,12,0,0,692,693
1,2,73,484,1,0,0,694,65535
1,2,484,26,1,0,0,695,65535
1,2,99,485,1,0,0,696,65535
1,2,485,100,1,0,0,697,65535
1,2,485,484,12,0,0,698,699
1,2,73,100,12,0,0,700,701
1,2,51,486,1,0,0,702,65535
1,2,486,487,1,0,0,703,65535
1,2,487,481,1,0,0,704,65535
1,2,36,488,1,0,0,705,65535
1,2,488,66,1,0,0,706,65535
1,2,488,487,12,0,0,707,708
1,2,486,66,12,0,0,709,710
1,2,106,489,1,0,0,711,65535
1,2,489,490,1,0,0,712,65535
1,2,490,104,1,0,0,713,65535
1,2,91,490,12,0,0,714,715
1,2,489,92,12,0,0,716,717
1,2,491,492,1,0,0,718,65535
1,2,492,493,1,0,0,719,65535
1,2,493,494,1,0,0,720,65535
1,2,494,491,1,0,0,721,65535
1,2,83,136,1,0,0,722,65535
1,2,136,84,100,46,6,723,724
1,2,53,495,1,0,0,725,65535
1,2,495,496,37,0,0,726,727
1,2,496,58,1,0,0,728,65535
1,2,495,497,1,0,0,729,65535
1,2,497,498,1,0,0,730,65535
1,2,498,496,1,0,0,731,65535
1,2,52,86,76,0,0,732,733
1,2,137,499,17,0,0,734,65535
1,2,499,500,1,0,0,735,65535
1,2,140,499,36,1,0,736,737
1,2,501,502,1,0,0,738,65535
1,2,502,143,1,0,0,739,65535
1,2,503,30,1,0,0,740,65535
1,2,504,503,1,0,0,741,65535
1,2,505,504,1,0,0,742,65535
1,2,506,507,1,0,0,743,65535
1,2,508,505,1,0,0,744,65535
1,2,509,508,1,0,0,745,65535
1,2,507,509,1,0,0,746,65535
1,2,510,511,4,0,0,747,748
1,2,511,506,1,0,0,749,65535
1,2,47,510,1,0,0,750,65535
1,2,213,197,9,0,0,751,65535
1,2,501,512,12,0,0,752,753
1,2,500,143,4,0,0,754,755
1,2,197,214,4,0,0,756,757
1,2,513,217,17,0,0,758,65535
1,2,198,514,9,0,0,759,65535
1,2,514,515,29,0,0,760,761
1,2,515,516,9,0,0,762,65535
1,2,516,517,29,0,0,763,764
1,2,517,518,17,9,8,765,65535
1,2,518,519,9,0,0,766,65535
1,2,519,520,28,0,0,767,768
1,2,520,521,9,0,0,769,65535
1,2,522,523,29,0,0,770,771
1,2,524,525,29,0,0,772,773
1,2,526,527,29,0,0,774,775
1,2,528,526,9,0,0,776,65535
1,2,527,529,9,0,0,777,65535
1,2,529,524,9,0,0,778,65535
1,2,525,522,9,0,0,779,65535
1,2,523,530,9,0,0,780,65535
1,2,530,531,9,0,0,781,65535
1,2,531,532,9,0,0,782,65535
1,2,532,533,9,0,0,783,65535
1,2,533,534,9,0,0,784,65535
1,2,534,535,9,0,0,785,65535
1,2,535,536,9,0,0,786,65535
1,2,536,528,9,0,0,787,65535
1,2,514,523,9,0,0,788,65535
1,2,522,515,9,0,0,789,65535
1,2,516,525,9,0,0,790,65535
1,2,524,517,9,0,0,791,65535
1,2,519,527,9,0,0,792,65535
1,2,526,520,9,0,0,793,65535
1,2,531,537,140,0,0,794,795
1,2,537,535,140,0,0,796,797
1,2,538,513,17,0,0,798,65535
1,2,538,198,28,0,0,799,800
1,2,539,540,4,0,0,801,802
1,2,540,541,4,0,0,803,804
1,2,541,542,4,0,0,805,806
1,2,542,539,4,0,0,807,808
1,2,543,544,4,0,0,809,810
1,2,544,545,4,0,0,811,812
1,2,545,546,4,0,0,813,814
1,2,546,547,4,0,0,815,816
1,2,547,548,4,0,0,817,818
1,2,548,549,4,0,0,819,820
1,2,549,550,4,0,0,821,822
1,2,550,543,4,0,0,823,824
1,2,517,551,28,0,0,825,826
1,2,551,519,28,0,0,827,828
1,2,453,552,4,0,0,829,830
1,2,552,463,4,0,0,831,832
1,2,463,410,1,0,0,833,65535
1,2,553,554,1,0,0,834,65535
1,2,554,555,1,0,0,835,65535
1,2,555,556,1,0,0,836,65535
1,2,556,557,1,0,0,837,65535
1,2,557,558,1,0,0,838,65535
1,2,558,559,1,0,0,839,65535
1,2,559,560,1,0,0,840,65535
1,2,560,561,1,0,0,841,65535
1,2,561,553,28,0,0,842,843
1,2,562,563,4,0,0,844,845
1,2,563,564,4,0,0,846,847
1,2,564,565,4,0,0,848,849
1,2,565,562,4,0,0,850,851
1,2,566,567,1,0,0,852,65535
1,2,567,568,17,103,7,853,65535
1,2,568,569,1,0,0,854,65535
1,2,569,566,1,0,0,855,65535
1,2,567,570,12,0,0,856,857
1,2,570,571,12,0,0,858,859
1,2,571,568,12,0,0,860,861
1,2,572,154,1,0,0,862,65535
1,2,561,572,1,0,0,863,65535
1,2,162,573,1,0,0,864,65535
1,2,573,553,1,0,0,865,65535
1,2,208,574,1,0,0,866,65535
1,2,574,575,1,0,0,867,65535
1,2,576,577,1,0,0,868,65535
1,2,578,207,1,0,0,869,65535
1,2,574,578,4,0,0,870,871
1,2,575,579,4,0,0,872,873
1,2,576,580,12,0,0,874,875
1,2,577,581,4,0,0,876,877
1,2,582,583,12,0,0,878,879
1,2,583,581,1,0,0,880,65535
1,2,581,580,1,0,0,881,65535
1,2,580,579,1,0,0,882,65535
1,2,579,578,1,0,0,883,65535
1,2,584,585,12,0,0,884,885
1,2,584,586,1,0,0,886,65535
1,2,586,587,1,62,10,887,65535
1,2,588,589,1,0,0,888,65535
1,2,590,591,1,0,0,889,65535
1,2,592,593,1,0,0,890,65535
1,2,521,594,9,0,0,891,65535
1,2,594,595,28,0,0,892,893
1,2,595,538,9,0,0,894,65535
1,2,596,597,29,0,0,895,896
1,2,598,596,1,0,0,897,65535
1,2,597,588,1,0,0,898,65535
1,2,594,597,1,0,0,899,65535
1,2,596,595,1,0,0,900,65535
1,2,591,599,12,0,0,901,902
1,2,599,585,1,0,0,903,65535
1,2,600,601,1,0,0,904,65535
1,2,589,602,1,0,0,905,65535
1,2,598,602,4,88,10,906,907
1,2,584,590,180,88,10,908,909
1,2,575,603,1,0,0,910,65535
1,2,603,576,1,0,0,911,65535
1,2,602,604,1,0,0,912,65535
1,2,604,590,1,0,0,913,65535
1,2,591,605,1,0,0,914,65535
1,2,605,606,1,0,0,915,65535
1,2,607,196,1,0,0,916,65535
1,2,195,608,1,0,0,917,65535
1,2,608,607,4,88,11,918,919
1,2,193,609,1,0,0,920,65535
1,2,609,195,1,0,0,921,65535
1,2,196,610,1,0,0,922,65535
1,2,610,188,1,0,0,923,65535
1,2,609,610,4,88,11,924,925
1,2,34,611,1,0,0,926,65535
1,2,612,158,1,0,0,927,65535
1,2,207,612,1,0,0,928,65535
1,2,611,208,1,0,0,929,65535
1,2,601,613,28,0,0,930,931
1,2,614,607,1,0,0,932,65535
1,2,608,615,1,0,0,933,65535
1,2,616,617,36,1,0,934,935
1,2,617,614,1,0,0,936,65535
1,2,618,619,36,1,0,937,938
1,2,618,617,17,0,0,939,65535
1,2,616,619,17,0,0,940,65535
1,2,619,620,9,0,0,941,65535
1,2,621,618,9,0,0,942,65535
1,2,620,622,9,0,0,943,65535
1,2,623,621,9,0,0,944,65535
1,2,622,624,9,0,0,945,65535
1,2,624,625,9,0,0,946,65535
1,2,625,626,9,0,0,947,65535
1,2,627,628,9,0,0,948,65535
1,2,628,623,9,0,0,949,65535
1,2,626,629,9,0,0,950,65535
1,2,629,630,9,0,0,951,65535
1,2,631,632,9,0,0,952,65535
1,2,632,627,9,0,0,953,65535
1,2,630,633,9,0,0,954,65535
1,2,634,631,9,0,0,955,65535
1,2,635,634,9,0,0,956,65535
1,2,633,636,9,0,0,957,65535
1,2,621,620,4,0,0,958,959
1,2,623,622,4,0,0,960,961
1,2,623,624,4,0,0,962,963
1,2,628,625,4,0,0,964,965
1,2,627,626,4,0,0,966,967
1,2,632,629,4,0,0,968,969
1,2,631,630,4,0,0,970,971
1,2,634,633,4,0,0,972,973
1,2,635,636,4,0,0,974,975
1,2,636,637,9,0,0,976,65535
1,2,637,199,17,0,0,977,65535
1,2,188,638,17,0,0,978,65535
1,2,638,635,9,0,0,979,65535
1,2,199,188,4,0,0,980,981
1,2,187,616,1,0,0,982,65535
1,2,615,639,1,0,0,983,65535
1,2,639,194,1,0,0,984,65535
1,2,304,640,1,0,0,985,65535
1,2,641,301,1,0,0,986,65535
1,2,190,641,17,0,0,987,65535
1,2,640,300,17,0,0,988,65535
1,2,640,641,4,0,0,989,990
1,2,310,642,1,0,0,991,65535
1,2,643,308,1,0,0,992,65535
1,2,307,643,17,0,0,993,65535
1,2,642,191,17,0,0,994,65535
1,2,642,643,4,0,0,995,996
1,2,205,206,4,103,12,997,998
1,2,644,584,1,0,0,999,65535
1,2,585,645,1,0,0,1000,65535
1,2,309,311,4,0,0,1001,1002
1,2,646,647,1,0,0,1003,65535
1,2,648,649,1,0,0,1004,65535
1,2,649,650,1,0,0,1005,65535
1,2,651,652,1,0,0,1006,65535
1,2,653,654,1,0,0,1007,65535
1,2,654,655,1,0,0,1008,65535
1,2,656,653,1,0,0,1009,65535
1,2,650,657,1,0,0,1010,65535
1,2,657,658,1,0,0,1011,65535
1,2,658,659,1,0,0,1012,65535
1,2,660,661,1,0,0,1013,65535
1,2,661,656,1,0,0,1014,65535
1,2,662,660,1,0,0,1015,65535
1,2,659,663,1,0,0,1016,65535
1,2,664,665,1,0,0,1017,65535
1,2,665,666,29,0,0,1018,1019
1,2,666,667,1,0,0,1020,65535
1,2,667,668,29,0,0,1021,1022
1,2,668,669,1,0,0,1023,65535
1,2,669,670,29,0,0,1024,1025
1,2,671,672,29,0,0,1026,1027
1,2,672,673,1,0,0,1028,65535
1,2,673,674,29,0,0,1029,1030
1,2,674,675,1,0,0,1031,65535
1,2,675,676,29,0,0,1032,1033
1,2,677,676,1,0,0,1034,65535
1,2,675,678,1,0,0,1035,65535
1,2,679,674,1,0,0,1036,65535
1,2,673,680,1,0,0,1037,65535
1,2,671,681,1,0,0,1038,65535
1,2,682,670,1,0,0,1039,65535
1,2,669,683,1,0,0,1040,65535
1,2,684,668,1,0,0,1041,65535
1,2,667,685,1,0,0,1042,65535
1,2,686,666,1,0,0,1043,65535
1,2,665,687,1,0,0,1044,65535
1,2,685,686,1,0,0,1045,65535
1,2,686,687,29,0,0,1046,1047
1,2,684,685,29,0,0,1048,1049
1,2,683,684,1,0,0,1050,65535
1,2,679,680,29,0,0,1051,1052
1,2,678,679,1,0,0,1053,65535
1,2,677,678,29,0,0,1054,1055
1,2,688,677,1,0,0,1056,65535
1,2,689,688,1,0,0,1057,65535
1,2,680,690,1,0,0,1058,65535
1,2,690,672,1,0,0,1059,65535
1,2,690,681,29,0,0,1060,1061
1,2,681,682,1,0,0,1062,65535
1,2,682,683,29,0,0,1063,1064
1,2,687,691,1,0,0,1065,65535
1,2,691,692,1,0,0,1066,65535
1,2,692,693,1,0,0,1067,65535
1,2,693,694,1,0,0,1068,65535
1,2,694,695,1,0,0,1069,65535
1,2,695,696,1,0,0,1070,65535
1,2,696,697,1,0,0,1071,65535
1,2,697,698,1,0,0,1072,65535
1,2,698,699,1,0,0,1073,65535
1,2,699,700,1,0,0,1074,65535
1,2,700,689,1,0,0,1075,65535
1,2,676,701,1,0,0,1076,65535
1,2,702,703,1,0,0,1077,65535
1,2,651,647,4,0,0,1078,1079
1,2,655,648,4,0,0,1080,1081
1,2,654,649,4,0,0,1082,1083
1,2,653,650,4,0,0,1084,1085
1,2,656,657,4,0,0,1086,1087
1,2,661,658,4,0,0,1088,1089
1,2,660,659,4,0,0,1090,1091
1,2,662,663,12,0,0,1092,1093
1,2,701,664,12,0,0,1094,1095
1,2,704,705,1,0,0,1096,65535
1,2,705,702,4,1,0,1097,1098
1,2,703,706,1,0,0,1099,65535
1,2,706,662,1,0,0,1100,65535
1,2,663,707,1,0,0,1101,65535
1,2,707,704,1,0,0,1102,65535
1,2,708,309,1,0,0,1103,65535
1,2,311,709,1,0,0,1104,65535
1,2,710,702,17,0,0,1105,65535
1,2,701,710,1,0,0,1106,65535
1,2,705,711,17,0,0,1107,65535
1,2,711,664,1,0,0,1108,65535
1,2,710,711,4,1,0,1109,1110
1,2,694,712,140,0,0,1111,1112
1,2,713,700,140,0,0,1113,1114
1,2,712,713,140,0,0,1115,1116
1,2,714,715,12,88,13,1117,1118
1,2,716,717,12,88,13,1119,1120
1,2,717,714,12,88,13,1121,1122
1,2,715,718,1,0,0,1123,65535
1,2,718,719,17,11,0,1124,65535
1,2,719,716,1,0,0,1125,65535
1,2,720,671,1,0,0,1126,65535
1,2,716,720,1,0,0,1127,65535
1,2,670,721,1,0,0,1128,65535
1,2,721,715,1,0,0,1129,65535
1,2,266,722,1,0,0,1130,65535
1,2,722,267,1,0,0,1131,65535
1,2,255,723,1,0,0,1132,65535
1,2,723,256,1,0,0,1133,65535
1,2,587,724,1,0,0,1134,65535
1,2,724,598,1,0,0,1135,65535
1,2,56,81,68,0,0,1136,1137
1,2,52,89,68,0,0,1138,1139
1,2,242,227,36,1,0,1140,1141
1,2,242,725,17,0,0,1142,65535
1,2,726,227,17,0,0,1143,65535
1,2,725,727,9,0,0,1144,65535
1,2,727,728,9,0,0,1145,65535
1,2,728,726,9,0,0,1146,65535
1,2,726,725,4,1,0,1147,1148
1,2,120,729,1,0,0,1149,65535
1,2,730,298,1,0,0,1150,65535
1,2,731,732,4,1,0,1151,1152
1,2,733,734,36,1,0,1153,1154
1,2,729,733,1,0,0,1155,65535
1,2,734,730,1,0,0,1156,65535
1,2,731,734,17,0,0,1157,65535
1,2,733,732,17,0,0,1158,65535
1,2,735,736,1,0,0,1159,65535
1,2,736,737,1,0,0,1160,65535
1,2,738,735,1,0,0,1161,65535
1,2,732,738,1,0,0,1162,65535
1,2,737,731,1,0,0,1163,65535
1,2,227,739,1,0,0,1164,65535
1,2,739,226,9,0,0,1165,65535
1,2,601,740,28,0,0,1166,1167
1,2,740,184,28,0,0,1168,1169
1,2,741,742,28,0,0,1170,1171
1,2,742,194,28,0,0,1172,1173
1,2,187,743,28,0,0,1174,1175
1,2,743,744,28,0,0,1176,1177
1,2,744,745,28,0,0,1178,1179
1,2,745,746,28,0,0,1180,1181
1,2,746,747,28,0,0,1182,1183
1,2,613,747,28,0,0,1184,1185
1,2,590,587,36,62,10,1186,1187
1,2,601,748,1,0,0,1188,65535
1,2,748,599,1,0,0,1189,65535
1,2,470,749,1,0,0,1190,65535
1,2,749,18,1,0,0,1191,65535
1,2,9,750,1,0,0,1192,65535
1,2,750,464,1,0,0,1193,65535
1,2,126,741,1,0,0,1194,65535
1,2,741,184,1,0,0,1195,65535
1,2,194,751,1,0,0,1196,65535
1,2,751,125,1,0,0,1197,65535
1,2,185,752,1,0,0,1198,65535
1,2,752,753,1,0,0,1199,65535
1,2,753,600,1,0,0,1200,65535
1,2,593,754,1,0,0,1201,65535
1,2,754,186,1,0,0,1202,65535
1,2,755,756,12,0,0,1203,1204
1,2,756,757,12,0,0,1205,1206
1,2,757,758,12,0,0,1207,1208
1,2,758,755,12,0,0,1209,1210
1,2,716,715,12,62,13,1211,1212
1,2,759,397,1,0,0,1213,65535
1,2,760,759,1,0,0,1214,65535
1,2,761,760,1,0,0,1215,65535
1,2,762,761,1,0,0,1216,65535
1,2,763,762,1,0,0,1217,65535
1,2,398,764,1,0,0,1218,65535
1,2,764,765,1,0,0,1219,65535
1,2,765,766,1,0,0,1220,65535
1,2,766,767,1,0,0,1221,65535
1,2,767,768,1,0,0,1222,65535
1,2,759,764,4,0,0,1223,1224
1,2,760,765,4,0,0,1225,1226
1,2,761,766,4,0,0,1227,1228
1,2,762,767,4,0,0,1229,1230
1,2,763,768,12,0,0,1231,1232
1,2,411,409,1,0,0,1233,65535
1,2,769,770,4,0,0,1234,1235
1,2,771,770,1,0,0,1236,65535
1,2,271,771,1,0,0,1237,65535
1,2,769,772,1,0,0,1238,65535
1,2,772,439,1,0,0,1239,65535
1,2,773,769,1,0,0,1240,65535
1,2,774,773,1,0,0,1241,65535
1,2,775,774,1,0,0,1242,65535
1,2,776,775,1,0,0,1243,65535
1,2,777,776,1,0,0,1244,65535
1,2,770,778,1,0,0,1245,65535
1,2,778,779,1,0,0,1246,65535
1,2,779,780,1,0,0,1247,65535
1,2,780,781,1,0,0,1248,65535
1,2,781,782,1,0,0,1249,65535
1,2,773,778,4,0,0,1250,1251
1,2,774,779,4,0,0,1252,1253
1,2,775,780,4,0,0,1254,1255
1,2,776,781,4,0,0,1256,1257
1,2,777,782,12,0,0,1258,1259
1,2,768,783,1,0,0,1260,65535
1,2,783,293,1,0,0,1261,65535
1,2,294,784,1,0,0,1262,65535
1,2,784,763,1,0,0,1263,65535
1,2,782,785,1,0,0,1264,65535
1,2,785,324,1,0,0,1265,65535
1,2,325,786,1,0,0,1266,65535
1,2,786,777,1,0,0,1267,65535
1,2,249,787,1,0,0,1268,65535
1,2,787,247,1,0,0,1269,65535
1,2,788,262,9,0,0,1270,65535
1,2,261,788,9,0,0,1271,65535
1,2,582,789,1,0,0,1272,65535
1,2,789,790,1,0,0,1273,65535
1,2,790,791,1,0,0,1274,65535
1,2,791,792,1,0,0,1275,65535
1,2,793,794,1,0,0,1276,65535
1,2,794,795,1,0,0,1277,65535
1,2,795,796,1,0,0,1278,65535
1,2,796,583,1,0,0,1279,65535
1,2,792,797,1,0,0,1280,65535
1,2,797,644,1,0,0,1281,65535
1,2,645,798,1,0,0,1282,65535
1,2,798,793,1,0,0,1283,65535
1,2,789,796,4,0,0,1284,1285
1,2,790,795,4,0,0,1286,1287
1,2,791,794,4,0,0,1288,1289
1,2,792,793,4,0,0,1290,1291
1,2,797,798,4,0,0,1292,1293
1,2,644,645,4,0,0,1294,1295
1,2,577,799,1,0,0,1296,65535
1,2,799,582,1,0,0,1297,65535
1,2,800,592,1,0,0,1298,65535
1,2,801,800,1,0,0,1299,65535
1,2,747,801,1,0,0,1300,65535
1,2,606,747,1,0,0,1301,65535
1,2,221,802,9,0,0,1302,65535
1,2,802,501,9,0,0,1303,65535
1,2,512,150,9,0,0,1304,65535
1,2,500,803,1,0,0,1305,65535
1,2,803,512,1,0,0,1306,65535
1,2,32,804,1,0,0,1307,65535
1,2,804,511,1,0,0,1308,65535
1,2,510,805,1,0,0,1309,65535
1,2,805,31,1,0,0,1310,65535
1,2,652,806,1,0,0,1311,65535
1,2,806,708,1,0,0,1312,65535
1,2,709,807,1,0,0,1313,65535
1,2,807,646,1,0,0,1314,65535
1,2,647,808,1,0,0,1315,65535
1,2,808,648,1,0,0,1316,65535
1,2,655,809,1,0,0,1317,65535
1,2,809,651,1,0,0,1318,65535
1,2,235,810,9,0,0,1319,65535
1,2,810,233,9,0,0,1320,65535
1,2,232,811,9,0,0,1321,65535
1,2,811,234,9,0,0,1322,65535
