episode,mission,vertex_1,vertex_2,flags,action_special,sector_tag,front_side,back_side
1,3,0,1,1,0,0,0,65535
1,3,2,3,1,0,0,1,65535
1,3,1,4,1,0,0,2,65535
1,3,4,5,1,0,0,3,65535
1,3,5,2,1,0,0,4,65535
1,3,6,7,5,0,0,5,6
1,3,8,9,1,0,0,7,65535
1,3,10,11,1,0,0,8,65535
1,3,11,12,17,0,0,9,65535
1,3,12,8,17,0,0,10,65535
1,3,13,14,17,0,0,11,65535
1,3,14,15,1,0,0,12,65535
1,3,16,6,1,0,0,13,65535
1,3,6,13,17,0,0,14,65535
1,3,11,17,5,0,0,15,16
1,3,18,14,5,0,0,17,18
1,3,19,20,5,0,0,19,20
1,3,18,21,17,0,0,21,65535
1,3,21,20,17,0,0,22,65535
1,3,20,22,1,0,0,23,65535
1,3,23,18,1,0,0,24,65535
1,3,24,25,1,0,0,25,65535
1,3,25,26,17,0,0,26,65535
1,3,26,17,17,0,0,27,65535
1,3,17,27,1,0,0,28,65535
1,3,27,24,1,0,0,29,65535
1,3,9,10,1,0,0,30,65535
1,3,15,16,1,0,0,31,65535
1,3,22,23,1,0,0,32,65535
1,3,28,29,1,0,0,33,65535
1,3,30,31,1,0,0,34,65535
1,3,32,8,5,0,0,35,36
1,3,25,33,5,0,0,37,38
1,3,29,34,1,0,0,39,65535
1,3,35,30,1,0,0,40,65535
1,3,36,37,1,0,0,41,65535
1,3,38,39,4,0,0,42,43
1,3,40,38,1,0,0,44,65535
1,3,39,41,1,0,0,45,65535
1,3,42,43,1,0,0,46,65535
1,3,38,44,1,0,0,47,65535
1,3,45,39,1,0,0,48,65535
1,3,46,47,1,0,0,49,65535
1,3,48,49,1,0,0,50,65535
1,3,50,51,4,0,0,51,52
1,3,51,52,4,0,0,53,54
1,3,53,54,4,0,0,55,56
1,3,55,56,1,0,0,57,65535
1,3,57,55,1,0,0,58,65535
1,3,58,57,4,0,0,59,60
1,3,59,58,4,0,0,61,62
1,3,52,59,1,0,0,63,65535
1,3,41,19,1,0,0,64,65535
1,3,33,40,1,0,0,65,65535
1,3,44,45,4,2,48,66,67
1,3,47,60,17,0,0,68,65535
1,3,61,53,17,0,0,69,65535
1,3,47,53,4,0,0,70,71
1,3,61,60,4,0,0,72,73
1,3,56,61,1,0,0,74,65535
1,3,60,48,1,0,0,75,65535
1,3,46,53,4,2,77,76,77
1,3,62,54,17,0,0,78,65535
1,3,53,63,17,0,0,79,65535
1,3,63,64,1,0,0,80,65535
1,3,64,65,1,0,0,81,65535
1,3,65,62,1,0,0,82,65535
1,3,62,63,4,0,0,83,84
1,3,50,66,17,0,0,85,65535
1,3,67,57,17,0,0,86,65535
1,3,67,68,4,0,0,87,88
1,3,68,69,4,0,0,89,90
1,3,69,70,1,0,0,91,65535
1,3,70,71,4,0,0,92,93
1,3,71,66,4,0,0,94,95
1,3,66,72,17,0,0,96,65535
1,3,72,73,1,0,0,97,65535
1,3,73,74,1,0,0,98,65535
1,3,74,75,1,0,0,99,65535
1,3,76,77,1,0,0,100,65535
1,3,77,78,1,0,0,101,65535
1,3,78,79,1,0,0,102,65535
1,3,79,67,17,0,0,103,65535
1,3,75,80,1,0,0,104,65535
1,3,81,76,1,0,0,105,65535
1,3,82,83,1,0,0,106,65535
1,3,84,85,1,0,0,107,65535
1,3,83,84,4,1,0,108,109
1,3,49,55,4,2,51,110,111
1,3,70,52,17,0,0,112,65535
1,3,59,69,17,0,0,113,65535
1,3,34,86,1,0,0,114,65535
1,3,37,35,1,0,0,115,65535
1,3,87,88,1,0,0,116,65535
1,3,89,90,1,0,0,117,65535
1,3,91,92,1,0,0,118,65535
1,3,93,91,29,0,0,119,120
1,3,94,95,29,0,0,121,122
1,3,88,96,29,0,0,123,124
1,3,97,98,29,0,0,125,126
1,3,88,98,1,0,0,127,65535
1,3,97,96,1,0,0,128,65535
1,3,93,95,1,0,0,129,65535
1,3,94,91,1,0,0,130,65535
1,3,92,99,1,0,0,131,65535
1,3,99,89,12,0,0,132,133
1,3,100,101,4,0,0,134,135
1,3,102,103,4,0,0,136,137
1,3,104,105,4,0,0,138,139
1,3,105,103,1,0,0,140,65535
1,3,103,101,1,0,0,141,65535
1,3,100,102,1,0,0,142,65535
1,3,102,104,1,0,0,143,65535
1,3,106,107,6,0,0,144,145
1,3,108,109,4,0,0,146,147
1,3,110,111,4,0,0,148,149
1,3,112,113,6,88,2,150,151
1,3,113,111,1,0,0,152,65535
1,3,111,109,1,0,0,153,65535
1,3,109,107,1,0,0,154,65535
1,3,106,108,1,0,0,155,65535
1,3,108,110,1,0,0,156,65535
1,3,110,112,1,0,0,157,65535
1,3,114,94,1,0,0,158,65535
1,3,95,115,1,0,0,159,65535
1,3,115,116,1,0,0,160,65535
1,3,116,117,1,0,0,161,65535
1,3,117,118,12,0,0,162,163
1,3,98,119,1,0,0,164,65535
1,3,120,105,1,0,0,165,65535
1,3,121,122,1,0,0,166,65535
1,3,123,124,1,0,0,167,65535
1,3,123,122,4,0,0,168,169
1,3,125,126,4,0,0,170,171
1,3,127,128,4,0,0,172,173
1,3,129,130,4,0,0,174,175
1,3,131,132,1,0,0,176,65535
1,3,118,133,1,0,0,177,65535
1,3,104,121,1,0,0,178,65535
1,3,124,134,1,0,0,179,65535
1,3,134,135,1,0,0,180,65535
1,3,136,120,1,0,0,181,65535
1,3,137,138,4,0,0,182,183
1,3,138,136,1,0,0,184,65535
1,3,139,137,1,0,0,185,65535
1,3,140,141,4,31,0,186,187
1,3,142,143,28,0,0,188,189
1,3,144,140,17,0,0,190,65535
1,3,141,145,17,0,0,191,65535
1,3,145,138,1,0,0,192,65535
1,3,137,144,1,0,0,193,65535
1,3,142,141,17,0,0,194,65535
1,3,140,143,17,0,0,195,65535
1,3,144,145,4,0,0,196,197
1,3,135,146,1,0,0,198,65535
1,3,147,139,1,0,0,199,65535
1,3,133,148,1,0,0,200,65535
1,3,148,129,1,0,0,201,65535
1,3,129,149,1,0,0,202,65535
1,3,149,127,1,0,0,203,65535
1,3,127,150,1,0,0,204,65535
1,3,150,125,1,0,0,205,65535
1,3,125,151,1,0,0,206,65535
1,3,151,123,1,0,0,207,65535
1,3,122,152,1,0,0,208,65535
1,3,152,126,1,0,0,209,65535
1,3,126,153,1,0,0,210,65535
1,3,153,128,1,0,0,211,65535
1,3,128,154,1,0,0,212,65535
1,3,154,130,1,0,0,213,65535
1,3,130,155,1,0,0,214,65535
1,3,155,131,1,0,0,215,65535
1,3,148,155,4,0,0,216,217
1,3,149,154,4,0,0,218,219
1,3,150,153,4,0,0,220,221
1,3,151,152,4,0,0,222,223
1,3,117,156,17,0,0,224,65535
1,3,157,118,17,0,0,225,65535
1,3,158,159,12,62,4,226,227
1,3,157,156,28,88,4,228,229
1,3,158,160,1,0,0,230,65535
1,3,160,161,28,88,4,231,232
1,3,161,159,1,0,0,233,65535
1,3,162,163,12,0,0,234,235
1,3,164,165,68,0,0,236,237
1,3,166,167,12,0,0,238,239
1,3,162,168,1,0,0,240,65535
1,3,168,164,1,0,0,241,65535
1,3,164,166,1,0,0,242,65535
1,3,167,165,1,0,0,243,65535
1,3,165,169,1,0,0,244,65535
1,3,169,163,1,0,0,245,65535
1,3,163,170,1,0,0,246,65535
1,3,170,113,1,0,0,247,65535
1,3,112,171,1,0,0,248,65535
1,3,171,162,1,0,0,249,65535
1,3,166,172,1,0,0,250,65535
1,3,173,167,1,0,0,251,65535
1,3,174,173,1,0,0,252,65535
1,3,172,175,1,0,0,253,65535
1,3,176,177,17,0,0,254,65535
1,3,177,178,17,0,0,255,65535
1,3,179,174,1,0,0,256,65535
1,3,180,179,1,0,0,257,65535
1,3,181,176,17,0,0,258,65535
1,3,175,182,1,0,0,259,65535
1,3,182,183,1,0,0,260,65535
1,3,184,185,17,0,0,261,65535
1,3,186,184,17,0,0,262,65535
1,3,187,186,17,0,0,263,65535
1,3,188,189,17,0,0,264,65535
1,3,189,190,17,0,0,265,65535
1,3,190,191,17,0,0,266,65535
1,3,192,193,28,0,0,267,268
1,3,194,195,17,0,0,269,65535
1,3,196,197,17,0,0,270,65535
1,3,168,169,68,0,0,271,272
1,3,185,181,17,0,0,273,65535
1,3,178,188,17,0,0,274,65535
1,3,195,196,17,0,0,275,65535
1,3,198,199,1,0,0,276,65535
1,3,199,200,28,0,0,277,278
1,3,200,192,1,0,0,279,65535
1,3,199,201,1,0,0,280,65535
1,3,201,202,1,0,0,281,65535
1,3,202,200,1,0,0,282,65535
1,3,192,203,1,0,0,283,65535
1,3,203,204,1,0,0,284,65535
1,3,204,193,1,0,0,285,65535
1,3,193,205,1,0,0,286,65535
1,3,206,207,1,0,0,287,65535
1,3,205,206,12,2,3,288,289
1,3,205,208,1,0,0,290,65535
1,3,208,209,36,0,0,291,292
1,3,209,206,1,0,0,293,65535
1,3,210,211,4,88,2,294,295
1,3,210,209,1,0,0,296,65535
1,3,208,211,1,0,0,297,65535
1,3,211,212,1,0,0,298,65535
1,3,213,210,1,0,0,299,65535
1,3,213,212,14,0,0,300,301
1,3,214,215,1,0,0,302,65535
1,3,215,216,1,0,0,303,65535
1,3,216,217,1,0,0,304,65535
1,3,217,218,1,0,0,305,65535
1,3,218,219,1,0,0,306,65535
1,3,219,220,129,0,0,307,65535
1,3,220,221,1,0,0,308,65535
1,3,221,222,1,0,0,309,65535
1,3,222,223,1,0,0,310,65535
1,3,223,224,1,0,0,311,65535
1,3,225,226,1,0,0,312,65535
1,3,226,227,1,0,0,313,65535
1,3,227,228,1,0,0,314,65535
1,3,228,229,1,0,0,315,65535
1,3,229,230,1,0,0,316,65535
1,3,230,231,1,0,0,317,65535
1,3,231,232,1,0,0,318,65535
1,3,232,233,1,0,0,319,65535
1,3,233,234,1,0,0,320,65535
1,3,234,235,1,0,0,321,65535
1,3,235,236,1,0,0,322,65535
1,3,236,237,1,0,0,323,65535
1,3,238,213,1,0,0,324,65535
1,3,237,239,1,0,0,325,65535
1,3,240,241,1,0,0,326,65535
1,3,239,242,1,0,0,327,65535
1,3,242,243,1,0,0,328,65535
1,3,243,244,1,0,0,329,65535
1,3,245,246,1,0,0,330,65535
1,3,246,247,1,0,0,331,65535
1,3,247,248,1,0,0,332,65535
1,3,248,249,1,0,0,333,65535
1,3,249,240,1,0,0,334,65535
1,3,239,240,12,0,0,335,336
1,3,215,224,12,0,0,337,338
1,3,241,250,14,0,0,339,340
1,3,250,251,14,0,0,341,342
1,3,251,252,14,0,0,343,344
1,3,252,253,14,0,0,345,346
1,3,253,254,14,0,0,347,348
1,3,254,255,14,0,0,349,350
1,3,255,256,14,0,0,351,352
1,3,256,257,14,0,0,353,354
1,3,257,258,14,0,0,355,356
1,3,258,259,14,0,0,357,358
1,3,259,214,14,0,0,359,360
1,3,224,260,1,0,0,361,65535
1,3,260,225,1,0,0,362,65535
1,3,183,261,1,0,0,363,65535
1,3,261,262,28,0,0,364,365
1,3,262,263,1,0,0,366,65535
1,3,263,264,12,2,5,367,368
1,3,264,198,1,0,0,369,65535
1,3,261,265,1,0,0,370,65535
1,3,266,262,1,0,0,371,65535
1,3,263,267,1,0,0,372,65535
1,3,268,264,1,0,0,373,65535
1,3,265,266,1,0,0,374,65535
1,3,267,268,36,0,0,375,376
1,3,269,270,1,0,0,377,65535
1,3,270,271,1,0,0,378,65535
1,3,271,272,1,0,0,379,65535
1,3,272,273,1,0,0,380,65535
1,3,273,274,1,0,0,381,65535
1,3,274,275,1,0,0,382,65535
1,3,275,276,1,0,0,383,65535
1,3,276,269,1,0,0,384,65535
1,3,277,278,1,0,0,385,65535
1,3,278,279,1,0,0,386,65535
1,3,279,280,1,0,0,387,65535
1,3,280,281,1,0,0,388,65535
1,3,281,282,1,0,0,389,65535
1,3,282,283,1,0,0,390,65535
1,3,283,284,1,0,0,391,65535
1,3,284,277,1,0,0,392,65535
1,3,207,285,1,0,0,393,65535
1,3,286,180,1,0,0,394,65535
1,3,285,286,28,0,0,395,396
1,3,287,286,1,0,0,397,65535
1,3,285,288,1,0,0,398,65535
1,3,288,287,1,0,0,399,65535
1,3,160,289,1,0,0,400,65535
1,3,289,290,1,0,0,401,65535
1,3,291,161,1,0,0,402,65535
1,3,290,292,1,0,0,403,65535
1,3,292,293,52,0,0,404,405
1,3,293,294,1,0,0,406,65535
1,3,294,291,1,0,0,407,65535
1,3,295,296,4,1,0,408,409
1,3,295,297,17,0,0,410,65535
1,3,298,296,17,0,0,411,65535
1,3,298,297,4,1,0,412,413
1,3,297,299,17,0,0,414,65535
1,3,300,298,17,0,0,415,65535
1,3,300,299,12,0,0,416,417
1,3,90,301,1,0,0,418,65535
1,3,301,300,1,0,0,419,65535
1,3,299,302,1,0,0,420,65535
1,3,244,303,1,0,0,421,65535
1,3,304,245,1,0,0,422,65535
1,3,303,305,1,0,0,423,65535
1,3,306,307,1,0,0,424,65535
1,3,308,309,1,0,0,425,65535
1,3,309,310,1,0,0,426,65535
1,3,310,304,1,0,0,427,65535
1,3,307,308,12,0,0,428,429
1,3,303,311,4,0,0,430,431
1,3,311,312,4,0,0,432,433
1,3,312,306,4,0,0,434,435
1,3,303,312,12,0,0,436,437
1,3,307,313,1,0,0,438,65535
1,3,313,314,1,0,0,439,65535
1,3,315,308,1,0,0,440,65535
1,3,316,306,1,0,0,441,65535
1,3,317,318,1,0,0,442,65535
1,3,314,319,1,0,0,443,65535
1,3,319,317,129,0,0,444,65535
1,3,320,315,1,0,0,445,65535
1,3,318,320,1,0,0,446,65535
1,3,321,322,1,20,27,447,65535
1,3,305,323,1,0,0,448,65535
1,3,323,321,1,0,0,449,65535
1,3,322,324,1,0,0,450,65535
1,3,323,325,4,0,0,451,452
1,3,325,324,4,0,0,453,454
1,3,326,327,1,0,0,455,65535
1,3,328,326,1,0,0,456,65535
1,3,267,329,17,0,0,457,65535
1,3,330,268,17,0,0,458,65535
1,3,331,330,1,0,0,459,65535
1,3,332,331,1,0,0,460,65535
1,3,330,329,4,31,0,461,462
1,3,332,333,6,0,0,463,464
1,3,334,335,4,0,0,465,466
1,3,336,337,4,0,0,467,468
1,3,338,339,4,0,0,469,470
1,3,340,341,4,0,0,471,472
1,3,342,343,4,0,0,473,474
1,3,344,345,4,0,0,475,476
1,3,346,347,4,0,0,477,478
1,3,348,349,4,0,0,479,480
1,3,349,350,1,0,0,481,65535
1,3,351,348,1,0,0,482,65535
1,3,352,351,1,0,0,483,65535
1,3,350,328,1,0,0,484,65535
1,3,353,354,1,0,0,485,65535
1,3,354,352,1,0,0,486,65535
1,3,355,356,4,0,0,487,488
1,3,357,358,4,0,0,489,490
1,3,359,360,4,0,0,491,492
1,3,361,362,4,0,0,493,494
1,3,363,364,4,0,0,495,496
1,3,365,366,4,0,0,497,498
1,3,367,368,4,0,0,499,500
1,3,369,370,4,0,0,501,502
1,3,331,371,4,88,2,503,504
1,3,329,371,1,0,0,505,65535
1,3,371,333,1,0,0,506,65535
1,3,333,370,1,0,0,507,65535
1,3,370,335,1,0,0,508,65535
1,3,335,368,1,0,0,509,65535
1,3,368,337,1,0,0,510,65535
1,3,337,366,1,0,0,511,65535
1,3,366,339,1,0,0,512,65535
1,3,339,364,1,0,0,513,65535
1,3,364,341,1,0,0,514,65535
1,3,341,362,1,0,0,515,65535
1,3,362,343,1,0,0,516,65535
1,3,343,360,1,0,0,517,65535
1,3,360,345,1,0,0,518,65535
1,3,345,358,1,0,0,519,65535
1,3,358,347,1,0,0,520,65535
1,3,347,356,1,0,0,521,65535
1,3,356,349,1,0,0,522,65535
1,3,348,355,1,0,0,523,65535
1,3,355,346,1,0,0,524,65535
1,3,346,357,1,0,0,525,65535
1,3,357,344,1,0,0,526,65535
1,3,344,359,1,0,0,527,65535
1,3,359,342,1,0,0,528,65535
1,3,342,361,1,0,0,529,65535
1,3,361,340,1,0,0,530,65535
1,3,340,363,1,0,0,531,65535
1,3,363,338,1,0,0,532,65535
1,3,338,365,1,0,0,533,65535
1,3,365,336,1,0,0,534,65535
1,3,336,367,1,0,0,535,65535
1,3,367,334,1,0,0,536,65535
1,3,334,369,1,0,0,537,65535
1,3,369,332,1,0,0,538,65535
1,3,327,372,1,0,0,539,65535
1,3,372,97,1,0,0,540,65535
1,3,373,374,4,0,0,541,542
1,3,374,375,4,62,6,543,544
1,3,375,376,4,0,0,545,546
1,3,376,373,4,0,0,547,548
1,3,86,377,1,0,0,549,65535
1,3,377,295,1,0,0,550,65535
1,3,296,378,1,0,0,551,65535
1,3,378,42,1,0,0,552,65535
1,3,96,379,1,0,0,553,65535
1,3,379,380,1,0,0,554,65535
1,3,381,382,1,0,0,555,65535
1,3,382,93,1,0,0,556,65535
1,3,119,353,1,0,0,557,65535
1,3,324,383,1,0,0,558,65535
1,3,383,316,36,1,0,559,560
1,3,384,385,1,0,0,561,65535
1,3,386,387,1,0,0,562,65535
1,3,387,388,1,0,0,563,65535
1,3,388,389,1,0,0,564,65535
1,3,389,316,17,0,0,565,65535
1,3,383,390,17,0,0,566,65535
1,3,389,390,4,1,0,567,568
1,3,385,391,1,0,0,569,65535
1,3,392,393,1,0,0,570,65535
1,3,292,392,17,0,0,571,65535
1,3,394,293,17,0,0,572,65535
1,3,394,392,4,1,0,573,574
1,3,395,394,1,0,0,575,65535
1,3,396,386,1,0,0,576,65535
1,3,391,396,4,88,7,577,578
1,3,395,393,4,62,7,579,580
1,3,146,397,1,0,0,581,65535
1,3,398,147,1,0,0,582,65535
1,3,302,87,1,0,0,583,65535
1,3,399,400,4,26,0,584,585
1,3,401,402,12,0,0,586,587
1,3,403,404,1,0,0,588,65535
1,3,404,405,1,0,0,589,65535
1,3,405,406,1,0,0,590,65535
1,3,406,407,1,0,0,591,65535
1,3,404,407,29,0,0,592,593
1,3,407,408,1,0,0,594,65535
1,3,408,409,1,0,0,595,65535
1,3,410,411,1,0,0,596,65535
1,3,412,410,29,0,0,597,598
1,3,413,410,1,0,0,599,65535
1,3,412,414,1,0,0,600,65535
1,3,414,413,1,0,0,601,65535
1,3,415,412,1,0,0,602,65535
1,3,416,417,4,0,0,603,604
1,3,417,418,4,0,0,605,606
1,3,418,419,4,0,0,607,608
1,3,420,416,4,0,0,609,610
1,3,421,420,4,0,0,611,612
1,3,422,421,4,0,0,613,614
1,3,423,415,1,0,0,615,65535
1,3,424,423,1,0,0,616,65535
1,3,425,424,36,1,0,617,618
1,3,426,422,9,0,0,619,65535
1,3,419,427,9,0,0,620,65535
1,3,427,426,9,0,0,621,65535
1,3,422,428,1,0,0,622,65535
1,3,429,425,1,0,0,623,65535
1,3,430,431,76,0,0,624,625
1,3,432,433,76,0,0,626,627
1,3,433,419,1,0,0,628,65535
1,3,434,432,1,0,0,629,65535
1,3,409,434,1,0,0,630,65535
1,3,435,436,1,0,0,631,65535
1,3,437,433,1,0,0,632,65535
1,3,411,403,12,0,0,633,634
1,3,425,438,17,0,0,635,65535
1,3,439,424,17,0,0,636,65535
1,3,440,441,1,0,0,637,65535
1,3,442,443,1,0,0,638,65535
1,3,443,444,1,0,0,639,65535
1,3,444,445,1,0,0,640,65535
1,3,445,446,1,0,0,641,65535
1,3,446,447,1,0,0,642,65535
1,3,447,448,1,0,0,643,65535
1,3,448,449,1,0,0,644,65535
1,3,449,450,1,0,0,645,65535
1,3,450,451,1,0,0,646,65535
1,3,451,452,1,0,0,647,65535
1,3,452,453,1,0,0,648,65535
1,3,453,454,1,0,0,649,65535
1,3,454,439,17,0,0,650,65535
1,3,439,438,4,63,9,651,652
1,3,432,455,1,0,0,653,65535
1,3,455,456,1,0,0,654,65535
1,3,437,455,76,0,0,655,656
1,3,456,457,1,0,0,657,65535
1,3,436,437,1,0,0,658,65535
1,3,430,458,1,0,0,659,65535
1,3,459,431,1,0,0,660,65535
1,3,459,458,76,0,0,661,662
1,3,107,460,1,0,0,663,65535
1,3,461,106,1,0,0,664,65535
1,3,380,381,4,0,0,665,666
1,3,460,461,12,0,0,667,668
1,3,380,461,17,0,0,669,65535
1,3,460,381,17,0,0,670,65535
1,3,462,463,1,103,10,671,65535
1,3,464,465,28,0,0,672,673
1,3,463,465,17,0,0,674,65535
1,3,465,114,1,0,0,675,65535
1,3,466,467,17,0,0,676,65535
1,3,468,469,12,0,0,677,678
1,3,470,471,1,0,0,679,65535
1,3,132,464,1,0,0,680,65535
1,3,464,462,17,0,0,681,65535
1,3,472,473,17,0,0,682,65535
1,3,473,474,17,0,0,683,65535
1,3,474,469,17,0,0,684,65535
1,3,475,476,1,0,0,685,65535
1,3,476,468,1,0,0,686,65535
1,3,477,475,17,0,0,687,65535
1,3,478,477,17,0,0,688,65535
1,3,479,480,17,0,0,689,65535
1,3,480,481,17,0,0,690,65535
1,3,481,478,17,0,0,691,65535
1,3,479,475,36,0,0,692,693
1,3,477,480,4,0,0,694,695
1,3,482,479,1,0,0,696,65535
1,3,471,483,1,0,0,697,65535
1,3,484,482,1,0,0,698,65535
1,3,483,485,1,0,0,699,65535
1,3,431,429,1,0,0,700,65535
1,3,428,430,1,0,0,701,65535
1,3,486,487,1,0,0,702,65535
1,3,487,488,17,0,0,703,65535
1,3,488,398,1,0,0,704,65535
1,3,397,489,1,0,0,705,65535
1,3,489,490,17,0,0,706,65535
1,3,490,491,1,0,0,707,65535
1,3,489,488,4,1,0,708,709
1,3,487,490,4,1,0,710,711
1,3,438,492,17,0,0,712,65535
1,3,454,492,12,0,0,713,714
1,3,402,493,1,0,0,715,65535
1,3,494,401,1,0,0,716,65535
1,3,400,494,1,0,0,717,65535
1,3,493,399,1,0,0,718,65535
1,3,399,495,17,0,0,719,65535
1,3,496,400,17,0,0,720,65535
1,3,496,495,4,26,0,721,722
1,3,497,496,1,0,0,723,65535
1,3,495,498,1,0,0,724,65535
1,3,458,435,1,0,0,725,65535
1,3,499,459,1,0,0,726,65535
1,3,500,501,1,0,0,727,65535
1,3,501,499,1,0,0,728,65535
1,3,457,502,1,0,0,729,65535
1,3,502,503,1,0,0,730,65535
1,3,502,501,28,90,9,731,732
1,3,504,505,1,0,0,733,65535
1,3,505,506,1,0,0,734,65535
1,3,506,507,1,0,0,735,65535
1,3,507,508,1,0,0,736,65535
1,3,508,509,1,0,0,737,65535
1,3,509,510,1,0,0,738,65535
1,3,510,511,1,0,0,739,65535
1,3,511,512,1,0,0,740,65535
1,3,512,513,1,0,0,741,65535
1,3,513,514,1,0,0,742,65535
1,3,515,516,1,0,0,743,65535
1,3,517,515,1,0,0,744,65535
1,3,518,517,1,0,0,745,65535
1,3,519,518,1,0,0,746,65535
1,3,520,519,1,0,0,747,65535
1,3,521,520,1,0,0,748,65535
1,3,522,521,1,0,0,749,65535
1,3,523,522,1,0,0,750,65535
1,3,524,523,1,0,0,751,65535
1,3,525,524,1,0,0,752,65535
1,3,504,516,4,0,0,753,754
1,3,505,515,4,0,0,755,756
1,3,506,517,4,0,0,757,758
1,3,507,518,4,0,0,759,760
1,3,508,519,4,0,0,761,762
1,3,509,520,4,0,0,763,764
1,3,510,521,4,0,0,765,766
1,3,511,522,4,0,0,767,768
1,3,512,523,4,0,0,769,770
1,3,513,524,4,0,0,771,772
1,3,514,525,20,0,0,773,774
1,3,526,525,1,0,0,775,65535
1,3,514,527,1,0,0,776,65535
1,3,527,528,1,0,0,777,65535
1,3,529,526,1,0,0,778,65535
1,3,528,529,12,0,0,779,780
1,3,530,531,4,1,0,781,782
1,3,530,532,17,0,0,783,65535
1,3,533,531,17,0,0,784,65535
1,3,533,532,4,1,0,785,786
1,3,534,530,1,0,0,787,65535
1,3,531,535,1,0,0,788,65535
1,3,536,537,4,0,0,789,790
1,3,537,538,4,0,0,791,792
1,3,538,539,4,0,0,793,794
1,3,539,536,4,0,0,795,796
1,3,441,540,1,0,0,797,65535
1,3,541,442,1,0,0,798,65535
1,3,43,542,1,0,0,799,65535
1,3,542,33,1,0,0,800,65535
1,3,19,543,1,0,0,801,65535
1,3,543,544,1,0,0,802,65535
1,3,99,545,1,0,0,803,65535
1,3,545,100,1,0,0,804,65535
1,3,101,546,1,0,0,805,65535
1,3,546,89,1,0,0,806,65535
1,3,156,547,1,0,0,807,65535
1,3,547,158,1,0,0,808,65535
1,3,159,548,1,0,0,809,65535
1,3,548,157,1,0,0,810,65535
1,3,549,486,1,0,0,811,65535
1,3,491,550,1,0,0,812,65535
1,3,551,549,1,0,0,813,65535
1,3,550,552,1,0,0,814,65535
1,3,552,553,1,0,0,815,65535
1,3,553,554,1,0,0,816,65535
1,3,554,555,1,0,0,817,65535
1,3,556,557,1,0,0,818,65535
1,3,558,556,1,0,0,819,65535
1,3,555,559,1,0,0,820,65535
1,3,559,560,1,0,0,821,65535
1,3,561,558,1,0,0,822,65535
1,3,560,562,1,0,0,823,65535
1,3,562,563,1,0,0,824,65535
1,3,563,564,1,0,0,825,65535
1,3,564,565,1,0,0,826,65535
1,3,566,567,1,0,0,827,65535
1,3,568,561,1,0,0,828,65535
1,3,569,568,1,0,0,829,65535
1,3,570,569,1,0,0,830,65535
1,3,571,570,1,0,0,831,65535
1,3,572,573,1,0,0,832,65535
1,3,561,560,12,0,0,833,834
1,3,561,574,12,0,0,835,836
1,3,574,575,12,0,0,837,838
1,3,575,576,12,0,0,839,840
1,3,576,577,12,0,0,841,842
1,3,577,578,12,0,0,843,844
1,3,578,579,12,0,0,845,846
1,3,579,580,12,0,0,847,848
1,3,581,582,12,0,0,849,850
1,3,582,583,12,0,0,851,852
1,3,583,584,12,0,0,853,854
1,3,584,585,12,0,0,855,856
1,3,585,586,12,0,0,857,858
1,3,586,587,12,0,0,859,860
1,3,587,560,12,0,0,861,862
1,3,588,581,28,0,0,863,864
1,3,581,580,12,0,0,865,866
1,3,580,589,28,0,0,867,868
1,3,590,591,17,0,0,869,65535
1,3,592,472,17,0,0,870,65535
1,3,467,590,17,0,0,871,65535
1,3,593,594,12,0,0,872,873
1,3,567,595,1,0,0,874,65535
1,3,595,588,1,0,0,875,65535
1,3,589,596,1,0,0,876,65535
1,3,596,572,1,0,0,877,65535
1,3,597,551,1,0,0,878,65535
1,3,598,32,5,0,0,879,880
1,3,7,599,5,0,0,881,882
1,3,600,601,12,0,0,883,884
1,3,600,39,4,0,0,885,886
1,3,38,601,4,0,0,887,888
1,3,599,602,1,0,0,889,65535
1,3,602,600,1,0,0,890,65535
1,3,600,603,9,0,0,891,65535
1,3,603,599,1,0,0,892,65535
1,3,598,604,1,0,0,893,65535
1,3,604,601,9,0,0,894,65535
1,3,601,605,1,0,0,895,65535
1,3,605,598,1,0,0,896,65535
1,3,606,607,12,0,0,897,898
1,3,608,606,12,0,0,899,900
1,3,609,608,12,0,0,901,902
1,3,610,611,12,0,0,903,904
1,3,612,610,12,0,0,905,906
1,3,613,612,12,0,0,907,908
1,3,614,615,12,0,0,909,910
1,3,615,616,12,0,0,911,912
1,3,616,617,12,0,0,913,914
1,3,617,618,12,0,0,915,916
1,3,619,620,12,0,0,917,918
1,3,620,593,12,0,0,919,920
1,3,594,621,12,0,0,921,922
1,3,621,622,12,0,0,923,924
1,3,622,623,12,0,0,925,926
1,3,623,624,12,0,0,927,928
1,3,624,625,12,0,0,929,930
1,3,626,619,12,0,0,931,932
1,3,618,626,12,0,0,933,934
1,3,468,627,1,0,0,935,65535
1,3,627,466,17,0,0,936,65535
1,3,469,628,1,0,0,937,65535
1,3,628,470,1,0,0,938,65535
1,3,629,630,12,2,11,939,940
1,3,630,631,12,2,11,941,942
1,3,632,629,12,2,11,943,944
1,3,632,631,1,0,0,945,65535
1,3,472,590,12,0,0,946,947
1,3,633,634,28,0,0,948,949
1,3,635,636,28,0,0,950,951
1,3,637,638,1,0,0,952,65535
1,3,638,639,1,0,0,953,65535
1,3,639,640,1,0,0,954,65535
1,3,640,637,1,0,0,955,65535
1,3,591,641,17,0,0,956,65535
1,3,641,642,17,0,0,957,65535
1,3,642,643,1,0,0,958,65535
1,3,643,644,17,0,0,959,65535
1,3,644,589,17,0,0,960,65535
1,3,645,646,17,0,0,961,65535
1,3,646,592,1,0,0,962,65535
1,3,636,646,28,0,0,963,964
1,3,592,633,28,0,0,965,966
1,3,634,642,28,0,0,967,968
1,3,643,635,28,0,0,969,970
1,3,191,647,17,0,0,971,65535
1,3,647,648,17,0,0,972,65535
1,3,648,187,17,0,0,973,65535
1,3,197,649,17,0,0,974,65535
1,3,649,650,17,0,0,975,65535
1,3,650,194,17,0,0,976,65535
1,3,649,648,12,0,0,977,978
1,3,647,650,12,0,0,979,980
1,3,245,244,4,0,0,981,982
1,3,241,651,1,0,0,983,65535
1,3,651,238,1,0,0,984,65535
1,3,212,652,1,0,0,985,65535
1,3,652,214,1,0,0,986,65535
1,3,390,384,1,0,0,987,65535
1,3,393,653,1,0,0,988,65535
1,3,653,396,1,0,0,989,65535
1,3,391,654,1,0,0,990,65535
1,3,654,395,1,0,0,991,65535
1,3,654,653,4,90,8,992,993
1,3,54,655,1,0,0,994,65535
1,3,655,45,1,0,0,995,65535
1,3,44,656,1,0,0,996,65535
1,3,656,46,1,0,0,997,65535
1,3,657,658,4,1,0,998,999
1,3,659,657,1,0,0,1000,65535
1,3,658,660,1,0,0,1001,65535
1,3,83,658,17,0,0,1002,65535
1,3,657,84,17,0,0,1003,65535
1,3,660,661,1,0,0,1004,65535
1,3,662,663,1,0,0,1005,65535
1,3,663,664,1,51,0,1006,65535
1,3,664,659,1,0,0,1007,65535
1,3,665,81,1,0,0,1008,65535
1,3,85,665,1,0,0,1009,65535
1,3,80,666,1,0,0,1010,65535
1,3,666,82,1,0,0,1011,65535
1,3,81,80,4,0,0,1012,1013
1,3,659,660,12,0,0,1014,1015
1,3,667,668,1,0,0,1016,65535
1,3,669,670,1,0,0,1017,65535
1,3,557,597,1,0,0,1018,65535
1,3,625,614,12,0,0,1019,1020
1,3,667,670,28,0,0,1021,1022
1,3,661,669,1,0,0,1023,65535
1,3,668,662,1,0,0,1024,65535
1,3,661,662,44,62,17,1025,1026
1,3,669,668,22,88,17,1027,1028
1,3,671,50,1,0,0,1029,65535
1,3,143,671,1,0,0,1030,65535
1,3,49,672,1,0,0,1031,65535
1,3,672,142,1,0,0,1032,65535
1,3,411,673,1,0,0,1033,65535
1,3,673,497,1,0,0,1034,65535
1,3,498,674,1,0,0,1035,65535
1,3,674,403,1,0,0,1036,65535
1,3,544,675,1,0,0,1037,65535
1,3,675,402,1,0,0,1038,65535
1,3,401,676,1,0,0,1039,65535
1,3,676,36,1,0,0,1040,65535
1,3,677,678,1,0,0,1041,65535
1,3,678,679,1,0,0,1042,65535
1,3,679,680,1,0,0,1043,65535
1,3,680,681,1,0,0,1044,65535
1,3,681,682,1,0,0,1045,65535
1,3,682,683,1,0,0,1046,65535
1,3,683,684,1,0,0,1047,65535
1,3,684,685,1,0,0,1048,65535
1,3,685,686,1,0,0,1049,65535
1,3,687,688,1,0,0,1050,65535
1,3,688,677,1,0,0,1051,65535
1,3,677,453,12,0,0,1052,1053
1,3,678,452,4,0,0,1054,1055
1,3,679,451,4,0,0,1056,1057
1,3,680,450,4,0,0,1058,1059
1,3,681,449,4,0,0,1060,1061
1,3,682,448,4,0,0,1062,1063
1,3,683,447,4,0,0,1064,1065
1,3,684,446,4,0,0,1066,1067
1,3,685,445,4,0,0,1068,1069
1,3,685,444,4,0,0,1070,1071
1,3,689,687,28,0,0,1072,1073
1,3,690,689,28,0,0,1074,1075
1,3,691,690,28,0,0,1076,1077
1,3,492,692,1,0,0,1078,65535
1,3,692,691,1,0,0,1079,65535
1,3,693,541,1,0,0,1080,65535
1,3,694,693,4,0,0,1081,1082
1,3,695,696,4,0,0,1083,1084
1,3,697,698,4,0,0,1085,1086
1,3,699,700,4,0,0,1087,1088
1,3,701,702,12,0,0,1089,1090
1,3,703,704,4,0,0,1091,1092
1,3,705,706,4,0,0,1093,1094
1,3,707,708,4,0,0,1095,1096
1,3,709,710,12,0,0,1097,1098
1,3,540,694,1,0,0,1099,65535
1,3,695,697,1,0,0,1100,65535
1,3,697,699,1,0,0,1101,65535
1,3,701,711,1,0,0,1102,65535
1,3,711,712,1,0,0,1103,65535
1,3,712,713,1,0,0,1104,65535
1,3,714,703,1,0,0,1105,65535
1,3,703,705,1,0,0,1106,65535
1,3,705,707,1,0,0,1107,65535
1,3,708,706,1,0,0,1108,65535
1,3,706,704,1,0,0,1109,65535
1,3,700,698,1,0,0,1110,65535
1,3,698,696,1,0,0,1111,65535
1,3,709,715,1,0,0,1112,65535
1,3,716,710,1,0,0,1113,65535
1,3,717,716,1,0,0,1114,65535
1,3,715,718,1,0,0,1115,65535
1,3,718,719,5,0,0,1116,1117
1,3,719,720,5,0,0,1118,1119
1,3,720,721,5,0,0,1120,1121
1,3,721,722,5,0,0,1122,1123
1,3,722,723,5,0,0,1124,1125
1,3,723,717,5,0,0,1126,1127
1,3,724,717,1,0,0,1128,65535
1,3,718,725,1,0,0,1129,65535
1,3,726,724,1,0,0,1130,65535
1,3,727,726,1,0,0,1131,65535
1,3,725,728,1,0,0,1132,65535
1,3,728,729,1,0,0,1133,65535
1,3,729,727,1,0,0,1134,65535
1,3,728,730,142,0,0,1135,1136
1,3,730,731,142,0,0,1137,1138
1,3,731,726,142,0,0,1139,1140
1,3,707,732,1,0,0,1141,65535
1,3,732,709,1,0,0,1142,65535
1,3,710,733,1,0,0,1143,65535
1,3,733,708,1,0,0,1144,65535
1,3,694,734,1,0,0,1145,65535
1,3,734,695,1,0,0,1146,65535
1,3,696,735,1,0,0,1147,65535
1,3,735,693,1,0,0,1148,65535
1,3,686,736,1,0,0,1149,65535
1,3,736,687,1,0,0,1150,65535
1,3,691,737,1,0,0,1151,65535
1,3,737,440,1,0,0,1152,65535
1,3,702,738,1,0,0,1153,65535
1,3,738,700,1,0,0,1154,65535
1,3,699,739,1,0,0,1155,65535
1,3,739,701,1,0,0,1156,65535
1,3,740,702,1,0,0,1157,65535
1,3,741,740,1,0,0,1158,65535
1,3,704,742,1,0,0,1159,65535
1,3,743,741,1,0,0,1160,65535
1,3,713,744,1,0,0,1161,65535
1,3,744,745,1,0,0,1162,65535
1,3,746,743,1,0,0,1163,65535
1,3,745,747,17,0,0,1164,65535
1,3,748,746,17,0,0,1165,65535
1,3,749,748,1,0,0,1166,65535
1,3,742,749,1,0,0,1167,65535
1,3,747,750,1,0,0,1168,65535
1,3,750,714,1,0,0,1169,65535
1,3,748,747,4,27,0,1170,1171
1,3,745,746,4,27,0,1172,1173
1,3,751,752,4,0,0,1174,1175
1,3,752,753,4,0,0,1176,1177
1,3,753,754,4,0,0,1178,1179
1,3,754,751,4,0,0,1180,1181
1,3,755,504,1,0,0,1182,65535
1,3,756,757,1,0,0,1183,65535
1,3,757,755,1,0,0,1184,65535
1,3,516,758,1,0,0,1185,65535
1,3,758,759,1,0,0,1186,65535
1,3,759,760,1,0,0,1187,65535
1,3,761,756,1,0,0,1188,65535
1,3,760,762,1,0,0,1189,65535
1,3,503,763,1,0,0,1190,65535
1,3,764,500,1,0,0,1191,65535
1,3,763,765,1,0,0,1192,65535
1,3,765,766,1,0,0,1193,65535
1,3,766,767,1,0,0,1194,65535
1,3,767,768,1,0,0,1195,65535
1,3,768,769,1,0,0,1196,65535
1,3,770,771,1,0,0,1197,65535
1,3,772,770,1,0,0,1198,65535
1,3,773,772,1,0,0,1199,65535
1,3,774,773,1,0,0,1200,65535
1,3,762,774,28,0,0,1201,1202
1,3,769,761,28,0,0,1203,1204
1,3,775,776,28,0,0,1205,1206
1,3,777,778,28,0,0,1207,1208
1,3,762,778,1,0,0,1209,65535
1,3,777,774,1,0,0,1210,65535
1,3,775,761,1,0,0,1211,65535
1,3,769,776,1,0,0,1212,65535
1,3,776,779,1,0,0,1213,65535
1,3,779,780,1,0,0,1214,65535
1,3,781,782,1,0,0,1215,65535
1,3,782,777,1,0,0,1216,65535
1,3,528,775,1,0,0,1217,65535
1,3,778,529,1,0,0,1218,65535
1,3,783,784,28,0,0,1219,1220
1,3,784,785,28,0,0,1221,1222
1,3,785,786,28,0,0,1223,1224
1,3,786,783,28,0,0,1225,1226
1,3,787,788,28,0,0,1227,1228
1,3,788,789,28,0,0,1229,1230
1,3,789,790,28,0,0,1231,1232
1,3,790,787,28,0,0,1233,1234
1,3,791,792,1,0,0,1235,65535
1,3,792,793,1,0,0,1236,65535
1,3,793,794,1,0,0,1237,65535
1,3,794,791,1,0,0,1238,65535
1,3,795,796,1,0,0,1239,65535
1,3,796,797,1,0,0,1240,65535
1,3,797,798,1,0,0,1241,65535
1,3,798,795,1,0,0,1242,65535
1,3,796,791,12,8,14,1243,1244
1,3,794,797,12,0,0,1245,1246
1,3,780,799,1,0,0,1247,65535
1,3,799,534,1,0,0,1248,65535
1,3,535,800,1,0,0,1249,65535
1,3,800,781,1,0,0,1250,65535
1,3,801,533,1,0,0,1251,65535
1,3,532,802,1,0,0,1252,65535
1,3,802,803,1,0,0,1253,65535
1,3,804,801,1,0,0,1254,65535
1,3,803,805,1,0,0,1255,65535
1,3,805,806,1,0,0,1256,65535
1,3,806,807,1,0,0,1257,65535
1,3,807,808,1,0,0,1258,65535
1,3,808,809,1,0,0,1259,65535
1,3,809,810,17,11,0,1260,65535
1,3,810,804,1,0,0,1261,65535
1,3,801,802,12,0,0,1262,1263
1,3,809,811,12,0,0,1264,1265
1,3,811,812,12,0,0,1266,1267
1,3,812,810,12,0,0,1268,1269
1,3,38,600,4,2,12,1270,1271
1,3,3,813,1,0,0,1272,65535
1,3,813,814,1,0,0,1273,65535
1,3,814,28,17,0,0,1274,65535
1,3,31,815,17,0,0,1275,65535
1,3,815,816,1,0,0,1276,65535
1,3,816,0,1,0,0,1277,65535
1,3,814,815,4,31,0,1278,1279
1,3,31,28,4,31,0,1280,1281
1,3,817,818,4,0,0,1282,1283
1,3,818,819,4,0,0,1284,1285
1,3,819,820,4,0,0,1286,1287
1,3,820,817,4,0,0,1288,1289
1,3,814,821,4,0,0,1290,1291
1,3,821,822,4,0,0,1292,1293
1,3,822,815,4,0,0,1294,1295
1,3,573,823,1,0,0,1296,65535
1,3,823,667,1,0,0,1297,65535
1,3,670,824,1,0,0,1298,65535
1,3,824,825,1,0,0,1299,65535
1,3,825,571,1,0,0,1300,65535
1,3,565,826,1,0,0,1301,65535
1,3,826,827,1,0,0,1302,65535
1,3,827,828,1,0,0,1303,65535
1,3,828,566,1,0,0,1304,65535
1,3,485,829,1,0,0,1305,65535
1,3,829,632,1,0,0,1306,65535
1,3,631,830,1,0,0,1307,65535
1,3,830,484,1,0,0,1308,65535
1,3,829,831,20,35,13,1309,1310
1,3,831,832,20,35,13,1311,1312
1,3,832,830,20,35,13,1313,1314
1,3,609,611,12,20,16,1315,1316
1,3,609,833,12,0,0,1317,1318
1,3,833,834,12,0,0,1319,1320
1,3,834,611,12,0,0,1321,1322
1,3,607,613,12,0,0,1323,1324
1,3,588,645,17,0,0,1325,65535
