episode,mission,vertex_1,vertex_2,flags,action_special,sector_tag,front_side,back_side
1,6,0,1,1,0,0,0,65535
1,6,2,0,1,0,0,1,65535
1,6,3,4,1,0,0,2,65535
1,6,5,6,12,0,0,3,4
1,6,4,5,1,0,0,5,65535
1,6,6,2,1,0,0,6,65535
1,6,7,8,1,0,0,7,65535
1,6,8,9,1,0,0,8,65535
1,6,10,11,1,0,0,9,65535
1,6,11,12,1,0,0,10,65535
1,6,9,13,1,0,0,11,65535
1,6,9,14,28,0,0,12,13
1,6,15,16,1,0,0,14,65535
1,6,16,17,1,0,0,15,65535
1,6,18,19,1,0,0,16,65535
1,6,19,14,1,0,0,17,65535
1,6,20,15,1,0,0,18,65535
1,6,14,21,1,0,0,19,65535
1,6,22,23,1,0,0,20,65535
1,6,24,20,1,0,0,21,65535
1,6,21,25,1,0,0,22,65535
1,6,26,27,1,0,0,23,65535
1,6,27,28,1,0,0,24,65535
1,6,29,30,1,0,0,25,65535
1,6,28,29,28,0,0,26,27
1,6,31,32,1,0,0,28,65535
1,6,33,34,1,0,0,29,65535
1,6,34,26,1,0,0,30,65535
1,6,25,35,1,0,0,31,65535
1,6,35,36,1,0,0,32,65535
1,6,36,18,17,0,0,33,65535
1,6,17,37,17,0,0,34,65535
1,6,37,38,1,0,0,35,65535
1,6,38,24,1,0,0,36,65535
1,6,23,39,1,0,0,37,65535
1,6,38,39,28,0,0,38,39
1,6,40,36,4,0,0,40,41
1,6,40,41,1,0,0,42,65535
1,6,18,17,4,0,0,43,44
1,6,37,42,4,0,0,45,46
1,6,42,43,1,0,0,47,65535
1,6,44,45,4,0,0,48,49
1,6,46,47,4,0,0,50,51
1,6,48,49,4,0,0,52,53
1,6,50,51,4,0,0,54,55
1,6,52,53,4,0,0,56,57
1,6,54,55,4,0,0,58,59
1,6,56,57,4,0,0,60,61
1,6,58,59,4,0,0,62,63
1,6,58,60,1,0,0,64,65535
1,6,61,51,1,0,0,65,65535
1,6,51,49,1,0,0,66,65535
1,6,49,47,1,0,0,67,65535
1,6,47,45,1,0,0,68,65535
1,6,45,62,1,0,0,69,65535
1,6,62,63,1,0,0,70,65535
1,6,63,64,1,0,0,71,65535
1,6,65,52,1,0,0,72,65535
1,6,52,54,1,0,0,73,65535
1,6,54,56,1,0,0,74,65535
1,6,56,58,1,0,0,75,65535
1,6,64,66,1,0,0,76,65535
1,6,66,67,1,0,0,77,65535
1,6,67,65,1,0,0,78,65535
1,6,68,59,1,0,0,79,65535
1,6,59,57,1,0,0,80,65535
1,6,57,55,1,0,0,81,65535
1,6,55,53,1,0,0,82,65535
1,6,53,69,1,0,0,83,65535
1,6,69,70,1,0,0,84,65535
1,6,70,71,1,0,0,85,65535
1,6,71,72,1,0,0,86,65535
1,6,50,73,1,0,0,87,65535
1,6,72,74,1,0,0,88,65535
1,6,74,75,1,0,0,89,65535
1,6,75,44,1,0,0,90,65535
1,6,44,46,1,0,0,91,65535
1,6,46,48,1,0,0,92,65535
1,6,48,50,1,0,0,93,65535
1,6,60,61,1,0,0,94,65535
1,6,73,68,1,0,0,95,65535
1,6,5,76,1,0,0,96,65535
1,6,77,6,1,0,0,97,65535
1,6,59,50,4,0,0,98,99
1,6,51,58,4,0,0,100,101
1,6,43,78,1,0,0,102,65535
1,6,79,80,1,0,0,103,65535
1,6,78,79,1,0,0,104,65535
1,6,81,82,1,0,0,105,65535
1,6,83,84,1,0,0,106,65535
1,6,85,86,1,0,0,107,65535
1,6,87,88,1,0,0,108,65535
1,6,89,90,1,0,0,109,65535
1,6,91,92,1,0,0,110,65535
1,6,86,93,1,0,0,111,65535
1,6,94,87,1,0,0,112,65535
1,6,95,94,1,0,0,113,65535
1,6,93,96,1,0,0,114,65535
1,6,97,98,1,0,0,115,65535
1,6,99,100,1,0,0,116,65535
1,6,101,102,1,0,0,117,65535
1,6,98,103,1,0,0,118,65535
1,6,104,95,1,0,0,119,65535
1,6,96,105,1,0,0,120,65535
1,6,102,106,1,0,0,121,65535
1,6,106,107,1,0,0,122,65535
1,6,108,109,1,0,0,123,65535
1,6,110,96,4,0,0,124,125
1,6,95,111,4,0,0,126,127
1,6,111,112,4,0,0,128,129
1,6,112,113,4,0,0,130,131
1,6,113,110,4,0,0,132,133
1,6,114,99,1,0,0,134,65535
1,6,115,101,4,0,0,135,136
1,6,100,101,12,0,0,137,138
1,6,100,116,1,0,0,139,65535
1,6,117,101,1,0,0,140,65535
1,6,116,118,1,0,0,141,65535
1,6,118,119,1,0,0,142,65535
1,6,120,117,1,0,0,143,65535
1,6,94,93,12,2,5,144,145
1,6,121,122,4,1,0,146,147
1,6,123,108,1,0,0,148,65535
1,6,109,97,1,0,0,149,65535
1,6,105,124,1,0,0,150,65535
1,6,124,114,1,0,0,151,65535
1,6,103,125,1,0,0,152,65535
1,6,125,104,1,0,0,153,65535
1,6,126,127,1,0,0,154,65535
1,6,127,128,1,0,0,155,65535
1,6,128,129,1,0,0,156,65535
1,6,129,130,1,0,0,157,65535
1,6,130,131,1,0,0,158,65535
1,6,131,132,1,0,0,159,65535
1,6,132,133,1,0,0,160,65535
1,6,133,126,1,0,0,161,65535
1,6,134,135,1,0,0,162,65535
1,6,135,136,1,0,0,163,65535
1,6,136,137,1,0,0,164,65535
1,6,137,138,1,0,0,165,65535
1,6,138,139,1,0,0,166,65535
1,6,139,140,1,0,0,167,65535
1,6,140,141,1,0,0,168,65535
1,6,141,134,1,0,0,169,65535
1,6,124,115,4,0,0,170,171
1,6,107,123,44,0,0,172,173
1,6,142,143,1,0,0,174,65535
1,6,107,142,1,0,0,175,65535
1,6,144,123,1,0,0,176,65535
1,6,144,142,4,88,6,177,178
1,6,145,120,1,0,0,179,65535
1,6,146,147,1,0,0,180,65535
1,6,143,146,1,0,0,181,65535
1,6,148,144,1,0,0,182,65535
1,6,147,149,1,0,0,183,65535
1,6,149,150,1,0,0,184,65535
1,6,90,151,1,0,0,185,65535
1,6,152,91,1,0,0,186,65535
1,6,151,153,17,0,0,187,65535
1,6,153,154,1,0,0,188,65535
1,6,155,152,17,0,0,189,65535
1,6,156,155,1,0,0,190,65535
1,6,157,156,1,0,0,191,65535
1,6,154,157,1,0,0,192,65535
1,6,151,152,36,0,0,193,194
1,6,155,153,4,0,0,195,196
1,6,80,158,1,0,0,197,65535
1,6,158,159,36,0,0,198,199
1,6,159,40,1,0,0,200,65535
1,6,158,122,17,0,0,201,65535
1,6,121,159,17,0,0,202,65535
1,6,15,160,6,0,0,203,204
1,6,161,10,6,0,0,205,206
1,6,15,10,28,0,0,207,208
1,6,162,10,1,0,0,209,65535
1,6,12,163,1,0,0,210,65535
1,6,9,164,6,0,0,211,212
1,6,165,14,6,0,0,213,214
1,6,166,167,1,0,0,215,65535
1,6,168,169,1,0,0,216,65535
1,6,30,168,1,0,0,217,65535
1,6,167,7,1,0,0,218,65535
1,6,168,167,30,0,0,219,220
1,6,170,171,1,0,0,221,65535
1,6,41,33,1,0,0,222,65535
1,6,172,173,1,0,0,223,65535
1,6,174,175,1,0,0,224,65535
1,6,176,177,1,0,0,225,65535
1,6,178,179,1,0,0,226,65535
1,6,180,181,1,0,0,227,65535
1,6,181,182,1,0,0,228,65535
1,6,182,183,36,0,0,229,230
1,6,183,184,1,0,0,231,65535
1,6,184,185,1,0,0,232,65535
1,6,186,187,4,0,0,233,234
1,6,188,186,4,0,0,235,236
1,6,189,190,4,0,0,237,238
1,6,191,192,4,0,0,239,240
1,6,185,193,36,0,0,241,242
1,6,194,178,36,0,0,243,244
1,6,195,196,36,0,0,245,246
1,6,197,195,1,0,0,247,65535
1,6,198,197,36,0,0,248,249
1,6,193,198,1,0,0,250,65535
1,6,199,200,4,0,0,251,252
1,6,201,191,4,0,0,253,254
1,6,177,174,70,16,9,255,256
1,6,179,176,1,0,0,257,65535
1,6,175,180,1,0,0,258,65535
1,6,171,174,1,0,0,259,65535
1,6,39,202,1,0,0,260,65535
1,6,177,203,1,0,0,261,65535
1,6,202,42,1,0,0,262,65535
1,6,163,204,1,0,0,263,65535
1,6,205,22,1,0,0,264,65535
1,6,204,205,92,0,0,265,266
1,6,206,170,1,0,0,267,65535
1,6,160,205,6,0,0,268,269
1,6,204,161,6,0,0,270,271
1,6,203,207,1,0,0,272,65535
1,6,207,208,1,0,0,273,65535
1,6,28,165,6,0,0,274,275
1,6,164,29,6,0,0,276,277
1,6,209,210,1,0,0,278,65535
1,6,210,211,1,0,0,279,65535
1,6,212,213,12,0,0,280,281
1,6,214,215,4,0,0,282,283
1,6,216,217,4,0,0,284,285
1,6,212,214,1,0,0,286,65535
1,6,214,216,1,0,0,287,65535
1,6,216,218,1,0,0,288,65535
1,6,218,219,1,0,0,289,65535
1,6,219,220,1,0,0,290,65535
1,6,220,221,1,0,0,291,65535
1,6,221,222,1,0,0,292,65535
1,6,222,223,1,0,0,293,65535
1,6,223,224,1,0,0,294,65535
1,6,224,225,1,0,0,295,65535
1,6,225,226,1,0,0,296,65535
1,6,218,227,4,0,0,297,298
1,6,219,228,4,0,0,299,300
1,6,220,229,4,0,0,301,302
1,6,221,230,4,0,0,303,304
1,6,222,231,4,0,0,305,306
1,6,223,232,4,0,0,307,308
1,6,224,233,4,0,0,309,310
1,6,225,234,4,0,0,311,312
1,6,215,213,1,0,0,313,65535
1,6,217,215,1,0,0,314,65535
1,6,227,217,1,0,0,315,65535
1,6,228,227,1,0,0,316,65535
1,6,229,228,1,0,0,317,65535
1,6,230,229,1,0,0,318,65535
1,6,231,230,1,0,0,319,65535
1,6,232,231,1,0,0,320,65535
1,6,233,232,1,0,0,321,65535
1,6,234,233,1,0,0,322,65535
1,6,235,234,1,0,0,323,65535
1,6,236,235,1,0,0,324,65535
1,6,226,237,1,0,0,325,65535
1,6,173,238,1,0,0,326,65535
1,6,238,239,1,0,0,327,65535
1,6,82,31,1,0,0,328,65535
1,6,240,236,1,0,0,329,65535
1,6,241,242,1,0,0,330,65535
1,6,237,241,1,0,0,331,65535
1,6,211,243,1,0,0,332,65535
1,6,244,245,1,0,0,333,65535
1,6,245,246,1,0,0,334,65535
1,6,246,247,1,0,0,335,65535
1,6,248,249,1,0,0,336,65535
1,6,249,250,1,0,0,337,65535
1,6,251,252,1,0,0,338,65535
1,6,252,253,1,0,0,339,65535
1,6,253,244,4,0,0,340,341
1,6,254,244,4,0,0,342,343
1,6,255,254,4,0,0,344,345
1,6,253,256,4,0,0,346,347
1,6,256,257,4,0,0,348,349
1,6,257,251,4,0,0,350,351
1,6,250,258,4,0,0,352,353
1,6,258,248,4,0,0,354,355
1,6,247,259,4,0,0,356,357
1,6,259,255,4,0,0,358,359
1,6,247,248,4,0,0,360,361
1,6,250,251,4,0,0,362,363
1,6,260,261,1,0,0,364,65535
1,6,262,263,1,0,0,365,65535
1,6,263,264,1,0,0,366,65535
1,6,265,266,1,0,0,367,65535
1,6,266,267,1,0,0,368,65535
1,6,268,269,1,0,0,369,65535
1,6,261,270,4,0,0,370,371
1,6,270,271,4,0,0,372,373
1,6,272,273,4,0,0,374,375
1,6,273,268,4,0,0,376,377
1,6,267,274,4,0,0,378,379
1,6,274,265,4,0,0,380,381
1,6,264,275,4,0,0,382,383
1,6,275,262,4,0,0,384,385
1,6,261,262,4,0,0,386,387
1,6,264,265,4,0,0,388,389
1,6,267,268,4,0,0,390,391
1,6,261,276,1,0,0,392,65535
1,6,276,277,1,0,0,393,65535
1,6,277,251,1,0,0,394,65535
1,6,250,278,1,0,0,395,65535
1,6,278,279,1,0,0,396,65535
1,6,279,262,1,0,0,397,65535
1,6,280,281,1,0,0,398,65535
1,6,282,283,1,0,0,399,65535
1,6,284,285,1,0,0,400,65535
1,6,286,287,1,0,0,401,65535
1,6,272,271,4,0,0,402,403
1,6,282,288,14,0,0,404,405
1,6,283,289,4,2,11,406,407
1,6,290,291,4,0,0,408,409
1,6,292,293,4,2,15,410,411
1,6,294,295,6,0,0,412,413
1,6,283,290,1,0,0,414,65535
1,6,290,292,1,0,0,415,65535
1,6,292,294,1,0,0,416,65535
1,6,285,295,1,0,0,417,65535
1,6,295,293,1,0,0,418,65535
1,6,293,291,1,0,0,419,65535
1,6,291,289,1,0,0,420,65535
1,6,289,288,1,0,0,421,65535
1,6,264,296,1,0,0,422,65535
1,6,297,265,1,0,0,423,65535
1,6,267,298,1,0,0,424,65535
1,6,299,268,1,0,0,425,65535
1,6,247,300,1,0,0,426,65535
1,6,301,248,1,0,0,427,65535
1,6,302,303,1,0,0,428,65535
1,6,303,304,1,0,0,429,65535
1,6,305,306,1,0,0,430,65535
1,6,306,307,1,0,0,431,65535
1,6,308,309,1,0,0,432,65535
1,6,309,310,1,0,0,433,65535
1,6,311,312,1,0,0,434,65535
1,6,312,313,1,0,0,435,65535
1,6,304,314,4,0,0,436,437
1,6,314,302,4,0,0,438,439
1,6,313,315,4,0,0,440,441
1,6,315,311,4,0,0,442,443
1,6,310,316,4,0,0,444,445
1,6,316,308,4,0,0,446,447
1,6,307,317,4,0,0,448,449
1,6,317,305,4,0,0,450,451
1,6,304,305,4,0,0,452,453
1,6,307,308,4,0,0,454,455
1,6,310,311,4,0,0,456,457
1,6,313,302,4,0,0,458,459
1,6,318,319,1,0,0,460,65535
1,6,319,320,1,0,0,461,65535
1,6,321,322,1,0,0,462,65535
1,6,322,323,1,0,0,463,65535
1,6,324,325,1,0,0,464,65535
1,6,325,326,1,0,0,465,65535
1,6,327,328,1,0,0,466,65535
1,6,328,329,1,0,0,467,65535
1,6,320,330,4,0,0,468,469
1,6,330,318,4,0,0,470,471
1,6,329,331,4,0,0,472,473
1,6,331,327,4,0,0,474,475
1,6,326,332,4,0,0,476,477
1,6,332,324,4,0,0,478,479
1,6,323,333,4,0,0,480,481
1,6,333,321,4,0,0,482,483
1,6,320,321,4,0,0,484,485
1,6,323,324,4,0,0,486,487
1,6,326,327,4,0,0,488,489
1,6,329,318,4,0,0,490,491
1,6,298,334,1,0,0,492,65535
1,6,334,335,1,0,0,493,65535
1,6,335,336,1,0,0,494,65535
1,6,336,337,1,0,0,495,65535
1,6,337,318,1,0,0,496,65535
1,6,329,338,1,0,0,497,65535
1,6,338,339,1,0,0,498,65535
1,6,339,340,1,0,0,499,65535
1,6,340,341,1,0,0,500,65535
1,6,341,299,1,0,0,501,65535
1,6,296,342,1,0,0,502,65535
1,6,342,302,1,0,0,503,65535
1,6,313,343,1,0,0,504,65535
1,6,343,344,1,0,0,505,65535
1,6,344,345,1,0,0,506,65535
1,6,345,321,1,0,0,507,65535
1,6,320,346,1,0,0,508,65535
1,6,346,347,1,0,0,509,65535
1,6,347,297,1,0,0,510,65535
1,6,310,348,1,0,0,511,65535
1,6,348,349,1,0,0,512,65535
1,6,349,350,1,0,0,513,65535
1,6,351,352,1,0,0,514,65535
1,6,352,311,1,0,0,515,65535
1,6,323,353,1,0,0,516,65535
1,6,353,351,1,0,0,517,65535
1,6,326,354,1,0,0,518,65535
1,6,354,355,1,0,0,519,65535
1,6,356,357,1,0,0,520,65535
1,6,357,358,1,0,0,521,65535
1,6,358,359,1,0,0,522,65535
1,6,359,324,1,0,0,523,65535
1,6,360,361,1,0,0,524,65535
1,6,361,362,1,0,0,525,65535
1,6,363,364,1,0,0,526,65535
1,6,364,365,1,0,0,527,65535
1,6,365,327,1,0,0,528,65535
1,6,350,366,1,0,0,529,65535
1,6,366,367,1,0,0,530,65535
1,6,367,368,1,0,0,531,65535
1,6,368,369,1,0,0,532,65535
1,6,369,370,1,0,0,533,65535
1,6,370,371,1,0,0,534,65535
1,6,371,308,1,0,0,535,65535
1,6,307,372,1,0,0,536,65535
1,6,372,373,1,0,0,537,65535
1,6,374,375,1,0,0,538,65535
1,6,375,376,1,0,0,539,65535
1,6,376,377,1,0,0,540,65535
1,6,377,360,1,0,0,541,65535
1,6,300,378,1,0,0,542,65535
1,6,378,379,1,0,0,543,65535
1,6,379,380,1,0,0,544,65535
1,6,380,381,1,0,0,545,65535
1,6,381,305,1,0,0,546,65535
1,6,304,382,1,0,0,547,65535
1,6,382,383,1,0,0,548,65535
1,6,383,384,1,0,0,549,65535
1,6,384,385,1,0,0,550,65535
1,6,385,386,1,0,0,551,65535
1,6,386,301,1,0,0,552,65535
1,6,387,388,1,0,0,553,65535
1,6,388,284,28,0,0,554,555
1,6,362,389,1,0,0,556,65535
1,6,390,363,1,0,0,557,65535
1,6,391,392,17,103,4,558,65535
1,6,393,271,1,0,0,559,65535
1,6,394,393,1,0,0,560,65535
1,6,272,395,1,0,0,561,65535
1,6,395,280,1,0,0,562,65535
1,6,393,395,6,0,0,563,564
1,6,355,396,1,0,0,565,65535
1,6,397,356,1,0,0,566,65535
1,6,396,397,1,0,0,567,65535
1,6,389,397,4,0,0,568,569
1,6,396,390,4,0,0,570,571
1,6,392,398,1,0,0,572,65535
1,6,399,391,1,0,0,573,65535
1,6,398,390,1,0,0,574,65535
1,6,389,399,1,0,0,575,65535
1,6,400,401,29,0,0,576,577
1,6,388,401,1,0,0,578,65535
1,6,400,284,1,0,0,579,65535
1,6,402,403,6,0,0,580,581
1,6,404,405,4,0,0,582,583
1,6,406,404,1,0,0,584,65535
1,6,404,403,76,0,0,585,586
1,6,402,405,12,36,7,587,588
1,6,407,405,1,0,0,589,65535
1,6,402,408,1,0,0,590,65535
1,6,409,410,1,0,0,591,65535
1,6,411,412,1,0,0,592,65535
1,6,413,411,1,0,0,593,65535
1,6,414,413,1,0,0,594,65535
1,6,410,415,1,0,0,595,65535
1,6,416,417,1,0,0,596,65535
1,6,417,418,1,0,0,597,65535
1,6,418,419,1,0,0,598,65535
1,6,420,421,1,0,0,599,65535
1,6,422,423,1,0,0,600,65535
1,6,424,425,1,0,0,601,65535
1,6,425,426,1,0,0,602,65535
1,6,426,427,1,0,0,603,65535
1,6,415,428,1,0,0,604,65535
1,6,428,429,1,0,0,605,65535
1,6,429,430,1,0,0,606,65535
1,6,430,431,1,0,0,607,65535
1,6,432,433,1,0,0,608,65535
1,6,433,424,1,0,0,609,65535
1,6,423,434,1,0,0,610,65535
1,6,434,435,1,0,0,611,65535
1,6,436,437,1,0,0,612,65535
1,6,437,420,1,0,0,613,65535
1,6,419,438,1,0,0,614,65535
1,6,438,439,1,0,0,615,65535
1,6,440,414,1,0,0,616,65535
1,6,441,442,1,0,0,617,65535
1,6,442,443,1,0,0,618,65535
1,6,443,440,1,0,0,619,65535
1,6,444,432,1,0,0,620,65535
1,6,445,444,1,0,0,621,65535
1,6,446,445,1,0,0,622,65535
1,6,447,446,1,0,0,623,65535
1,6,431,448,1,0,0,624,65535
1,6,448,449,1,0,0,625,65535
1,6,449,450,1,0,0,626,65535
1,6,450,451,1,0,0,627,65535
1,6,452,453,1,0,0,628,65535
1,6,439,452,1,0,0,629,65535
1,6,454,455,1,0,0,630,65535
1,6,455,441,1,0,0,631,65535
1,6,453,456,1,0,0,632,65535
1,6,457,454,1,0,0,633,65535
1,6,427,416,12,0,0,634,635
1,6,422,421,4,0,0,636,637
1,6,423,420,4,0,0,638,639
1,6,434,437,4,0,0,640,641
1,6,435,436,4,0,0,642,643
1,6,458,436,1,0,0,644,65535
1,6,459,458,1,0,0,645,65535
1,6,460,461,1,0,0,646,65535
1,6,435,460,1,0,0,647,65535
1,6,461,462,1,0,0,648,65535
1,6,462,463,1,0,0,649,65535
1,6,464,465,1,0,0,650,65535
1,6,465,459,1,0,0,651,65535
1,6,460,458,4,0,0,652,653
1,6,461,459,4,0,0,654,655
1,6,462,465,4,0,0,656,657
1,6,463,464,4,0,0,658,659
1,6,463,466,1,0,0,660,65535
1,6,467,464,1,0,0,661,65535
1,6,426,415,4,0,0,662,663
1,6,425,428,4,0,0,664,665
1,6,424,429,4,0,0,666,667
1,6,433,430,4,0,0,668,669
1,6,432,431,4,0,0,670,671
1,6,444,448,4,0,0,672,673
1,6,445,449,4,0,0,674,675
1,6,446,450,4,0,0,676,677
1,6,447,451,12,0,0,678,679
1,6,414,417,4,0,0,680,681
1,6,440,418,4,0,0,682,683
1,6,443,419,4,0,0,684,685
1,6,442,438,4,0,0,686,687
1,6,441,439,4,0,0,688,689
1,6,455,452,4,0,0,690,691
1,6,454,453,4,0,0,692,693
1,6,457,456,4,0,0,694,695
1,6,468,469,12,0,0,696,697
1,6,470,471,1,0,0,698,65535
1,6,471,472,1,0,0,699,65535
1,6,472,473,1,0,0,700,65535
1,6,473,474,1,0,0,701,65535
1,6,474,475,1,0,0,702,65535
1,6,476,477,1,0,0,703,65535
1,6,477,478,1,0,0,704,65535
1,6,478,479,1,0,0,705,65535
1,6,479,480,1,0,0,706,65535
1,6,480,481,1,0,0,707,65535
1,6,482,483,1,0,0,708,65535
1,6,484,482,1,0,0,709,65535
1,6,485,486,1,0,0,710,65535
1,6,486,487,17,0,0,711,65535
1,6,488,484,17,0,0,712,65535
1,6,489,476,17,0,0,713,65535
1,6,475,490,17,0,0,714,65535
1,6,489,490,4,0,0,715,716
1,6,488,487,4,0,0,717,718
1,6,484,486,4,0,0,719,720
1,6,476,475,4,0,0,721,722
1,6,487,491,17,0,0,723,65535
1,6,491,492,17,0,0,724,65535
1,6,493,494,17,0,0,725,65535
1,6,494,489,17,0,0,726,65535
1,6,495,496,17,0,0,727,65535
1,6,497,495,17,0,0,728,65535
1,6,498,499,4,0,0,729,730
1,6,499,500,17,0,0,731,65535
1,6,500,501,17,0,0,732,65535
1,6,501,502,4,0,0,733,734
1,6,502,503,17,0,0,735,65535
1,6,503,497,4,0,0,736,737
1,6,504,505,21,0,0,738,739
1,6,505,506,21,0,0,740,741
1,6,506,493,21,0,0,742,743
1,6,507,508,5,0,0,744,745
1,6,508,509,5,0,0,746,747
1,6,509,510,5,0,0,748,749
1,6,504,511,1,0,0,750,65535
1,6,512,493,1,0,0,751,65535
1,6,511,510,1,0,0,752,65535
1,6,507,512,1,0,0,753,65535
1,6,510,507,12,0,0,754,755
1,6,513,514,4,0,0,756,757
1,6,515,516,4,0,0,758,759
1,6,516,517,4,0,0,760,761
1,6,518,519,4,0,0,762,763
1,6,519,520,4,0,0,764,765
1,6,520,521,4,0,0,766,767
1,6,522,523,4,0,0,768,769
1,6,524,513,20,0,0,770,771
1,6,514,515,4,0,0,772,773
1,6,517,518,4,0,0,774,775
1,6,521,522,4,0,0,776,777
1,6,492,525,1,0,0,778,65535
1,6,525,526,1,103,3,779,65535
1,6,526,527,1,0,0,780,65535
1,6,527,504,1,0,0,781,65535
1,6,492,527,12,76,2,782,783
1,6,523,524,4,0,0,784,785
1,6,528,529,4,0,0,786,787
1,6,503,529,17,0,0,788,65535
1,6,528,497,17,0,0,789,65535
1,6,496,488,17,0,0,790,65535
1,6,530,498,17,0,0,791,65535
1,6,490,530,17,0,0,792,65535
1,6,531,532,1,0,0,793,65535
1,6,533,534,1,0,0,794,65535
1,6,532,535,1,0,0,795,65535
1,6,536,533,1,0,0,796,65535
1,6,535,536,4,1,0,797,798
1,6,537,538,4,1,0,799,800
1,6,538,539,1,0,0,801,65535
1,6,540,537,1,0,0,802,65535
1,6,537,536,17,0,0,803,65535
1,6,535,538,17,0,0,804,65535
1,6,539,541,1,0,0,805,65535
1,6,541,542,1,0,0,806,65535
1,6,542,543,1,0,0,807,65535
1,6,544,545,1,0,0,808,65535
1,6,546,540,1,0,0,809,65535
1,6,547,546,17,0,0,810,65535
1,6,545,548,17,0,0,811,65535
1,6,548,547,17,11,0,812,65535
1,6,532,533,12,0,0,813,814
1,6,549,550,5,0,0,815,816
1,6,551,552,5,0,0,817,818
1,6,551,553,17,0,0,819,65535
1,6,552,554,1,0,0,820,65535
1,6,555,556,1,0,0,821,65535
1,6,556,552,17,0,0,822,65535
1,6,557,549,1,0,0,823,65535
1,6,549,558,17,0,0,824,65535
1,6,558,559,1,0,0,825,65535
1,6,560,561,1,0,0,826,65535
1,6,561,562,1,0,0,827,65535
1,6,562,563,1,0,0,828,65535
1,6,563,564,1,0,0,829,65535
1,6,564,565,1,0,0,830,65535
1,6,565,566,1,0,0,831,65535
1,6,566,567,1,0,0,832,65535
1,6,567,568,1,0,0,833,65535
1,6,568,557,1,0,0,834,65535
1,6,569,570,1,0,0,835,65535
1,6,571,569,1,0,0,836,65535
1,6,572,571,1,0,0,837,65535
1,6,573,572,1,0,0,838,65535
1,6,574,573,1,0,0,839,65535
1,6,575,574,1,0,0,840,65535
1,6,576,575,1,0,0,841,65535
1,6,577,576,1,0,0,842,65535
1,6,554,577,1,0,0,843,65535
1,6,556,553,5,0,0,844,845
1,6,578,551,1,0,0,846,65535
1,6,579,580,1,0,0,847,65535
1,6,581,582,1,0,0,848,65535
1,6,583,584,1,0,0,849,65535
1,6,584,585,1,0,0,850,65535
1,6,550,586,1,0,0,851,65535
1,6,587,550,17,0,0,852,65535
1,6,587,558,5,0,0,853,854
1,6,588,587,1,0,0,855,65535
1,6,557,554,4,0,0,856,857
1,6,568,577,4,0,0,858,859
1,6,567,576,4,0,0,860,861
1,6,566,575,4,0,0,862,863
1,6,565,574,4,0,0,864,865
1,6,564,573,4,0,0,866,867
1,6,563,572,4,0,0,868,869
1,6,562,571,4,0,0,870,871
1,6,561,569,4,0,0,872,873
1,6,560,570,4,0,0,874,875
1,6,589,590,12,0,0,876,877
1,6,559,589,1,0,0,878,65535
1,6,590,555,1,0,0,879,65535
1,6,559,591,6,0,0,880,881
1,6,591,592,6,0,0,882,883
1,6,593,555,6,0,0,884,885
1,6,594,593,6,0,0,886,887
1,6,595,596,6,0,0,888,889
1,6,596,597,6,0,0,890,891
1,6,597,598,6,0,0,892,893
1,6,598,599,6,0,0,894,895
1,6,599,600,6,0,0,896,897
1,6,600,595,1,0,0,898,65535
1,6,592,601,1,0,0,899,65535
1,6,601,588,1,0,0,900,65535
1,6,602,594,1,0,0,901,65535
1,6,603,602,1,0,0,902,65535
1,6,594,600,12,0,0,903,904
1,6,595,592,12,0,0,905,906
1,6,604,605,1,0,0,907,65535
1,6,605,606,1,0,0,908,65535
1,6,606,607,1,0,0,909,65535
1,6,607,608,1,0,0,910,65535
1,6,608,609,1,0,0,911,65535
1,6,609,610,1,0,0,912,65535
1,6,610,611,1,0,0,913,65535
1,6,611,604,1,0,0,914,65535
1,6,612,613,1,0,0,915,65535
1,6,613,614,1,0,0,916,65535
1,6,614,615,1,0,0,917,65535
1,6,615,616,1,0,0,918,65535
1,6,616,617,1,0,0,919,65535
1,6,617,618,1,0,0,920,65535
1,6,618,619,1,0,0,921,65535
1,6,619,612,1,0,0,922,65535
1,6,620,621,1,0,0,923,65535
1,6,621,622,1,0,0,924,65535
1,6,622,623,1,0,0,925,65535
1,6,623,624,1,0,0,926,65535
1,6,624,625,1,0,0,927,65535
1,6,625,626,1,0,0,928,65535
1,6,626,627,1,0,0,929,65535
1,6,627,620,1,0,0,930,65535
1,6,628,629,1,0,0,931,65535
1,6,629,630,1,0,0,932,65535
1,6,630,631,1,0,0,933,65535
1,6,631,632,1,0,0,934,65535
1,6,632,633,1,0,0,935,65535
1,6,633,634,1,0,0,936,65535
1,6,634,635,1,0,0,937,65535
1,6,635,628,1,0,0,938,65535
1,6,636,637,1,0,0,939,65535
1,6,637,638,1,0,0,940,65535
1,6,638,639,1,0,0,941,65535
1,6,639,640,1,0,0,942,65535
1,6,640,641,1,0,0,943,65535
1,6,641,642,1,0,0,944,65535
1,6,642,643,1,0,0,945,65535
1,6,643,636,1,0,0,946,65535
1,6,644,645,1,0,0,947,65535
1,6,646,647,5,0,0,948,949
1,6,648,649,1,0,0,950,65535
1,6,649,650,1,0,0,951,65535
1,6,650,651,1,0,0,952,65535
1,6,652,653,4,0,0,953,954
1,6,654,655,4,0,0,955,956
1,6,656,657,4,0,0,957,958
1,6,658,659,4,0,0,959,960
1,6,660,661,4,0,0,961,962
1,6,662,663,4,0,0,963,964
1,6,664,665,4,0,0,965,966
1,6,666,667,4,0,0,967,968
1,6,668,669,4,0,0,969,970
1,6,670,671,12,0,0,971,972
1,6,668,670,1,0,0,973,65535
1,6,666,668,1,0,0,974,65535
1,6,664,666,1,0,0,975,65535
1,6,662,664,1,0,0,976,65535
1,6,660,662,1,0,0,977,65535
1,6,658,660,1,0,0,978,65535
1,6,656,658,1,0,0,979,65535
1,6,654,656,1,0,0,980,65535
1,6,652,654,1,0,0,981,65535
1,6,645,652,1,0,0,982,65535
1,6,671,669,1,0,0,983,65535
1,6,669,667,1,0,0,984,65535
1,6,667,665,1,0,0,985,65535
1,6,665,663,1,0,0,986,65535
1,6,663,661,1,0,0,987,65535
1,6,661,659,1,0,0,988,65535
1,6,659,657,1,0,0,989,65535
1,6,657,655,1,0,0,990,65535
1,6,655,653,1,0,0,991,65535
1,6,653,672,1,0,0,992,65535
1,6,673,674,17,0,0,993,65535
1,6,675,676,1,0,0,994,65535
1,6,677,678,4,0,0,995,996
1,6,579,585,4,0,0,997,998
1,6,677,579,1,0,0,999,65535
1,6,679,677,1,0,0,1000,65535
1,6,585,678,1,0,0,1001,65535
1,6,678,680,1,0,0,1002,65535
1,6,681,682,4,0,0,1003,1004
1,6,679,680,4,0,0,1005,1006
1,6,681,679,1,0,0,1007,65535
1,6,683,681,1,0,0,1008,65535
1,6,680,682,1,0,0,1009,65535
1,6,682,684,1,0,0,1010,65535
1,6,685,686,4,0,0,1011,1012
1,6,683,684,4,0,0,1013,1014
1,6,685,683,1,0,0,1015,65535
1,6,687,685,1,0,0,1016,65535
1,6,684,686,1,0,0,1017,65535
1,6,686,688,1,0,0,1018,65535
1,6,689,690,4,0,0,1019,1020
1,6,687,688,4,0,0,1021,1022
1,6,689,687,1,0,0,1023,65535
1,6,691,689,1,0,0,1024,65535
1,6,688,690,1,0,0,1025,65535
1,6,690,692,1,0,0,1026,65535
1,6,693,694,4,0,0,1027,1028
1,6,691,692,4,0,0,1029,1030
1,6,693,691,1,0,0,1031,65535
1,6,695,693,1,0,0,1032,65535
1,6,692,694,1,0,0,1033,65535
1,6,694,696,1,0,0,1034,65535
1,6,695,696,12,0,0,1035,1036
1,6,645,672,12,0,0,1037,1038
1,6,586,675,1,0,0,1039,65535
1,6,580,578,1,0,0,1040,65535
1,6,697,698,1,0,0,1041,65535
1,6,698,699,1,0,0,1042,65535
1,6,699,700,1,0,0,1043,65535
1,6,700,701,1,0,0,1044,65535
1,6,701,702,1,0,0,1045,65535
1,6,702,703,1,0,0,1046,65535
1,6,703,704,1,0,0,1047,65535
1,6,704,697,1,0,0,1048,65535
1,6,705,706,1,0,0,1049,65535
1,6,706,707,1,0,0,1050,65535
1,6,707,708,1,0,0,1051,65535
1,6,708,709,1,0,0,1052,65535
1,6,709,710,1,0,0,1053,65535
1,6,710,711,1,0,0,1054,65535
1,6,711,712,1,0,0,1055,65535
1,6,712,705,1,0,0,1056,65535
1,6,674,713,17,103,1,1057,65535
1,6,714,581,1,0,0,1058,65535
1,6,715,716,4,0,0,1059,1060
1,6,714,676,4,0,0,1061,1062
1,6,715,714,1,0,0,1063,65535
1,6,717,715,1,0,0,1064,65535
1,6,676,716,1,0,0,1065,65535
1,6,716,718,1,0,0,1066,65535
1,6,719,720,4,0,0,1067,1068
1,6,717,718,4,0,0,1069,1070
1,6,719,717,1,0,0,1071,65535
1,6,721,719,1,0,0,1072,65535
1,6,718,720,1,0,0,1073,65535
1,6,720,722,1,0,0,1074,65535
1,6,723,724,4,0,0,1075,1076
1,6,721,722,4,0,0,1077,1078
1,6,723,721,1,0,0,1079,65535
1,6,725,723,1,0,0,1080,65535
1,6,722,724,1,0,0,1081,65535
1,6,724,726,1,0,0,1082,65535
1,6,727,728,4,0,0,1083,1084
1,6,725,726,4,0,0,1085,1086
1,6,727,725,1,0,0,1087,65535
1,6,729,727,1,0,0,1088,65535
1,6,726,728,1,0,0,1089,65535
1,6,728,730,1,0,0,1090,65535
1,6,731,732,4,0,0,1091,1092
1,6,729,730,4,0,0,1093,1094
1,6,731,729,1,0,0,1095,65535
1,6,733,731,1,0,0,1096,65535
1,6,730,732,1,0,0,1097,65535
1,6,732,734,1,0,0,1098,65535
1,6,733,734,12,0,0,1099,1100
1,6,735,736,12,0,0,1101,1102
1,6,553,737,1,0,0,1103,65535
1,6,737,738,30,0,0,1104,1105
1,6,738,603,1,0,0,1106,65535
1,6,739,409,1,0,0,1107,65535
1,6,412,740,1,0,0,1108,65535
1,6,740,741,17,0,0,1109,65535
1,6,741,738,1,0,0,1110,65535
1,6,737,742,1,0,0,1111,65535
1,6,742,743,17,0,0,1112,65535
1,6,743,739,1,0,0,1113,65535
1,6,742,741,4,0,0,1114,1115
1,6,740,743,4,0,0,1116,1117
1,6,739,412,12,76,1,1118,1119
1,6,744,745,1,0,0,1120,65535
1,6,746,744,12,0,0,1121,1122
1,6,747,3,1,0,0,1123,65535
1,6,748,747,1,0,0,1124,65535
1,6,1,735,1,0,0,1125,65535
1,6,735,749,17,0,0,1126,65535
1,6,749,750,17,0,0,1127,65535
1,6,750,751,1,0,0,1128,65535
1,6,696,752,1,0,0,1129,65535
1,6,752,753,17,0,0,1130,65535
1,6,749,753,4,27,0,1131,1132
1,6,752,750,4,27,0,1133,1134
1,6,753,754,17,0,0,1135,65535
1,6,754,736,1,0,0,1136,65535
1,6,755,756,1,0,0,1137,65535
1,6,756,757,17,0,0,1138,65535
1,6,757,744,17,0,0,1139,65535
1,6,746,758,1,0,0,1140,65535
1,6,758,759,17,0,0,1141,65535
1,6,759,760,17,0,0,1142,65535
1,6,760,733,1,0,0,1143,65535
1,6,759,757,4,27,0,1144,1145
1,6,756,760,4,27,0,1146,1147
1,6,403,761,1,0,0,1148,65535
1,6,762,406,1,0,0,1149,65535
1,6,242,763,1,0,0,1150,65535
1,6,763,121,1,0,0,1151,65535
1,6,122,764,1,0,0,1152,65535
1,6,764,240,1,0,0,1153,65535
1,6,119,765,1,0,0,1154,65535
1,6,765,212,1,0,0,1155,65535
1,6,213,766,1,0,0,1156,65535
1,6,766,145,1,0,0,1157,65535
1,6,150,767,1,0,0,1158,65535
1,6,147,767,4,88,6,1159,1160
1,6,143,767,4,0,0,1161,1162
1,6,767,148,1,0,0,1163,65535
1,6,745,768,1,0,0,1164,65535
1,6,769,748,1,0,0,1165,65535
1,6,768,769,76,0,0,1166,1167
1,6,510,770,1,0,0,1168,65535
1,6,770,467,1,0,0,1169,65535
1,6,466,771,1,0,0,1170,65535
1,6,771,507,1,0,0,1171,65535
1,6,427,772,1,0,0,1172,65535
1,6,772,422,1,0,0,1173,65535
1,6,421,773,1,0,0,1174,65535
1,6,773,416,1,0,0,1175,65535
1,6,481,774,1,0,0,1176,65535
1,6,774,447,1,0,0,1177,65535
1,6,451,775,1,0,0,1178,65535
1,6,775,470,1,0,0,1179,65535
1,6,456,469,1,0,0,1180,65535
1,6,468,457,1,0,0,1181,65535
1,6,469,776,1,0,0,1182,65535
1,6,776,777,1,0,0,1183,65535
1,6,778,468,1,0,0,1184,65535
1,6,768,779,1,0,0,1185,65535
1,6,779,403,1,0,0,1186,65535
1,6,404,780,1,0,0,1187,65535
1,6,780,769,1,0,0,1188,65535
1,6,76,781,17,0,0,1189,65535
1,6,781,162,1,0,0,1190,65535
1,6,13,782,1,0,0,1191,65535
1,6,782,77,17,0,0,1192,65535
1,6,76,77,4,1,0,1193,1194
1,6,782,781,4,1,0,1195,1196
1,6,751,783,1,0,0,1197,65535
1,6,783,695,1,0,0,1198,65535
1,6,734,784,1,0,0,1199,65535
1,6,784,755,1,0,0,1200,65535
1,6,243,785,1,0,0,1201,65535
1,6,785,166,1,0,0,1202,65535
1,6,169,786,1,0,0,1203,65535
1,6,786,209,1,0,0,1204,65535
1,6,239,787,17,0,0,1205,65535
1,6,787,788,17,0,0,1206,65535
1,6,788,85,1,0,0,1207,65535
1,6,92,789,1,0,0,1208,65535
1,6,789,790,17,0,0,1209,65535
1,6,790,83,17,0,0,1210,65535
1,6,789,788,4,28,0,1211,1212
1,6,787,790,4,28,0,1213,1214
1,6,88,791,1,0,0,1215,65535
1,6,791,792,17,0,0,1216,65535
1,6,792,81,17,0,0,1217,65535
1,6,84,793,17,0,0,1218,65535
1,6,793,794,17,0,0,1219,65535
1,6,794,89,1,0,0,1220,65535
1,6,793,792,4,28,0,1221,1222
1,6,791,794,4,28,0,1223,1224
1,6,651,795,1,0,0,1225,65535
1,6,795,600,1,0,0,1226,65535
1,6,594,796,1,0,0,1227,65535
1,6,796,797,1,0,0,1228,65535
1,6,595,798,1,0,0,1229,65535
1,6,798,648,1,0,0,1230,65535
1,6,799,592,1,0,0,1231,65535
1,6,534,800,1,0,0,1232,65535
1,6,800,528,1,0,0,1233,65535
1,6,529,801,1,0,0,1234,65535
1,6,801,531,1,0,0,1235,65535
1,6,802,803,17,0,0,1236,65535
1,6,803,804,1,0,0,1237,65535
1,6,805,806,1,0,0,1238,65535
1,6,806,807,17,0,0,1239,65535
1,6,806,803,4,26,0,1240,1241
1,6,802,807,4,26,0,1242,1243
1,6,674,808,12,0,0,1244,1245
1,6,808,809,12,0,0,1246,1247
1,6,809,713,12,0,0,1248,1249
1,6,672,810,1,0,0,1250,65535
1,6,810,646,5,0,0,1251,1252
1,6,647,811,5,0,0,1253,1254
1,6,812,799,1,0,0,1255,65535
1,6,810,813,1,0,0,1256,65535
1,6,814,811,1,0,0,1257,65535
1,6,799,798,12,0,0,1258,1259
1,6,795,796,12,0,0,1260,1261
1,6,811,815,1,0,0,1262,65535
1,6,813,816,17,0,0,1263,65535
1,6,816,817,17,0,0,1264,65535
1,6,818,819,17,0,0,1265,65535
1,6,820,821,1,0,0,1266,65535
1,6,819,822,17,0,0,1267,65535
1,6,822,823,17,0,0,1268,65535
1,6,823,824,17,0,0,1269,65535
1,6,824,825,17,0,0,1270,65535
1,6,825,826,36,0,0,1271,1272
1,6,826,827,17,0,0,1273,65535
1,6,827,820,17,0,0,1274,65535
1,6,822,828,132,0,0,1275,1276
1,6,828,829,132,0,0,1277,1278
1,6,829,826,132,0,0,1279,1280
1,6,817,830,17,0,0,1281,65535
1,6,831,832,17,0,0,1282,65535
1,6,832,818,17,0,0,1283,65535
1,6,830,833,17,0,0,1284,65535
1,6,833,671,17,0,0,1285,65535
1,6,670,834,17,0,0,1286,65535
1,6,834,835,17,0,0,1287,65535
1,6,836,837,5,0,0,1288,1289
1,6,838,836,5,0,0,1290,1291
1,6,837,644,5,0,0,1292,1293
1,6,839,838,1,0,0,1294,65535
1,6,797,839,1,0,0,1295,65535
1,6,838,840,1,0,0,1296,65535
1,6,840,841,1,0,0,1297,65535
1,6,841,842,1,0,0,1298,65535
1,6,842,843,1,0,0,1299,65535
1,6,843,844,1,0,0,1300,65535
1,6,844,845,1,0,0,1301,65535
1,6,845,846,17,0,0,1302,65535
1,6,846,847,17,0,0,1303,65535
1,6,847,848,17,0,0,1304,65535
1,6,848,849,17,0,0,1305,65535
1,6,849,850,17,0,0,1306,65535
1,6,850,851,17,0,0,1307,65535
1,6,835,852,17,0,0,1308,65535
1,6,851,853,17,0,0,1309,65535
1,6,853,673,17,0,0,1310,65535
1,6,713,854,17,0,0,1311,65535
1,6,854,831,17,0,0,1312,65535
1,6,852,855,17,0,0,1313,65535
1,6,855,856,17,0,0,1314,65535
1,6,856,644,17,0,0,1315,65535
1,6,857,848,133,0,0,1316,1317
1,6,858,857,133,0,0,1318,1319
1,6,844,858,133,0,0,1320,1321
1,6,818,859,13,0,0,1322,1323
1,6,859,817,13,0,0,1324,1325
1,6,852,860,13,0,0,1326,1327
1,6,860,850,13,0,0,1328,1329
1,6,852,851,12,0,0,1330,1331
1,6,832,817,12,0,0,1332,1333
1,6,408,861,1,0,0,1334,65535
1,6,861,805,1,0,0,1335,65535
1,6,804,862,1,0,0,1336,65535
1,6,862,407,1,0,0,1337,65535
1,6,863,244,1,0,0,1338,65535
1,6,253,864,1,0,0,1339,65535
1,6,864,865,1,0,0,1340,65535
1,6,866,863,1,0,0,1341,65535
1,6,807,866,1,0,0,1342,65535
1,6,865,802,1,0,0,1343,65535
1,6,288,867,1,0,0,1344,65535
1,6,867,286,1,0,0,1345,65535
1,6,281,868,1,0,0,1346,65535
1,6,868,282,1,0,0,1347,65535
1,6,204,206,17,0,0,1348,65535
1,6,208,205,17,0,0,1349,65535
1,6,32,869,1,0,0,1350,65535
1,6,869,29,1,0,0,1351,65535
1,6,28,870,1,0,0,1352,65535
1,6,870,172,1,0,0,1353,65535
1,6,871,872,4,0,0,1354,1355
1,6,872,873,4,0,0,1356,1357
1,6,873,762,4,0,0,1358,1359
1,6,736,874,1,0,0,1360,65535
1,6,875,746,1,0,0,1361,65535
1,6,876,877,1,0,0,1362,65535
1,6,877,878,1,0,0,1363,65535
1,6,878,879,1,0,0,1364,65535
1,6,879,876,1,0,0,1365,65535
1,6,880,881,1,0,0,1366,65535
1,6,881,882,1,0,0,1367,65535
1,6,883,884,1,0,0,1368,65535
1,6,885,886,1,0,0,1369,65535
1,6,887,888,1,0,0,1370,65535
1,6,888,889,1,0,0,1371,65535
1,6,884,890,1,0,0,1372,65535
1,6,891,885,1,0,0,1373,65535
1,6,890,892,1,0,0,1374,65535
1,6,893,891,1,0,0,1375,65535
1,6,890,891,4,62,8,1376,1377
1,6,582,894,1,0,0,1378,65535
1,6,894,895,17,0,0,1379,65535
1,6,896,897,17,0,0,1380,65535
1,6,897,583,1,0,0,1381,65535
1,6,895,896,4,27,0,1382,1383
1,6,898,899,4,27,0,1384,1385
1,6,898,896,17,0,0,1386,65535
1,6,895,899,17,0,0,1387,65535
1,6,874,875,12,0,0,1388,1389
1,6,879,883,12,88,8,1390,1391
1,6,886,878,12,88,8,1392,1393
1,6,892,893,4,88,8,1394,1395
1,6,900,898,17,0,0,1396,65535
1,6,892,900,1,0,0,1397,65535
1,6,899,901,17,0,0,1398,65535
1,6,901,893,1,0,0,1399,65535
1,6,882,902,1,0,0,1400,65535
1,6,902,883,1,0,0,1401,65535
1,6,886,903,1,0,0,1402,65535
1,6,903,887,1,0,0,1403,65535
1,6,25,904,29,0,0,1404,1405
1,6,904,905,29,0,0,1406,1407
1,6,905,26,29,0,0,1408,1409
1,6,34,35,28,0,0,1410,1411
1,6,23,906,29,0,0,1412,1413
1,6,906,907,29,0,0,1414,1415
1,6,907,24,29,0,0,1416,1417
1,6,401,908,1,0,0,1418,65535
1,6,908,871,1,0,0,1419,65535
1,6,405,909,1,0,0,1420,65535
1,6,909,400,1,0,0,1421,65535
1,6,871,910,1,0,0,1422,65535
1,6,910,911,60,0,0,1423,1424
1,6,911,762,1,0,0,1425,65535
1,6,910,912,1,0,0,1426,65535
1,6,912,913,36,1,0,1427,1428
1,6,913,911,1,0,0,1429,65535
1,6,294,914,1,0,0,1430,65535
1,6,914,387,36,1,0,1431,1432
1,6,912,915,17,0,0,1433,65535
1,6,916,917,1,0,0,1434,65535
1,6,917,918,1,0,0,1435,65535
1,6,918,913,17,0,0,1436,65535
1,6,919,387,17,0,0,1437,65535
1,6,914,920,17,0,0,1438,65535
1,6,921,922,1,0,0,1439,65535
1,6,922,923,1,0,0,1440,65535
1,6,923,924,1,0,0,1441,65535
1,6,924,925,1,0,0,1442,65535
1,6,926,927,1,0,0,1443,65535
1,6,927,928,1,0,0,1444,65535
1,6,928,929,1,0,0,1445,65535
1,6,929,930,1,0,0,1446,65535
1,6,930,916,1,0,0,1447,65535
1,6,918,915,36,1,0,1448,1449
1,6,919,920,36,26,0,1450,1451
1,6,925,926,36,0,0,1452,1453
1,6,924,927,36,0,0,1454,1455
1,6,923,928,36,0,0,1456,1457
1,6,922,929,36,0,0,1458,1459
1,6,921,930,44,0,0,1460,1461
1,6,915,921,1,0,0,1462,65535
1,6,920,931,1,0,0,1463,65535
1,6,931,926,1,0,0,1464,65535
1,6,925,932,1,0,0,1465,65535
1,6,932,919,1,0,0,1466,65535
1,6,208,206,68,0,0,1467,1468
1,6,198,933,17,0,0,1469,65535
1,6,933,934,1,0,0,1470,65535
1,6,934,935,1,0,0,1471,65535
1,6,935,936,1,0,0,1472,65535
1,6,936,937,1,0,0,1473,65535
1,6,937,197,17,0,0,1474,65535
1,6,937,933,36,0,0,1475,1476
1,6,938,939,1,0,0,1477,65535
1,6,939,940,1,0,0,1478,65535
1,6,940,196,17,0,0,1479,65535
1,6,195,941,17,0,0,1480,65535
1,6,941,938,1,0,0,1481,65535
1,6,940,941,36,0,0,1482,1483
1,6,942,178,17,0,0,1484,65535
1,6,194,943,17,0,0,1485,65535
1,6,943,944,1,0,0,1486,65535
1,6,944,945,1,0,0,1487,65535
1,6,945,942,1,0,0,1488,65535
1,6,942,943,36,0,0,1489,1490
1,6,185,946,17,0,0,1491,65535
1,6,947,193,1,0,0,1492,65535
1,6,946,948,1,0,0,1493,65535
1,6,948,949,1,0,0,1494,65535
1,6,949,947,1,0,0,1495,65535
1,6,947,946,36,0,0,1496,1497
1,6,182,950,17,0,0,1498,65535
1,6,950,951,1,0,0,1499,65535
1,6,951,952,1,0,0,1500,65535
1,6,952,953,1,0,0,1501,65535
1,6,953,183,17,0,0,1502,65535
1,6,953,950,36,0,0,1503,1504
1,6,271,954,1,0,0,1505,65535
1,6,954,260,1,0,0,1506,65535
1,6,269,955,1,0,0,1507,65535
1,6,955,272,1,0,0,1508,65535
1,6,373,956,1,0,0,1509,65535
1,6,956,374,36,1,0,1510,1511
1,6,956,957,17,0,0,1512,65535
1,6,958,374,17,0,0,1513,65535
1,6,957,959,1,0,0,1514,65535
1,6,959,960,1,0,0,1515,65535
1,6,960,961,1,0,0,1516,65535
1,6,961,962,1,0,0,1517,65535
1,6,962,958,1,0,0,1518,65535
1,6,958,957,36,1,0,1519,1520
1,6,200,963,4,0,0,1521,1522
1,6,964,188,4,0,0,1523,1524
1,6,965,199,4,0,0,1525,1526
1,6,964,963,17,0,0,1527,65535
1,6,963,965,17,0,0,1528,65535
1,6,965,187,17,0,0,1529,65535
1,6,187,964,17,0,0,1530,65535
1,6,192,966,4,0,0,1531,1532
1,6,967,189,4,0,0,1533,1534
1,6,190,968,4,0,0,1535,1536
1,6,967,966,17,0,0,1537,65535
1,6,966,201,17,0,0,1538,65535
1,6,201,968,17,0,0,1539,65535
1,6,968,967,17,0,0,1540,65535
1,6,969,970,44,0,0,1541,1542
1,6,969,971,1,0,0,1543,65535
1,6,972,970,1,0,0,1544,65535
1,6,973,974,1,0,0,1545,65535
1,6,975,976,1,0,0,1546,65535
1,6,977,975,1,0,0,1547,65535
1,6,974,978,1,0,0,1548,65535
1,6,978,979,1,0,0,1549,65535
1,6,980,981,1,0,0,1550,65535
1,6,982,983,1,0,0,1551,65535
1,6,984,980,1,0,0,1552,65535
1,6,983,985,1,0,0,1553,65535
1,6,985,986,1,0,0,1554,65535
1,6,986,987,1,0,0,1555,65535
1,6,988,989,1,0,0,1556,65535
1,6,989,984,1,0,0,1557,65535
1,6,990,988,1,0,0,1558,65535
1,6,987,991,1,0,0,1559,65535
1,6,992,990,1,0,0,1560,65535
1,6,991,993,1,0,0,1561,65535
1,6,993,994,1,0,0,1562,65535
1,6,994,995,1,0,0,1563,65535
1,6,996,997,1,0,0,1564,65535
1,6,997,992,1,0,0,1565,65535
1,6,998,996,1,0,0,1566,65535
1,6,999,1000,1,0,0,1567,65535
1,6,1001,998,1,0,0,1568,65535
1,6,995,1002,1,0,0,1569,65535
1,6,1003,999,4,1,0,1570,1571
1,6,1002,1001,4,0,0,1572,1573
1,6,1003,826,17,0,0,1574,65535
1,6,825,999,17,0,0,1575,65535
1,6,972,971,12,0,0,1576,1577
1,6,979,977,14,0,0,1578,1579
1,6,821,1004,1,0,0,1580,65535
1,6,1004,1005,4,1,0,1581,1582
1,6,1005,814,1,0,0,1583,65535
1,6,815,1006,1,0,0,1584,65535
1,6,1006,1007,36,0,0,1585,1586
1,6,1007,812,1,0,0,1587,65535
1,6,1004,1007,17,0,0,1588,65535
1,6,1006,1005,17,0,0,1589,65535
1,6,1004,1008,4,62,12,1590,1591
1,6,1008,1009,4,62,12,1592,1593
1,6,1009,1005,4,62,12,1594,1595
1,6,820,1010,132,88,12,1596,1597
1,6,1010,1011,132,88,12,1598,1599
1,6,1011,814,132,88,12,1600,1601
1,6,981,1012,1,0,0,1602,65535
1,6,1012,977,1,0,0,1603,65535
1,6,979,1013,1,0,0,1604,65535
1,6,1013,982,1,0,0,1605,65535
1,6,1002,1014,1,0,0,1606,65535
1,6,1014,1003,1,0,0,1607,65535
1,6,1000,1015,1,0,0,1608,65535
1,6,1015,1001,1,0,0,1609,65535
1,6,970,1016,1,0,0,1610,65535
1,6,1016,1017,1,0,0,1611,65535
1,6,1017,1018,1,0,0,1612,65535
1,6,1018,1019,1,0,0,1613,65535
1,6,1019,1020,1,0,0,1614,65535
1,6,1020,1021,1,0,0,1615,65535
1,6,1021,1022,1,0,0,1616,65535
1,6,1022,1023,1,0,0,1617,65535
1,6,1023,1024,1,0,0,1618,65535
1,6,1024,1025,1,0,0,1619,65535
1,6,1025,1026,1,0,0,1620,65535
1,6,1026,1027,1,0,0,1621,65535
1,6,1027,402,1,0,0,1622,65535
1,6,1028,1029,4,0,0,1623,1624
1,6,1030,1028,4,0,0,1625,1626
1,6,1029,1031,4,0,0,1627,1628
1,6,1031,1032,4,0,0,1629,1630
1,6,1033,1030,4,0,0,1631,1632
1,6,1032,1034,4,0,0,1633,1634
1,6,1035,1033,4,0,0,1635,1636
1,6,1034,1036,4,0,0,1637,1638
1,6,1036,1037,4,0,0,1639,1640
1,6,1037,1038,4,0,0,1641,1642
1,6,1038,1039,4,0,0,1643,1644
1,6,1039,1035,4,0,0,1645,1646
1,6,761,1040,1,0,0,1647,65535
1,6,1040,1041,1,0,0,1648,65535
1,6,1041,1042,1,0,0,1649,65535
1,6,1042,1043,1,0,0,1650,65535
1,6,1043,1044,1,0,0,1651,65535
1,6,1044,969,1,0,0,1652,65535
1,6,971,1045,1,0,0,1653,65535
1,6,1045,1046,1,0,0,1654,65535
1,6,1046,973,1,0,0,1655,65535
1,6,976,1047,1,0,0,1656,65535
1,6,1047,972,1,0,0,1657,65535
1,6,1048,1049,4,0,0,1658,1659
1,6,1049,1050,4,0,0,1660,1661
1,6,1050,1051,4,0,0,1662,1663
1,6,1051,1052,4,0,0,1664,1665
1,6,1052,1048,4,0,0,1666,1667
1,6,483,778,1,0,0,1668,65535
1,6,777,485,1,0,0,1669,65535
1,6,196,1053,1,0,0,1670,65535
1,6,1053,194,1,0,0,1671,65535
1,6,1054,1055,4,0,0,1672,1673
1,6,1055,1056,4,0,0,1674,1675
1,6,1056,1057,4,0,0,1676,1677
1,6,1057,1054,4,0,0,1678,1679
1,6,570,1058,1,0,0,1680,65535
1,6,1058,590,1,0,0,1681,65535
1,6,589,1059,1,0,0,1682,65535
1,6,1059,560,1,0,0,1683,65535
1,6,1060,1061,4,2,10,1684,1685
1,6,1061,1062,4,2,10,1686,1687
1,6,1062,1063,4,2,10,1688,1689
1,6,1063,1060,4,2,10,1690,1691
1,6,1064,394,1,0,0,1692,65535
1,6,1065,1066,4,0,0,1693,1694
1,6,1067,1065,17,0,0,1695,65535
1,6,1066,1068,17,0,0,1696,65535
1,6,1068,1067,17,0,0,1697,65535
1,6,1065,499,17,0,0,1698,65535
1,6,498,1066,17,0,0,1699,65535
1,6,1069,1070,4,0,0,1700,1701
1,6,501,1070,17,0,0,1702,65535
1,6,1069,502,17,0,0,1703,65535
1,6,1070,1071,17,0,0,1704,65535
1,6,1071,1072,17,0,0,1705,65535
1,6,1072,1069,17,0,0,1706,65535
1,6,491,505,12,2,14,1707,1708
1,6,540,539,12,0,0,1709,1710
1,6,543,544,1,0,0,1711,65535
1,6,287,1073,1,0,0,1712,65535
1,6,1073,1074,1,0,0,1713,65535
1,6,1075,1076,1,0,0,1714,65535
1,6,1076,1077,1,0,0,1715,65535
1,6,1077,1064,17,0,0,1716,65535
1,6,1074,1078,17,0,0,1717,65535
1,6,1078,1075,1,0,0,1718,65535
1,6,1074,1064,36,0,0,1719,1720
1,6,1077,1078,4,0,0,1721,1722
1,6,874,1079,1,0,0,1723,65535
1,6,1079,880,1,0,0,1724,65535
1,6,889,1080,1,0,0,1725,65535
1,6,1080,875,1,0,0,1726,65535
