episode,mission,vertex_1,vertex_2,flags,action_special,sector_tag,front_side,back_side
2,2,0,1,1,0,0,0,65535
2,2,2,3,1,0,0,1,65535
2,2,4,5,1,0,0,2,65535
2,2,6,7,1,0,0,3,65535
2,2,8,9,1,0,0,4,65535
2,2,10,11,1,0,0,5,65535
2,2,12,13,1,0,0,6,65535
2,2,14,15,4,0,0,7,8
2,2,16,17,1,0,0,9,65535
2,2,18,19,1,0,0,10,65535
2,2,19,8,1,0,0,11,65535
2,2,20,21,1,0,0,12,65535
2,2,13,20,1,0,0,13,65535
2,2,21,22,1,0,0,14,65535
2,2,23,18,1,0,0,15,65535
2,2,22,24,1,0,0,16,65535
2,2,24,25,1,0,0,17,65535
2,2,26,23,1,0,0,18,65535
2,2,27,26,1,0,0,19,65535
2,2,28,29,1,0,0,20,65535
2,2,30,31,1,0,0,21,65535
2,2,32,33,1,0,0,22,65535
2,2,34,32,1,0,0,23,65535
2,2,35,36,1,0,0,24,65535
2,2,37,38,4,2,6,25,26
2,2,31,39,1,0,0,27,65535
2,2,40,35,1,0,0,28,65535
2,2,3,41,1,0,0,29,65535
2,2,41,42,1,0,0,30,65535
2,2,42,43,17,103,6,31,65535
2,2,43,44,1,0,0,32,65535
2,2,44,28,1,0,0,33,65535
2,2,37,45,1,0,0,34,65535
2,2,45,46,1,0,0,35,65535
2,2,47,38,1,0,0,36,65535
2,2,48,47,1,0,0,37,65535
2,2,49,50,1,0,0,38,65535
2,2,51,52,1,0,0,39,65535
2,2,53,54,1,0,0,40,65535
2,2,17,55,1,0,0,41,65535
2,2,56,57,1,0,0,42,65535
2,2,58,59,1,0,0,43,65535
2,2,60,61,1,0,0,44,65535
2,2,61,62,1,0,0,45,65535
2,2,63,64,1,0,0,46,65535
2,2,65,63,1,0,0,47,65535
2,2,66,67,1,0,0,48,65535
2,2,68,69,1,0,0,49,65535
2,2,70,71,1,0,0,50,65535
2,2,62,72,1,0,0,51,65535
2,2,73,74,1,0,0,52,65535
2,2,74,75,17,0,0,53,65535
2,2,75,76,1,0,0,54,65535
2,2,77,78,1,0,0,55,65535
2,2,78,79,17,0,0,56,65535
2,2,79,80,1,0,0,57,65535
2,2,81,82,1,0,0,58,65535
2,2,83,81,17,0,0,59,65535
2,2,84,83,1,0,0,60,65535
2,2,85,86,1,0,0,61,65535
2,2,87,88,1,0,0,62,65535
2,2,88,85,17,0,0,63,65535
2,2,89,90,1,0,0,64,65535
2,2,90,91,17,0,0,65,65535
2,2,91,92,1,0,0,66,65535
2,2,93,94,1,0,0,67,65535
2,2,95,96,1,0,0,68,65535
2,2,97,98,1,0,0,69,65535
2,2,99,100,1,0,0,70,65535
2,2,101,102,1,0,0,71,65535
2,2,103,48,1,0,0,72,65535
2,2,100,103,1,0,0,73,65535
2,2,50,104,1,0,0,74,65535
2,2,104,105,1,0,0,75,65535
2,2,106,107,1,0,0,76,65535
2,2,108,109,1,0,0,77,65535
2,2,25,110,1,0,0,78,65535
2,2,110,111,1,0,0,79,65535
2,2,111,112,1,0,0,80,65535
2,2,112,113,1,0,0,81,65535
2,2,114,115,1,0,0,82,65535
2,2,115,116,1,0,0,83,65535
2,2,116,117,1,0,0,84,65535
2,2,117,27,1,0,0,85,65535
2,2,118,119,1,0,0,86,65535
2,2,120,121,1,0,0,87,65535
2,2,122,123,1,0,0,88,65535
2,2,29,34,20,0,0,89,90
2,2,124,99,1,0,0,91,65535
2,2,125,124,1,0,0,92,65535
2,2,126,125,1,0,0,93,65535
2,2,127,126,1,0,0,94,65535
2,2,128,127,1,0,0,95,65535
2,2,129,128,1,0,0,96,65535
2,2,130,129,1,0,0,97,65535
2,2,131,130,1,0,0,98,65535
2,2,132,131,1,0,0,99,65535
2,2,133,132,1,0,0,100,65535
2,2,134,135,1,0,0,101,65535
2,2,136,134,1,0,0,102,65535
2,2,137,136,1,0,0,103,65535
2,2,138,137,1,0,0,104,65535
2,2,139,140,1,0,0,105,65535
2,2,102,141,1,0,0,106,65535
2,2,142,143,1,0,0,107,65535
2,2,144,145,1,0,0,108,65535
2,2,146,147,1,0,0,109,65535
2,2,148,149,1,0,0,110,65535
2,2,147,148,1,0,0,111,65535
2,2,143,144,1,0,0,112,65535
2,2,145,150,1,0,0,113,65535
2,2,150,151,1,0,0,114,65535
2,2,151,146,1,0,0,115,65535
2,2,141,152,1,0,0,116,65535
2,2,152,153,1,0,0,117,65535
2,2,153,142,1,0,0,118,65535
2,2,149,154,1,0,0,119,65535
2,2,154,155,1,0,0,120,65535
2,2,155,139,1,0,0,121,65535
2,2,156,101,1,0,0,122,65535
2,2,105,157,1,0,0,123,65535
2,2,158,156,1,0,0,124,65535
2,2,159,158,1,0,0,125,65535
2,2,157,160,1,0,0,126,65535
2,2,161,162,1,0,0,127,65535
2,2,163,164,1,0,0,128,65535
2,2,165,163,1,0,0,129,65535
2,2,162,166,1,0,0,130,65535
2,2,166,167,1,0,0,131,65535
2,2,167,168,1,0,0,132,65535
2,2,168,169,1,0,0,133,65535
2,2,169,170,1,0,0,134,65535
2,2,170,171,1,0,0,135,65535
2,2,172,165,1,0,0,136,65535
2,2,98,173,1,0,0,137,65535
2,2,174,175,1,0,0,138,65535
2,2,175,176,1,0,0,139,65535
2,2,176,177,1,0,0,140,65535
2,2,178,179,1,0,0,141,65535
2,2,177,180,1,0,0,142,65535
2,2,181,182,1,0,0,143,65535
2,2,183,184,1,0,0,144,65535
2,2,185,183,1,0,0,145,65535
2,2,71,185,1,0,0,146,65535
2,2,186,66,1,0,0,147,65535
2,2,67,187,1,0,0,148,65535
2,2,187,68,1,0,0,149,65535
2,2,188,189,1,0,0,150,65535
2,2,190,191,1,0,0,151,65535
2,2,192,193,1,0,0,152,65535
2,2,194,192,1,0,0,153,65535
2,2,195,194,1,0,0,154,65535
2,2,196,195,1,0,0,155,65535
2,2,197,196,1,0,0,156,65535
2,2,198,197,1,0,0,157,65535
2,2,199,198,1,0,0,158,65535
2,2,193,199,1,0,0,159,65535
2,2,200,201,1,0,0,160,65535
2,2,202,200,1,0,0,161,65535
2,2,203,202,1,0,0,162,65535
2,2,204,203,1,0,0,163,65535
2,2,205,204,1,0,0,164,65535
2,2,206,205,1,0,0,165,65535
2,2,207,206,1,0,0,166,65535
2,2,201,207,1,0,0,167,65535
2,2,208,209,1,0,0,168,65535
2,2,210,208,1,0,0,169,65535
2,2,211,210,1,0,0,170,65535
2,2,212,211,1,0,0,171,65535
2,2,213,212,1,0,0,172,65535
2,2,214,213,1,0,0,173,65535
2,2,215,214,1,0,0,174,65535
2,2,209,215,1,0,0,175,65535
2,2,113,216,1,0,0,176,65535
2,2,216,217,1,0,0,177,65535
2,2,218,219,1,0,0,178,65535
2,2,219,220,1,0,0,179,65535
2,2,220,221,1,0,0,180,65535
2,2,222,223,1,0,0,181,65535
2,2,223,224,1,0,0,182,65535
2,2,224,225,1,0,0,183,65535
2,2,225,226,1,0,0,184,65535
2,2,226,227,1,0,0,185,65535
2,2,227,228,1,0,0,186,65535
2,2,229,230,1,0,0,187,65535
2,2,231,232,1,0,0,188,65535
2,2,233,234,1,0,0,189,65535
2,2,234,235,1,0,0,190,65535
2,2,236,237,1,0,0,191,65535
2,2,237,238,1,0,0,192,65535
2,2,238,239,1,0,0,193,65535
2,2,239,240,1,0,0,194,65535
2,2,240,241,1,0,0,195,65535
2,2,241,114,1,0,0,196,65535
2,2,242,243,1,0,0,197,65535
2,2,243,244,1,0,0,198,65535
2,2,245,246,1,0,0,199,65535
2,2,246,247,1,0,0,200,65535
2,2,248,249,1,0,0,201,65535
2,2,249,250,1,0,0,202,65535
2,2,251,252,1,0,0,203,65535
2,2,253,254,1,0,0,204,65535
2,2,255,256,1,0,0,205,65535
2,2,256,257,1,0,0,206,65535
2,2,258,259,1,0,0,207,65535
2,2,260,236,1,0,0,208,65535
2,2,261,262,1,0,0,209,65535
2,2,263,264,1,0,0,210,65535
2,2,265,263,1,0,0,211,65535
2,2,262,266,1,0,0,212,65535
2,2,266,267,1,0,0,213,65535
2,2,267,268,1,0,0,214,65535
2,2,264,269,1,0,0,215,65535
2,2,270,271,1,0,0,216,65535
2,2,272,273,1,0,0,217,65535
2,2,273,274,1,0,0,218,65535
2,2,274,275,1,0,0,219,65535
2,2,275,276,1,0,0,220,65535
2,2,276,277,1,0,0,221,65535
2,2,277,278,1,0,0,222,65535
2,2,278,279,1,9,1,223,65535
2,2,279,280,1,0,0,224,65535
2,2,280,281,1,0,0,225,65535
2,2,281,282,1,0,0,226,65535
2,2,282,283,1,0,0,227,65535
2,2,284,285,1,0,0,228,65535
2,2,286,260,1,0,0,229,65535
2,2,287,288,1,0,0,230,65535
2,2,289,290,1,0,0,231,65535
2,2,291,289,17,0,0,232,65535
2,2,285,292,17,0,0,233,65535
2,2,288,293,17,0,0,234,65535
2,2,293,291,17,0,0,235,65535
2,2,292,294,17,0,0,236,65535
2,2,294,286,17,0,0,237,65535
2,2,283,295,17,0,0,238,65535
2,2,295,296,17,0,0,239,65535
2,2,296,261,17,0,0,240,65535
2,2,269,297,17,0,0,241,65535
2,2,297,298,17,0,0,242,65535
2,2,298,270,17,0,0,243,65535
2,2,299,118,1,0,0,244,65535
2,2,300,299,1,0,0,245,65535
2,2,301,300,1,0,0,246,65535
2,2,302,301,1,0,0,247,65535
2,2,303,302,1,0,0,248,65535
2,2,304,303,1,0,0,249,65535
2,2,305,304,1,0,0,250,65535
2,2,306,305,1,0,0,251,65535
2,2,1,306,1,0,0,252,65535
2,2,307,308,1,0,0,253,65535
2,2,308,309,1,0,0,254,65535
2,2,309,310,1,0,0,255,65535
2,2,310,311,1,0,0,256,65535
2,2,311,312,1,0,0,257,65535
2,2,312,313,1,0,0,258,65535
2,2,313,314,1,0,0,259,65535
2,2,314,315,1,0,0,260,65535
2,2,315,10,1,0,0,261,65535
2,2,316,317,1,0,0,262,65535
2,2,317,318,1,0,0,263,65535
2,2,318,319,1,0,0,264,65535
2,2,7,320,1,0,0,265,65535
2,2,320,321,1,0,0,266,65535
2,2,321,322,1,0,0,267,65535
2,2,322,323,1,0,0,268,65535
2,2,323,324,1,0,0,269,65535
2,2,325,326,1,0,0,270,65535
2,2,327,328,1,0,0,271,65535
2,2,329,330,1,0,0,272,65535
2,2,331,332,1,0,0,273,65535
2,2,333,331,1,0,0,274,65535
2,2,334,335,1,0,0,275,65535
2,2,336,334,1,0,0,276,65535
2,2,337,336,1,0,0,277,65535
2,2,338,337,1,0,0,278,65535
2,2,339,340,1,0,0,279,65535
2,2,341,339,1,0,0,280,65535
2,2,342,343,1,0,0,281,65535
2,2,344,342,1,0,0,282,65535
2,2,345,346,1,0,0,283,65535
2,2,347,348,1,0,0,284,65535
2,2,349,350,1,0,0,285,65535
2,2,350,351,1,0,0,286,65535
2,2,352,353,1,0,0,287,65535
2,2,351,354,1,0,0,288,65535
2,2,355,352,1,0,0,289,65535
2,2,356,357,1,0,0,290,65535
2,2,358,356,1,0,0,291,65535
2,2,359,355,1,0,0,292,65535
2,2,360,359,1,0,0,293,65535
2,2,361,362,100,0,0,294,295
2,2,363,364,1,0,0,296,65535
2,2,365,363,1,0,0,297,65535
2,2,366,367,1,0,0,298,65535
2,2,364,366,1,0,0,299,65535
2,2,368,369,1,0,0,300,65535
2,2,370,371,1,0,0,301,65535
2,2,369,370,1,0,0,302,65535
2,2,372,373,1,0,0,303,65535
2,2,371,372,1,0,0,304,65535
2,2,340,338,1,0,0,305,65535
2,2,374,341,1,0,0,306,65535
2,2,375,329,1,0,0,307,65535
2,2,376,377,1,0,0,308,65535
2,2,377,378,1,0,0,309,65535
2,2,379,375,1,0,0,310,65535
2,2,343,380,1,0,0,311,65535
2,2,380,381,1,0,0,312,65535
2,2,382,374,1,0,0,313,65535
2,2,383,382,1,0,0,314,65535
2,2,381,384,1,0,0,315,65535
2,2,385,383,1,0,0,316,65535
2,2,386,385,1,0,0,317,65535
2,2,387,365,1,0,0,318,65535
2,2,388,389,1,0,0,319,65535
2,2,389,390,1,0,0,320,65535
2,2,391,392,1,0,0,321,65535
2,2,390,391,1,0,0,322,65535
2,2,393,394,1,0,0,323,65535
2,2,395,393,1,0,0,324,65535
2,2,396,397,1,0,0,325,65535
2,2,394,398,1,0,0,326,65535
2,2,399,400,1,0,0,327,65535
2,2,398,401,1,0,0,328,65535
2,2,402,399,1,0,0,329,65535
2,2,403,402,1,0,0,330,65535
2,2,404,403,1,0,0,331,65535
2,2,405,404,1,0,0,332,65535
2,2,406,407,1,0,0,333,65535
2,2,408,405,1,0,0,334,65535
2,2,409,408,1,0,0,335,65535
2,2,410,411,1,0,0,336,65535
2,2,411,412,4,0,0,337,338
2,2,413,414,1,0,0,339,65535
2,2,415,413,4,0,0,340,341
2,2,416,417,1,0,0,342,65535
2,2,412,418,4,0,0,343,344
2,2,419,420,1,0,0,345,65535
2,2,421,419,1,0,0,346,65535
2,2,422,423,1,0,0,347,65535
2,2,424,421,1,0,0,348,65535
2,2,425,426,1,0,0,349,65535
2,2,423,425,1,0,0,350,65535
2,2,427,424,1,0,0,351,65535
2,2,428,429,1,0,0,352,65535
2,2,430,428,1,0,0,353,65535
2,2,426,431,1,0,0,354,65535
2,2,432,427,1,0,0,355,65535
2,2,433,434,1,0,0,356,65535
2,2,431,433,1,0,0,357,65535
2,2,434,435,1,0,0,358,65535
2,2,436,437,1,0,0,359,65535
2,2,435,438,1,0,0,360,65535
2,2,439,440,1,0,0,361,65535
2,2,438,439,1,0,0,362,65535
2,2,441,442,1,0,0,363,65535
2,2,440,443,1,0,0,364,65535
2,2,437,444,1,0,0,365,65535
2,2,445,446,1,0,0,366,65535
2,2,444,447,1,0,0,367,65535
2,2,448,445,1,0,0,368,65535
2,2,449,448,1,0,0,369,65535
2,2,447,450,1,0,0,370,65535
2,2,451,452,1,0,0,371,65535
2,2,450,451,1,0,0,372,65535
2,2,453,449,4,0,0,373,374
2,2,454,453,4,0,0,375,376
2,2,455,454,1,0,0,377,65535
2,2,452,456,1,0,0,378,65535
2,2,457,455,1,0,0,379,65535
2,2,458,457,1,0,0,380,65535
2,2,459,458,4,0,0,381,382
2,2,460,461,1,0,0,383,65535
2,2,462,463,4,0,0,384,385
2,2,464,465,1,0,0,386,65535
2,2,466,464,1,0,0,387,65535
2,2,463,467,1,0,0,388,65535
2,2,468,469,1,0,0,389,65535
2,2,470,471,1,0,0,390,65535
2,2,472,473,1,0,0,391,65535
2,2,474,475,1,0,0,392,65535
2,2,476,474,1,0,0,393,65535
2,2,477,476,1,0,0,394,65535
2,2,392,478,1,0,0,395,65535
2,2,479,468,1,0,0,396,65535
2,2,480,479,1,0,0,397,65535
2,2,481,480,1,0,0,398,65535
2,2,482,483,4,0,0,399,400
2,2,484,482,4,0,0,401,402
2,2,485,481,1,0,0,403,65535
2,2,486,485,1,0,0,404,65535
2,2,483,487,4,0,0,405,406
2,2,488,486,1,0,0,407,65535
2,2,489,490,1,0,0,408,65535
2,2,487,489,1,0,0,409,65535
2,2,491,488,1,0,0,410,65535
2,2,492,491,1,0,0,411,65535
2,2,493,494,1,0,0,412,65535
2,2,490,493,1,0,0,413,65535
2,2,494,495,1,0,0,414,65535
2,2,417,496,4,0,0,415,416
2,2,497,498,1,0,0,417,65535
2,2,499,497,1,0,0,418,65535
2,2,500,501,1,0,0,419,65535
2,2,502,503,1,0,0,420,65535
2,2,504,505,1,0,0,421,65535
2,2,506,507,1,0,0,422,65535
2,2,508,506,1,0,0,423,65535
2,2,509,510,1,0,0,424,65535
2,2,511,512,1,0,0,425,65535
2,2,513,514,4,0,0,426,427
2,2,515,513,4,0,0,428,429
2,2,516,515,1,0,0,430,65535
2,2,517,518,1,0,0,431,65535
2,2,519,517,1,0,0,432,65535
2,2,498,520,1,0,0,433,65535
2,2,521,522,1,0,0,434,65535
2,2,520,521,1,0,0,435,65535
2,2,523,524,1,0,0,436,65535
2,2,525,526,1,0,0,437,65535
2,2,527,528,1,0,0,438,65535
2,2,529,527,1,0,0,439,65535
2,2,530,531,1,0,0,440,65535
2,2,532,533,4,0,0,441,442
2,2,534,532,4,0,0,443,444
2,2,535,534,1,0,0,445,65535
2,2,531,533,1,0,0,446,65535
2,2,536,537,1,0,0,447,65535
2,2,538,539,1,0,0,448,65535
2,2,540,541,1,0,0,449,65535
2,2,542,530,1,0,0,450,65535
2,2,530,543,4,0,0,451,452
2,2,544,545,4,0,0,453,454
2,2,546,544,4,0,0,455,456
2,2,545,547,4,0,0,457,458
2,2,547,548,4,0,0,459,460
2,2,549,538,1,0,0,461,65535
2,2,550,551,1,0,0,462,65535
2,2,552,516,1,0,0,463,65535
2,2,551,552,1,0,0,464,65535
2,2,553,554,1,0,0,465,65535
2,2,555,553,1,0,0,466,65535
2,2,556,555,1,0,0,467,65535
2,2,557,558,1,0,0,468,65535
2,2,559,556,1,0,0,469,65535
2,2,560,561,1,0,0,470,65535
2,2,558,562,1,0,0,471,65535
2,2,563,559,1,0,0,472,65535
2,2,564,563,1,0,0,473,65535
2,2,565,564,1,0,0,474,65535
2,2,566,567,1,0,0,475,65535
2,2,568,565,1,0,0,476,65535
2,2,569,568,1,0,0,477,65535
2,2,570,571,1,0,0,478,65535
2,2,572,573,1,0,0,479,65535
2,2,574,575,1,0,0,480,65535
2,2,576,572,1,0,0,481,65535
2,2,577,576,1,0,0,482,65535
2,2,575,578,1,0,0,483,65535
2,2,578,579,1,0,0,484,65535
2,2,580,577,1,0,0,485,65535
2,2,581,580,1,0,0,486,65535
2,2,582,583,1,0,0,487,65535
2,2,584,582,1,0,0,488,65535
2,2,585,584,1,0,0,489,65535
2,2,586,587,1,0,0,490,65535
2,2,135,133,1,0,0,491,65535
2,2,588,549,1,0,0,492,65535
2,2,589,590,1,0,0,493,65535
2,2,591,592,1,0,0,494,65535
2,2,592,593,1,0,0,495,65535
2,2,593,594,1,0,0,496,65535
2,2,109,595,1,0,0,497,65535
2,2,596,597,1,0,0,498,65535
2,2,221,598,1,0,0,499,65535
2,2,362,599,1,0,0,500,65535
2,2,600,601,1,0,0,501,65535
2,2,602,420,196,0,0,502,503
2,2,99,102,4,0,0,504,505
2,2,156,105,68,0,0,506,507
2,2,174,166,76,0,0,508,509
2,2,59,603,132,77,16,510,511
2,2,350,414,196,0,0,512,513
2,2,223,466,132,0,0,514,515
2,2,225,457,196,0,0,516,517
2,2,461,256,196,0,0,518,519
2,2,474,257,196,0,0,520,521
2,2,376,604,196,0,0,522,523
2,2,336,216,132,0,0,524,525
2,2,221,363,196,0,0,526,527
2,2,552,110,196,0,0,528,529
2,2,117,504,196,0,0,530,531
2,2,536,241,196,0,0,532,533
2,2,529,553,196,0,0,534,535
2,2,586,260,196,0,0,536,537
2,2,605,606,1,0,0,538,65535
2,2,606,607,1,0,0,539,65535
2,2,607,608,1,0,0,540,65535
2,2,608,609,1,0,0,541,65535
2,2,609,610,1,0,0,542,65535
2,2,610,611,1,0,0,543,65535
2,2,611,612,1,0,0,544,65535
2,2,612,605,1,0,0,545,65535
2,2,613,614,1,0,0,546,65535
2,2,615,616,1,0,0,547,65535
2,2,617,618,1,0,0,548,65535
2,2,619,620,1,0,0,549,65535
2,2,614,615,1,0,0,550,65535
2,2,616,617,1,0,0,551,65535
2,2,618,619,1,0,0,552,65535
2,2,620,613,1,0,0,553,65535
2,2,621,622,1,0,0,554,65535
2,2,623,624,1,0,0,555,65535
2,2,625,626,1,0,0,556,65535
2,2,627,628,1,0,0,557,65535
2,2,622,623,1,0,0,558,65535
2,2,624,625,1,0,0,559,65535
2,2,626,627,1,0,0,560,65535
2,2,628,621,1,0,0,561,65535
2,2,629,630,1,0,0,562,65535
2,2,631,632,1,0,0,563,65535
2,2,633,634,1,0,0,564,65535
2,2,635,636,1,0,0,565,65535
2,2,630,631,1,0,0,566,65535
2,2,632,633,1,0,0,567,65535
2,2,634,635,1,0,0,568,65535
2,2,636,629,1,0,0,569,65535
2,2,637,638,1,0,0,570,65535
2,2,639,640,1,0,0,571,65535
2,2,641,642,1,0,0,572,65535
2,2,643,644,1,0,0,573,65535
2,2,638,639,1,0,0,574,65535
2,2,640,641,1,0,0,575,65535
2,2,642,643,1,0,0,576,65535
2,2,644,637,1,0,0,577,65535
2,2,295,298,4,1,0,578,579
2,2,297,296,4,27,0,580,581
2,2,645,646,20,0,0,582,583
2,2,646,647,20,0,0,584,585
2,2,648,649,20,0,0,586,587
2,2,650,651,20,0,0,588,589
2,2,651,652,20,0,0,590,591
2,2,653,654,20,0,0,592,593
2,2,654,655,20,0,0,594,595
2,2,655,656,20,0,0,596,597
2,2,283,270,4,0,0,598,599
2,2,292,291,4,1,0,600,601
2,2,293,294,4,27,0,602,603
2,2,232,233,1,0,0,604,65535
2,2,657,658,1,0,0,605,65535
2,2,658,229,1,0,0,606,65535
2,2,290,659,1,0,0,607,65535
2,2,659,660,1,0,0,608,65535
2,2,661,662,1,0,0,609,65535
2,2,662,284,1,0,0,610,65535
2,2,120,119,76,0,0,611,612
2,2,125,152,4,0,0,613,614
2,2,153,126,4,0,0,615,616
2,2,131,150,4,0,0,617,618
2,2,151,132,4,0,0,619,620
2,2,137,154,4,0,0,621,622
2,2,155,138,4,0,0,623,624
2,2,128,143,4,0,0,625,626
2,2,144,129,4,0,0,627,628
2,2,135,147,4,0,0,629,630
2,2,148,134,4,0,0,631,632
2,2,663,664,1,0,0,633,65535
2,2,664,665,1,0,0,634,65535
2,2,666,667,1,0,0,635,65535
2,2,140,138,4,0,0,636,637
2,2,665,668,1,0,0,638,65535
2,2,669,670,1,0,0,639,65535
2,2,670,671,1,0,0,640,65535
2,2,671,672,1,0,0,641,65535
2,2,673,674,1,0,0,642,65535
2,2,674,675,1,0,0,643,65535
2,2,675,676,1,0,0,644,65535
2,2,677,678,4,2,1044,645,646
2,2,678,679,4,2,1044,647,648
2,2,679,680,4,2,1044,649,650
2,2,680,677,4,2,1044,651,652
2,2,663,667,4,0,0,653,654
2,2,664,666,4,0,0,655,656
2,2,681,666,1,0,0,657,65535
2,2,682,681,1,0,0,658,65535
2,2,668,682,4,0,0,659,660
2,2,683,684,9,0,0,661,65535
2,2,684,685,9,0,0,662,65535
2,2,685,686,9,0,0,663,65535
2,2,686,683,9,0,0,664,65535
2,2,676,687,17,0,0,665,65535
2,2,688,669,17,0,0,666,65535
2,2,687,689,1,0,0,667,65535
2,2,689,690,17,0,0,668,65535
2,2,691,692,1,0,0,669,65535
2,2,692,693,1,0,0,670,65535
2,2,693,688,1,0,0,671,65535
2,2,688,687,36,0,0,672,673
2,2,690,694,17,0,0,674,65535
2,2,695,691,17,0,0,675,65535
2,2,694,696,1,0,0,676,65535
2,2,696,697,1,0,0,677,65535
2,2,697,698,1,0,0,678,65535
2,2,698,699,1,0,0,679,65535
2,2,699,700,1,0,0,680,65535
2,2,700,701,1,0,0,681,65535
2,2,701,702,1,0,0,682,65535
2,2,703,704,1,0,0,683,65535
2,2,704,705,1,0,0,684,65535
2,2,705,706,1,0,0,685,65535
2,2,706,695,1,0,0,686,65535
2,2,690,691,36,1,0,687,688
2,2,695,694,36,1,0,689,690
2,2,183,66,4,0,0,691,692
2,2,107,707,1,0,0,693,65535
2,2,707,708,1,0,0,694,65535
2,2,708,709,1,0,0,695,65535
2,2,709,710,1,0,0,696,65535
2,2,710,70,1,0,0,697,65535
2,2,711,108,1,0,0,698,65535
2,2,69,712,1,0,0,699,65535
2,2,712,713,1,0,0,700,65535
2,2,713,714,1,0,0,701,65535
2,2,714,711,1,0,0,702,65535
2,2,708,714,4,0,0,703,704
2,2,713,709,4,0,0,705,706
2,2,180,715,1,0,0,707,65535
2,2,716,717,1,0,0,708,65535
2,2,715,716,4,0,0,709,710
2,2,36,718,17,0,0,711,65535
2,2,718,719,17,0,0,712,65535
2,2,719,34,17,0,0,713,65535
2,2,29,720,17,0,0,714,65535
2,2,720,721,17,0,0,715,65535
2,2,721,30,17,0,0,716,65535
2,2,720,719,4,0,0,717,718
2,2,718,721,4,0,0,719,720
2,2,36,30,12,8,13,721,722
2,2,164,159,1,0,0,723,65535
2,2,160,161,1,0,0,724,65535
2,2,715,722,1,0,0,725,65535
2,2,722,723,1,0,0,726,65535
2,2,723,724,1,0,0,727,65535
2,2,724,725,1,0,0,728,65535
2,2,725,726,1,0,0,729,65535
2,2,726,727,1,0,0,730,65535
2,2,727,716,1,0,0,731,65535
2,2,173,174,1,0,0,732,65535
2,2,179,172,1,0,0,733,65535
2,2,727,722,4,0,0,734,735
2,2,728,178,1,0,0,736,65535
2,2,717,729,1,0,0,737,65535
2,2,729,730,1,0,0,738,65535
2,2,730,731,1,0,0,739,65535
2,2,731,728,1,0,0,740,65535
2,2,729,728,4,0,0,741,742
2,2,732,733,1,0,0,743,65535
2,2,733,734,1,0,0,744,65535
2,2,734,735,17,0,0,745,65535
2,2,735,736,1,0,0,746,65535
2,2,736,87,1,0,0,747,65535
2,2,737,738,1,0,0,748,65535
2,2,738,739,17,0,0,749,65535
2,2,739,740,1,0,0,750,65535
2,2,740,89,1,0,0,751,65535
2,2,741,742,1,0,0,752,65535
2,2,76,743,1,0,0,753,65535
2,2,743,744,1,0,0,754,65535
2,2,744,745,17,0,0,755,65535
2,2,745,746,1,0,0,756,65535
2,2,746,77,1,0,0,757,65535
2,2,82,747,1,0,0,758,65535
2,2,747,748,1,0,0,759,65535
2,2,748,749,17,0,0,760,65535
2,2,749,750,1,0,0,761,65535
2,2,750,596,1,0,0,762,65535
2,2,751,752,1,0,0,763,65535
2,2,753,754,1,0,0,764,65535
2,2,755,753,1,0,0,765,65535
2,2,756,757,1,0,0,766,65535
2,2,758,759,1,0,0,767,65535
2,2,759,760,1,0,0,768,65535
2,2,761,56,1,0,0,769,65535
2,2,762,763,1,0,0,770,65535
2,2,764,591,1,0,0,771,65535
2,2,593,55,12,0,0,772,773
2,2,191,589,76,74,16,774,775
2,2,765,766,4,0,0,776,777
2,2,766,767,4,0,0,778,779
2,2,767,768,4,0,0,780,781
2,2,768,765,4,0,0,782,783
2,2,769,770,4,0,0,784,785
2,2,771,769,4,0,0,786,787
2,2,772,771,4,0,0,788,789
2,2,770,772,4,0,0,790,791
2,2,773,191,132,10,86,792,793
2,2,55,774,1,0,0,794,65535
2,2,774,775,1,23,86,795,65535
2,2,775,776,1,23,86,796,65535
2,2,776,777,1,23,86,797,65535
2,2,777,761,1,0,0,798,65535
2,2,189,773,1,0,0,799,65535
2,2,773,190,1,0,0,800,65535
2,2,17,594,28,0,0,801,802
2,2,778,779,17,0,0,803,65535
2,2,780,781,17,0,0,804,65535
2,2,781,782,17,0,0,805,65535
2,2,782,783,9,0,0,806,65535
2,2,783,784,9,0,0,807,65535
2,2,779,785,132,0,0,808,809
2,2,785,786,132,0,0,810,811
2,2,786,787,132,0,0,812,813
2,2,787,783,132,59,19,814,815
2,2,787,788,132,0,0,816,817
2,2,789,790,132,0,0,818,819
2,2,788,791,132,59,17,820,821
2,2,790,792,132,59,15,822,823
2,2,792,791,132,0,0,824,825
2,2,791,784,132,0,0,826,827
2,2,790,793,132,0,0,828,829
2,2,792,794,132,0,0,830,831
2,2,793,794,20,59,14,832,833
2,2,784,795,17,0,0,834,65535
2,2,779,796,1,0,0,835,65535
2,2,796,797,1,0,0,836,65535
2,2,797,780,1,0,0,837,65535
2,2,779,780,12,0,0,838,839
2,2,759,757,4,73,16,840,841
2,2,741,752,4,0,0,842,843
2,2,798,799,4,13,42,844,845
2,2,799,800,4,13,42,846,847
2,2,800,801,4,13,42,848,849
2,2,801,798,4,13,42,850,851
2,2,802,803,1,0,0,852,65535
2,2,804,805,1,0,0,853,65535
2,2,757,806,1,0,0,854,65535
2,2,807,804,1,0,0,855,65535
2,2,808,809,16,21,7,856,65535
2,2,809,810,0,0,0,857,65535
2,2,810,811,0,0,0,858,65535
2,2,811,808,0,0,0,859,65535
2,2,86,741,1,0,0,860,65535
2,2,752,84,1,0,0,861,65535
2,2,812,813,12,0,0,862,863
2,2,813,814,12,0,0,864,865
2,2,814,815,12,0,0,866,867
2,2,815,816,12,0,0,868,869
2,2,816,817,12,0,0,870,871
2,2,817,818,12,0,0,872,873
2,2,818,819,12,0,0,874,875
2,2,819,812,12,0,0,876,877
2,2,820,812,4,0,0,878,879
2,2,820,814,4,0,0,880,881
2,2,820,816,4,0,0,882,883
2,2,820,818,4,0,0,884,885
2,2,821,822,9,0,0,886,65535
2,2,823,824,9,0,0,887,65535
2,2,825,826,1,0,0,888,65535
2,2,814,822,4,0,0,889,890
2,2,823,815,4,0,0,891,892
2,2,822,823,12,0,0,893,894
2,2,827,828,9,0,0,895,65535
2,2,828,829,9,0,0,896,65535
2,2,829,830,9,0,0,897,65535
2,2,831,832,12,0,0,898,899
2,2,832,833,12,0,0,900,901
2,2,833,834,12,0,0,902,903
2,2,834,835,12,0,0,904,905
2,2,835,836,12,0,0,906,907
2,2,836,837,12,0,0,908,909
2,2,837,838,12,0,0,910,911
2,2,838,831,12,0,0,912,913
2,2,839,831,4,0,0,914,915
2,2,839,833,4,0,0,916,917
2,2,839,835,4,0,0,918,919
2,2,839,837,4,0,0,920,921
2,2,840,841,9,0,0,922,65535
2,2,841,842,9,0,0,923,65535
2,2,842,843,9,0,0,924,65535
2,2,844,845,12,0,0,925,926
2,2,845,846,12,0,0,927,928
2,2,846,847,12,0,0,929,930
2,2,847,848,12,0,0,931,932
2,2,848,849,12,0,0,933,934
2,2,849,850,12,0,0,935,936
2,2,850,851,12,0,0,937,938
2,2,851,844,12,0,0,939,940
2,2,852,844,4,0,0,941,942
2,2,852,846,4,0,0,943,944
2,2,852,848,4,0,0,945,946
2,2,852,850,4,0,0,947,948
2,2,853,854,9,0,0,949,65535
2,2,854,855,1,0,0,950,65535
2,2,829,841,4,0,0,951,952
2,2,842,854,4,0,0,953,954
2,2,824,856,9,0,0,955,65535
2,2,856,857,9,0,0,956,65535
2,2,857,827,9,0,0,957,65535
2,2,830,858,9,0,0,958,65535
2,2,858,859,9,0,0,959,65535
2,2,859,840,9,0,0,960,65535
2,2,843,860,9,0,0,961,65535
2,2,860,861,9,0,0,962,65535
2,2,861,853,9,0,0,963,65535
2,2,855,862,1,0,0,964,65535
2,2,64,863,1,0,0,965,65535
2,2,863,864,1,0,0,966,65535
2,2,865,866,1,0,0,967,65535
2,2,866,15,1,0,0,968,65535
2,2,14,867,1,0,0,969,65535
2,2,868,869,1,0,0,970,65535
2,2,867,866,4,0,0,971,972
2,2,868,866,4,0,0,973,974
2,2,870,871,17,0,0,975,65535
2,2,872,873,17,0,0,976,65535
2,2,872,871,20,26,0,977,978
2,2,41,44,12,0,0,979,980
2,2,874,875,1,0,0,981,65535
2,2,876,877,1,0,0,982,65535
2,2,878,879,1,0,0,983,65535
2,2,880,881,1,0,0,984,65535
2,2,875,876,1,0,0,985,65535
2,2,877,878,1,0,0,986,65535
2,2,879,880,1,0,0,987,65535
2,2,881,874,1,0,0,988,65535
2,2,882,883,1,0,0,989,65535
2,2,884,882,1,0,0,990,65535
2,2,885,884,1,0,0,991,65535
2,2,886,885,1,0,0,992,65535
2,2,887,886,1,0,0,993,65535
2,2,888,887,1,0,0,994,65535
2,2,889,888,1,0,0,995,65535
2,2,883,889,1,0,0,996,65535
2,2,268,890,1,0,0,997,65535
2,2,891,892,1,0,0,998,65535
2,2,892,893,1,0,0,999,65535
2,2,59,894,1,0,0,1000,65535
2,2,894,895,1,0,0,1001,65535
2,2,895,896,1,0,0,1002,65535
2,2,702,897,17,0,0,1003,65535
2,2,898,703,17,0,0,1004,65535
2,2,897,899,1,0,0,1005,65535
2,2,899,900,1,0,0,1006,65535
2,2,900,901,1,0,0,1007,65535
2,2,902,903,17,0,0,1008,65535
2,2,903,904,1,0,0,1009,65535
2,2,904,905,1,0,0,1010,65535
2,2,905,906,1,0,0,1011,65535
2,2,906,907,1,0,0,1012,65535
2,2,907,908,1,0,0,1013,65535
2,2,909,910,1,0,0,1014,65535
2,2,910,911,1,0,0,1015,65535
2,2,911,912,1,0,0,1016,65535
2,2,912,913,1,0,0,1017,65535
2,2,913,898,1,0,0,1018,65535
2,2,901,914,1,0,0,1019,65535
2,2,914,915,1,0,0,1020,65535
2,2,915,916,1,0,0,1021,65535
2,2,916,917,1,0,0,1022,65535
2,2,917,918,1,0,0,1023,65535
2,2,918,919,1,0,0,1024,65535
2,2,919,920,17,0,0,1025,65535
2,2,920,921,1,0,0,1026,65535
2,2,33,902,1,0,0,1027,65535
2,2,702,703,36,1,0,1028,1029
2,2,898,897,36,1,0,1030,1031
2,2,902,920,44,0,0,1032,1033
2,2,919,903,36,31,0,1034,1035
2,2,908,922,17,0,0,1036,65535
2,2,922,923,1,0,0,1037,65535
2,2,923,924,1,0,0,1038,65535
2,2,924,925,1,0,0,1039,65535
2,2,925,926,1,0,0,1040,65535
2,2,926,927,1,0,0,1041,65535
2,2,927,928,1,0,0,1042,65535
2,2,928,929,1,0,0,1043,65535
2,2,929,930,1,0,0,1044,65535
2,2,930,931,1,0,0,1045,65535
2,2,931,932,1,0,0,1046,65535
2,2,932,933,1,0,0,1047,65535
2,2,933,934,1,0,0,1048,65535
2,2,934,935,1,0,0,1049,65535
2,2,935,936,1,0,0,1050,65535
2,2,936,909,17,0,0,1051,65535
2,2,908,909,36,1,0,1052,1053
2,2,936,922,36,1,0,1054,1055
2,2,937,938,1,0,0,1056,65535
2,2,939,940,1,0,0,1057,65535
2,2,940,758,1,0,0,1058,65535
2,2,742,756,1,0,0,1059,65535
2,2,760,751,1,0,0,1060,65535
2,2,668,941,17,0,0,1061,65535
2,2,941,673,1,0,0,1062,65535
2,2,672,942,1,0,0,1063,65535
2,2,942,682,17,0,0,1064,65535
2,2,942,941,4,0,0,1065,1066
2,2,672,673,132,16,24,1067,1068
2,2,676,669,36,0,0,1069,1070
2,2,9,943,1,0,0,1071,65535
2,2,943,6,1,0,0,1072,65535
2,2,11,944,1,0,0,1073,65535
2,2,944,12,1,0,0,1074,65535
2,2,5,945,1,0,0,1075,65535
2,2,945,2,1,0,0,1076,65535
2,2,921,0,1,0,0,1077,65535
2,2,13,8,76,0,0,1078,1079
2,2,7,4,12,89,23,1080,1081
2,2,3,33,12,0,0,1082,1083
2,2,1,10,12,0,0,1084,1085
2,2,140,663,1,0,0,1086,65535
2,2,667,138,1,0,0,1087,65535
2,2,189,762,4,0,0,1088,1089
2,2,763,188,12,0,0,1090,1091
2,2,590,946,1,0,0,1092,65535
2,2,946,762,1,0,0,1093,65535
2,2,171,947,0,0,0,1094,65535
2,2,948,949,0,0,0,1095,65535
2,2,949,950,16,0,0,1096,65535
2,2,950,951,0,0,0,1097,65535
2,2,951,952,0,0,0,1098,65535
2,2,952,953,0,0,0,1099,65535
2,2,953,954,16,0,0,1100,65535
2,2,955,956,0,0,0,1101,65535
2,2,957,106,0,0,0,1102,65535
2,2,958,948,0,0,0,1103,65535
2,2,956,959,0,0,0,1104,65535
2,2,959,957,0,0,0,1105,65535
2,2,960,961,36,0,0,1106,1107
2,2,961,962,36,0,0,1108,1109
2,2,963,960,36,0,0,1110,1111
2,2,956,811,132,0,0,1112,1113
2,2,810,959,132,0,0,1114,1115
2,2,954,955,0,0,0,1116,65535
2,2,963,962,36,102,7,1117,1118
2,2,964,965,1,0,0,1119,65535
2,2,867,966,1,0,0,1120,65535
2,2,966,868,1,0,0,1121,65535
2,2,967,14,1,0,0,1122,65535
2,2,594,968,1,0,0,1123,65535
2,2,965,969,1,0,0,1124,65535
2,2,970,967,1,0,0,1125,65535
2,2,869,865,4,0,0,1126,1127
2,2,969,971,1,0,0,1128,65535
2,2,971,865,1,0,0,1129,65535
2,2,869,972,1,0,0,1130,65535
2,2,972,16,1,0,0,1131,65535
2,2,16,969,12,0,0,1132,1133
2,2,972,971,4,0,0,1134,1135
2,2,970,15,4,0,0,1136,1137
2,2,973,964,1,0,0,1138,65535
2,2,974,975,1,0,0,1139,65535
2,2,975,316,1,0,0,1140,65535
2,2,976,974,1,0,0,1141,65535
2,2,973,975,85,0,0,1142,1143
2,2,974,964,29,0,0,1144,1145
2,2,977,978,1,0,0,1146,65535
2,2,978,872,17,0,0,1147,65535
2,2,871,979,17,0,0,1148,65535
2,2,979,973,1,0,0,1149,65535
2,2,873,980,17,0,0,1150,65535
2,2,980,970,1,0,0,1151,65535
2,2,981,982,1,0,0,1152,65535
2,2,15,983,1,0,0,1153,65535
2,2,983,981,1,0,0,1154,65535
2,2,982,984,1,0,0,1155,65535
2,2,984,870,17,0,0,1156,65535
2,2,978,979,12,0,0,1157,1158
2,2,984,980,28,0,0,1159,1160
2,2,870,873,4,26,0,1161,1162
2,2,324,985,17,0,0,1163,65535
2,2,985,986,17,0,0,1164,65535
2,2,986,987,17,0,0,1165,65535
2,2,987,988,17,0,0,1166,65535
2,2,988,989,17,0,0,1167,65535
2,2,326,990,17,0,0,1168,65535
2,2,990,991,17,0,0,1169,65535
2,2,991,992,17,0,0,1170,65535
2,2,992,993,17,0,0,1171,65535
2,2,993,977,17,0,0,1172,65535
2,2,986,992,4,32,0,1173,1174
2,2,991,987,4,0,0,1175,1176
2,2,968,994,1,0,0,1177,65535
2,2,994,995,1,0,0,1178,65535
2,2,995,976,1,0,0,1179,65535
2,2,996,997,1,0,0,1180,65535
2,2,997,998,1,0,0,1181,65535
2,2,998,999,1,0,0,1182,65535
2,2,999,1000,1,0,0,1183,65535
2,2,1000,1001,1,0,0,1184,65535
2,2,1002,1003,1,0,0,1185,65535
2,2,1003,1004,1,0,0,1186,65535
2,2,1004,1005,1,0,0,1187,65535
2,2,1005,1006,1,0,0,1188,65535
2,2,1006,1007,1,0,0,1189,65535
2,2,1008,1009,1,0,0,1190,65535
2,2,1010,1011,1,0,0,1191,65535
2,2,1012,661,1,0,0,1192,65535
2,2,235,1013,17,0,0,1193,65535
2,2,1013,1014,17,0,0,1194,65535
2,2,1014,1015,17,0,0,1195,65535
2,2,1015,1016,1,0,0,1196,65535
2,2,1016,1017,1,0,0,1197,65535
2,2,1017,1018,1,0,0,1198,65535
2,2,1018,1019,1,0,0,1199,65535
2,2,1019,1020,1,0,0,1200,65535
2,2,1020,1021,17,0,0,1201,65535
2,2,1021,1022,17,0,0,1202,65535
2,2,1022,1008,17,0,0,1203,65535
2,2,1009,1023,17,0,0,1204,65535
2,2,1023,1024,17,0,0,1205,65535
2,2,1024,1025,17,0,0,1206,65535
2,2,1025,1026,1,0,0,1207,65535
2,2,1026,1027,1,0,0,1208,65535
2,2,1027,1028,1,0,0,1209,65535
2,2,1028,1029,1,0,0,1210,65535
2,2,1029,1030,1,0,0,1211,65535
2,2,1030,1031,17,0,0,1212,65535
2,2,1031,1032,17,0,0,1213,65535
2,2,1032,1010,17,0,0,1214,65535
2,2,1011,1033,17,0,0,1215,65535
2,2,1033,1034,17,0,0,1216,65535
2,2,1034,1035,17,0,0,1217,65535
2,2,1035,1036,1,0,0,1218,65535
2,2,1036,1037,1,0,0,1219,65535
2,2,1037,1038,1,0,0,1220,65535
2,2,1038,1039,1,0,0,1221,65535
2,2,1039,1040,1,0,0,1222,65535
2,2,1040,1041,17,0,0,1223,65535
2,2,1041,1042,17,0,0,1224,65535
2,2,1042,1012,17,0,0,1225,65535
2,2,235,1008,12,0,0,1226,1227
2,2,1009,1010,12,0,0,1228,1229
2,2,1011,1012,12,0,0,1230,1231
2,2,1040,1035,12,0,0,1232,1233
2,2,1030,1025,12,0,0,1234,1235
2,2,1020,1015,12,0,0,1236,1237
2,2,1013,1022,4,0,0,1238,1239
2,2,1021,1014,4,19,9,1240,1241
2,2,1023,1032,4,0,0,1242,1243
2,2,1031,1024,4,19,9,1244,1245
2,2,1033,1042,4,0,0,1246,1247
2,2,1041,1034,4,19,9,1248,1249
2,2,1043,1044,4,103,10,1250,1251
2,2,1045,1046,4,103,11,1252,1253
2,2,1047,1048,4,103,12,1254,1255
2,2,1049,1043,4,0,0,1256,1257
2,2,1050,1049,4,0,0,1258,1259
2,2,1044,1050,4,0,0,1260,1261
2,2,1051,1045,4,0,0,1262,1263
2,2,1052,1051,4,0,0,1264,1265
2,2,1046,1052,4,0,0,1266,1267
2,2,1053,1047,4,0,0,1268,1269
2,2,1054,1053,4,0,0,1270,1271
2,2,1048,1054,4,0,0,1272,1273
2,2,1001,1002,1,0,0,1274,65535
2,2,1055,1056,1,0,0,1275,65535
2,2,1056,996,1,0,0,1276,65535
2,2,1057,1058,1,0,0,1277,65535
2,2,1007,1057,1,0,0,1278,65535
2,2,230,1059,1,0,0,1279,65535
2,2,1059,1060,1,0,0,1280,65535
2,2,1060,1061,1,0,0,1281,65535
2,2,1061,1055,1,0,0,1282,65535
2,2,1058,1062,1,0,0,1283,65535
2,2,1062,1063,1,0,0,1284,65535
2,2,1063,1064,1,0,0,1285,65535
2,2,1064,231,1,0,0,1286,65535
2,2,72,1065,1,0,0,1287,65535
2,2,1065,1066,1,0,0,1288,65535
2,2,1066,1067,1,0,0,1289,65535
2,2,1067,73,1,0,0,1290,65535
2,2,597,58,1,0,0,1291,65535
2,2,1068,778,17,0,0,1292,65535
2,2,822,1069,1,0,0,1293,65535
2,2,1069,1070,1,0,0,1294,65535
2,2,1070,1071,1,0,0,1295,65535
2,2,826,1072,1,0,0,1296,65535
2,2,1072,1073,1,0,0,1297,65535
2,2,1073,1074,1,0,0,1298,65535
2,2,1074,1075,1,0,0,1299,65535
2,2,1075,823,1,0,0,1300,65535
2,2,1076,825,1,0,0,1301,65535
2,2,1077,1076,1,0,0,1302,65535
2,2,1078,1079,1,0,0,1303,65535
2,2,1080,1081,1,0,0,1304,65535
2,2,1082,1077,1,0,0,1305,65535
2,2,1081,1083,1,0,0,1306,65535
2,2,1083,1084,1,0,0,1307,65535
2,2,1084,1085,1,0,0,1308,65535
2,2,1085,1086,1,0,0,1309,65535
2,2,1087,1088,1,0,0,1310,65535
2,2,1088,1089,1,0,0,1311,65535
2,2,1089,1090,1,0,0,1312,65535
2,2,1090,1091,1,0,0,1313,65535
2,2,1091,1092,1,0,0,1314,65535
2,2,1080,1092,12,0,0,1315,1316
2,2,1081,1091,12,0,0,1317,1318
2,2,1083,1090,12,0,0,1319,1320
2,2,1084,1089,12,0,0,1321,1322
2,2,1085,1088,12,0,0,1323,1324
2,2,1071,1093,1,0,0,1325,65535
2,2,1093,1078,1,0,0,1326,65535
2,2,1077,1093,12,0,0,1327,1328
2,2,319,1087,1,0,0,1329,65535
2,2,1086,4,1,0,0,1330,65535
2,2,1087,1086,84,0,0,1331,1332
2,2,1079,1094,1,0,0,1333,65535
2,2,1094,1095,1,0,0,1334,65535
2,2,1095,1080,1,0,0,1335,65535
2,2,1092,1096,1,0,0,1336,65535
2,2,1096,1097,1,0,0,1337,65535
2,2,1097,1082,1,0,0,1338,65535
2,2,1079,1082,12,0,0,1339,1340
2,2,1094,1097,12,0,0,1341,1342
2,2,1095,1096,12,0,0,1343,1344
2,2,893,603,1,0,0,1345,65535
2,2,603,60,1,0,0,1346,65535
2,2,543,546,4,0,0,1347,1348
2,2,543,1098,4,0,0,1349,1350
2,2,1098,1099,4,0,0,1351,1352
2,2,1099,546,4,0,0,1353,1354
2,2,530,1100,4,0,0,1355,1356
2,2,1100,1101,4,0,0,1357,1358
2,2,1101,545,4,0,0,1359,1360
2,2,1100,1102,4,0,0,1361,1362
2,2,1102,1103,4,0,0,1363,1364
2,2,1103,1101,4,0,0,1365,1366
2,2,308,299,4,0,0,1367,1368
2,2,302,311,4,0,0,1369,1370
2,2,312,303,4,0,0,1371,1372
2,2,306,315,4,0,0,1373,1374
2,2,320,319,4,89,23,1375,1376
2,2,316,323,4,0,0,1377,1378
2,2,328,492,1,0,0,1379,65535
2,2,471,484,1,0,0,1380,65535
2,2,443,470,1,0,0,1381,65535
2,2,1104,422,1,0,0,1382,65535
2,2,461,1104,1,0,0,1383,65535
2,2,420,460,1,0,0,1384,65535
2,2,465,432,1,0,0,1385,65535
2,2,467,466,1,0,0,1386,65535
2,2,429,1105,1,0,0,1387,65535
2,2,1106,430,1,0,0,1388,65535
2,2,446,1107,1,0,0,1389,65535
2,2,1108,459,4,0,0,1390,1391
2,2,456,1108,4,0,0,1392,1393
2,2,442,436,1,0,0,1394,65535
2,2,469,441,1,0,0,1395,65535
2,2,1109,416,1,0,0,1396,65535
2,2,602,1109,1,0,0,1397,65535
2,2,418,602,1,0,0,1398,65535
2,2,1110,410,1,0,0,1399,65535
2,2,407,1110,1,0,0,1400,65535
2,2,401,406,1,0,0,1401,65535
2,2,1111,395,1,0,0,1402,65535
2,2,473,1111,1,0,0,1403,65535
2,2,475,472,1,0,0,1404,65535
2,2,522,477,1,0,0,1405,65535
2,2,1112,1113,1,0,0,1406,65535
2,2,1114,287,1,0,0,1407,65535
2,2,1115,1114,1,0,0,1408,65535
2,2,579,1115,1,0,0,1409,65535
2,2,571,574,1,0,0,1410,65535
2,2,567,570,1,0,0,1411,65535
2,2,561,566,1,0,0,1412,65535
2,2,583,560,1,0,0,1413,65535
2,2,587,585,1,0,0,1414,65535
2,2,1116,586,1,0,0,1415,65535
2,2,562,1116,1,0,0,1416,65535
2,2,554,557,1,0,0,1417,65535
2,2,1117,569,1,0,0,1418,65535
2,2,573,1117,1,0,0,1419,65535
2,2,1118,581,1,0,0,1420,65535
2,2,503,1118,1,0,0,1421,65535
2,2,507,502,1,0,0,1422,65535
2,2,526,508,1,0,0,1423,65535
2,2,528,525,1,0,0,1424,65535
2,2,533,529,1,0,0,1425,65535
2,2,537,535,1,0,0,1426,65535
2,2,539,536,1,0,0,1427,65535
2,2,548,549,4,0,0,1428,1429
2,2,534,588,1,0,0,1430,65535
2,2,524,542,1,0,0,1431,65535
2,2,1119,523,1,0,0,1432,65535
2,2,510,1119,1,0,0,1433,65535
2,2,505,509,1,0,0,1434,65535
2,2,1120,504,1,0,0,1435,65535
2,2,541,550,1,0,0,1436,65535
2,2,1121,540,1,0,0,1437,65535
2,2,604,1121,1,0,0,1438,65535
2,2,1122,604,1,0,0,1439,65535
2,2,1123,1124,4,0,0,1440,1441
2,2,512,1123,4,0,0,1442,1443
2,2,1125,511,1,0,0,1444,65535
2,2,1126,1125,1,0,0,1445,65535
2,2,478,1127,1,0,0,1446,65535
2,2,397,388,1,0,0,1447,65535
2,2,400,396,1,0,0,1448,65535
2,2,414,409,1,0,0,1449,65535
2,2,1128,361,1,0,0,1450,65535
2,2,354,358,1,0,0,1451,65535
2,2,346,349,1,0,0,1452,65535
2,2,378,345,1,0,0,1453,65535
2,2,601,376,1,0,0,1454,65535
2,2,335,600,1,0,0,1455,65535
2,2,1129,386,1,0,0,1456,65535
2,2,367,1129,1,0,0,1457,65535
2,2,384,387,1,0,0,1458,65535
2,2,1130,344,1,0,0,1459,65535
2,2,332,1130,1,0,0,1460,65535
2,2,330,333,1,0,0,1461,65535
2,2,348,379,1,0,0,1462,65535
2,2,1131,347,1,0,0,1463,65535
2,2,373,1131,1,0,0,1464,65535
2,2,353,368,1,0,0,1465,65535
2,2,598,1132,100,0,0,1466,1467
2,2,1133,1134,1,0,0,1468,65535
2,2,1134,1135,1,0,0,1469,65535
2,2,1135,1136,1,0,0,1470,65535
2,2,121,1137,1,0,0,1471,65535
2,2,1137,218,17,0,0,1472,65535
2,2,217,307,17,0,0,1473,65535
2,2,217,218,4,0,0,1474,1475
2,2,1137,307,12,0,0,1476,1477
2,2,244,1138,17,0,0,1478,65535
2,2,1138,1139,1,0,0,1479,65535
2,2,1139,245,17,0,0,1480,65535
2,2,244,245,28,0,0,1481,1482
2,2,1133,1136,4,0,0,1483,1484
2,2,1140,1141,4,0,0,1485,1486
2,2,1142,1140,4,0,0,1487,1488
2,2,1143,1142,4,0,0,1489,1490
2,2,1141,1143,4,0,0,1491,1492
2,2,265,251,4,0,0,1493,1494
2,2,249,263,4,0,0,1495,1496
2,2,252,1144,1,0,0,1497,65535
2,2,1145,242,1,0,0,1498,65535
2,2,254,1145,1,0,0,1499,65535
2,2,1144,1146,1,0,0,1500,65535
2,2,1144,1145,28,0,0,1501,1502
2,2,254,1146,20,0,0,1503,1504
2,2,247,1147,1,0,0,1505,65535
2,2,1148,248,1,0,0,1506,65535
2,2,660,1149,1,0,0,1507,65535
2,2,1150,657,1,0,0,1508,65535
2,2,1147,1150,1,0,0,1509,65535
2,2,1149,1148,1,0,0,1510,65535
2,2,1149,1150,28,0,0,1511,1512
2,2,1147,1148,28,0,0,1513,1514
2,2,890,1151,1,0,0,1515,65535
2,2,1151,1152,1,0,0,1516,65535
2,2,1152,1153,1,0,0,1517,65535
2,2,1153,1154,1,0,0,1518,65535
2,2,1154,265,1,0,0,1519,65535
2,2,1151,1154,28,0,0,1520,1521
2,2,495,1155,1,0,0,1522,65535
2,2,1155,1156,1,0,0,1523,65535
2,2,1156,1133,17,0,0,1524,65535
2,2,1136,1157,1,0,0,1525,65535
2,2,1157,253,1,0,0,1526,65535
2,2,1155,253,20,0,0,1527,1528
2,2,1158,1159,1,0,0,1529,65535
2,2,1159,1160,1,0,0,1530,65535
2,2,1160,1161,1,0,0,1531,65535
2,2,1158,1161,4,0,0,1532,1533
2,2,228,1162,1,0,0,1534,65535
2,2,1162,1158,17,0,0,1535,65535
2,2,1161,1163,17,0,0,1536,65535
2,2,1163,327,1,0,0,1537,65535
2,2,228,327,20,0,0,1538,1539
2,2,1113,1120,1,0,0,1540,65535
2,2,259,1164,1,0,0,1541,65535
2,2,1164,1165,1,0,0,1542,65535
2,2,1165,1112,1,0,0,1543,65535
2,2,259,1112,4,0,0,1544,1545
2,2,259,1166,4,0,0,1546,1547
2,2,1166,1112,4,0,0,1548,1549
2,2,989,1167,1,0,0,1550,65535
2,2,1167,122,1,0,0,1551,65535
2,2,123,325,1,0,0,1552,65535
2,2,1167,325,12,0,0,1553,1554
2,2,1168,1169,17,0,0,1555,65535
2,2,1170,1171,17,0,0,1556,65535
2,2,1172,1173,4,1,0,1557,1558
2,2,1174,1175,4,1,0,1559,1560
2,2,1174,1173,17,0,0,1561,65535
2,2,1172,1175,17,0,0,1562,65535
2,2,1176,1174,1,0,0,1563,65535
2,2,1175,1177,1,0,0,1564,65535
2,2,1177,1178,17,0,0,1565,65535
2,2,1178,1179,17,0,0,1566,65535
2,2,1179,1180,17,0,0,1567,65535
2,2,1181,1182,17,0,0,1568,65535
2,2,1182,1183,17,0,0,1569,65535
2,2,1168,1171,28,0,0,1570,1571
2,2,1183,1176,17,0,0,1572,65535
2,2,1184,1185,1,11,0,1573,65535
2,2,1185,1181,17,0,0,1574,65535
2,2,1180,1184,17,0,0,1575,65535
2,2,96,1186,68,0,0,1576,1577
2,2,1186,1187,4,0,0,1578,1579
2,2,1187,93,4,0,0,1580,1581
2,2,1186,1171,68,0,0,1582,1583
2,2,1168,1187,4,0,0,1584,1585
2,2,1171,1188,1,0,0,1586,65535
2,2,1189,95,1,0,0,1587,65535
2,2,1188,1189,92,74,16,1588,1589
2,2,1188,1190,17,0,0,1590,65535
2,2,1190,1191,17,0,0,1591,65535
2,2,1192,1189,17,0,0,1592,65535
2,2,1193,1192,17,0,0,1593,65535
2,2,1191,1194,17,0,0,1594,65535
2,2,1194,1195,17,0,0,1595,65535
2,2,1195,120,17,0,0,1596,65535
2,2,119,1193,17,0,0,1597,65535
2,2,733,92,68,0,0,1598,1599
2,2,89,736,4,0,0,1600,1601
2,2,87,740,4,0,0,1602,1603
2,2,737,86,4,0,0,1604,1605
2,2,741,80,4,0,0,1606,1607
2,2,77,752,4,0,0,1608,1609
2,2,84,746,4,0,0,1610,1611
2,2,743,82,4,0,0,1612,1613
2,2,747,76,4,0,0,1614,1615
2,2,73,750,68,0,0,1616,1617
2,2,94,1196,1,0,0,1618,65535
2,2,1197,1168,1,0,0,1619,65535
2,2,1196,1198,1,0,0,1620,65535
2,2,1198,1199,1,0,0,1621,65535
2,2,1199,1200,1,0,0,1622,65535
2,2,1201,1202,1,0,0,1623,65535
2,2,1202,1203,1,0,0,1624,65535
2,2,1204,1205,1,0,0,1625,65535
2,2,1205,1206,1,0,0,1626,65535
2,2,1206,1207,1,0,0,1627,65535
2,2,1207,1208,17,20,2,1628,65535
2,2,1208,1197,1,0,0,1629,65535
2,2,1196,1197,29,0,0,1630,1631
2,2,1208,1198,29,0,0,1632,1633
2,2,1209,1201,17,0,0,1634,65535
2,2,1200,1210,17,0,0,1635,65535
2,2,1209,1210,4,33,0,1636,1637
2,2,1200,1201,4,33,0,1638,1639
2,2,92,1211,1,0,0,1640,65535
2,2,1211,1209,1,0,0,1641,65535
2,2,1210,1212,1,0,0,1642,65535
2,2,1212,93,1,0,0,1643,65535
2,2,1211,1212,28,0,0,1644,1645
2,2,1213,97,1,0,0,1646,65535
2,2,1203,1204,1,0,0,1647,65535
2,2,1214,1199,4,0,0,1648,1649
2,2,1207,1214,4,0,0,1650,1651
2,2,1215,937,1,0,0,1652,65535
2,2,1216,1215,1,0,0,1653,65535
2,2,754,1216,17,0,0,1654,65535
2,2,938,939,17,0,0,1655,65535
2,2,754,939,36,0,0,1656,1657
2,2,938,1216,36,0,0,1658,1659
2,2,803,755,17,0,0,1660,65535
2,2,806,807,17,0,0,1661,65535
2,2,806,755,36,0,0,1662,1663
2,2,803,807,36,0,0,1664,1665
2,2,800,798,4,2,3,1666,1667
2,2,518,1122,1,0,0,1668,65535
2,2,1124,519,1,0,0,1669,65535
2,2,1127,1126,1,0,0,1670,65535
2,2,512,514,1,0,0,1671,65535
2,2,515,1124,1,0,0,1672,65535
2,2,1217,1218,4,0,0,1673,1674
2,2,1219,1217,4,0,0,1675,1676
2,2,1220,1219,4,0,0,1677,1678
2,2,1221,1220,4,0,0,1679,1680
2,2,1218,1222,4,0,0,1681,1682
2,2,1222,1221,4,0,0,1683,1684
2,2,1221,1223,4,0,0,1685,1686
2,2,1223,1218,4,0,0,1687,1688
2,2,1105,462,4,0,0,1689,1690
2,2,1224,463,1,0,0,1691,65535
2,2,1105,1224,1,0,0,1692,65535
2,2,484,487,1,0,0,1693,65535
2,2,1225,1226,4,0,0,1694,1695
2,2,1227,1228,4,0,0,1696,1697
2,2,1228,1229,4,0,0,1698,1699
2,2,1229,1225,4,0,0,1700,1701
2,2,1226,1230,4,0,0,1702,1703
2,2,1230,1227,4,0,0,1704,1705
2,2,1231,1226,4,0,0,1706,1707
2,2,1227,1231,4,0,0,1708,1709
2,2,454,1232,20,0,0,1710,1711
2,2,1232,449,17,0,0,1712,65535
2,2,453,445,4,0,0,1713,1714
2,2,453,1233,4,0,0,1715,1716
2,2,1234,1235,4,0,0,1717,1718
2,2,1235,445,4,0,0,1719,1720
2,2,1236,1237,4,0,0,1721,1722
2,2,1237,446,4,0,0,1723,1724
2,2,1107,1106,1,0,0,1725,65535
2,2,1233,1234,4,0,0,1726,1727
2,2,1234,1236,4,0,0,1728,1729
2,2,1238,1239,5,0,0,1730,1731
2,2,1240,1238,5,0,0,1732,1733
2,2,1241,1240,5,0,0,1734,1735
2,2,1239,1241,5,0,0,1736,1737
2,2,1242,1243,4,0,0,1738,1739
2,2,1243,1244,4,0,0,1740,1741
2,2,1244,1245,4,0,0,1742,1743
2,2,1245,1242,4,0,0,1744,1745
2,2,1246,1247,4,0,0,1746,1747
2,2,1247,1248,4,0,0,1748,1749
2,2,1248,1249,4,0,0,1750,1751
2,2,1249,1246,4,0,0,1752,1753
2,2,1250,1251,4,0,0,1754,1755
2,2,1251,1252,4,0,0,1756,1757
2,2,1252,1253,4,0,0,1758,1759
2,2,1253,1250,4,0,0,1760,1761
2,2,1254,1255,4,0,0,1762,1763
2,2,1255,1256,4,0,0,1764,1765
2,2,1256,1257,4,0,0,1766,1767
2,2,1257,1254,4,0,0,1768,1769
2,2,417,418,1,0,0,1770,65535
2,2,411,413,1,0,0,1771,65535
2,2,496,415,4,0,0,1772,1773
2,2,1258,1259,4,0,0,1774,1775
2,2,1259,1260,4,0,0,1776,1777
2,2,1261,1262,4,0,0,1778,1779
2,2,1263,1261,4,0,0,1780,1781
2,2,1264,1263,4,0,0,1782,1783
2,2,1262,1264,4,0,0,1784,1785
2,2,496,1258,4,0,0,1786,1787
2,2,1265,1266,4,0,0,1788,1789
2,2,1266,1267,4,0,0,1790,1791
2,2,1267,1268,4,0,0,1792,1793
2,2,1268,1265,4,0,0,1794,1795
2,2,1260,415,4,0,0,1796,1797
2,2,288,286,4,0,0,1798,1799
2,2,454,458,1,0,0,1800,65535
2,2,598,362,1,0,0,1801,65535
2,2,456,1232,1,0,0,1802,65535
2,2,1269,1270,4,0,0,1803,1804
2,2,361,1269,1,0,0,1805,65535
2,2,1269,1271,1,0,0,1806,65535
2,2,1271,1272,1,0,0,1807,65535
2,2,1272,1270,1,0,0,1808,65535
2,2,1132,1273,1,0,0,1809,65535
2,2,1273,360,1,0,0,1810,65535
2,2,1146,255,17,102,4,1811,65535
2,2,1270,1132,1,0,0,1812,65535
2,2,501,1274,1,0,0,1813,65535
2,2,1274,1275,1,0,0,1814,65535
2,2,1275,1276,1,0,0,1815,65535
2,2,1276,499,1,0,0,1816,65535
2,2,1277,1278,4,0,0,1817,1818
2,2,1278,501,4,0,0,1819,1820
2,2,513,1279,4,0,0,1821,1822
2,2,1279,1274,4,0,0,1823,1824
2,2,1275,1280,4,0,0,1825,1826
2,2,1280,1281,4,0,0,1827,1828
2,2,1281,1276,4,0,0,1829,1830
2,2,1282,1283,4,0,0,1831,1832
2,2,1283,1284,4,0,0,1833,1834
2,2,1284,1285,4,0,0,1835,1836
2,2,1285,1282,4,0,0,1837,1838
2,2,1286,1287,4,0,0,1839,1840
2,2,1287,1288,4,0,0,1841,1842
2,2,1288,1289,4,0,0,1843,1844
2,2,1289,1286,4,0,0,1845,1846
2,2,1290,1291,4,0,0,1847,1848
2,2,1291,1292,4,0,0,1849,1850
2,2,1292,1293,4,0,0,1851,1852
2,2,1293,1290,4,0,0,1853,1854
2,2,1294,1295,4,0,0,1855,1856
2,2,1295,1296,4,0,0,1857,1858
2,2,1296,1297,4,0,0,1859,1860
2,2,1297,1294,4,0,0,1861,1862
2,2,1298,1299,4,0,0,1863,1864
2,2,1299,1300,4,0,0,1865,1866
2,2,1300,1301,4,0,0,1867,1868
2,2,1301,1298,4,0,0,1869,1870
2,2,1302,1303,4,0,0,1871,1872
2,2,1303,1304,4,0,0,1873,1874
2,2,1304,1305,4,0,0,1875,1876
2,2,1305,1302,4,0,0,1877,1878
2,2,1306,1307,4,0,0,1879,1880
2,2,1307,1308,4,0,0,1881,1882
2,2,1308,1309,4,0,0,1883,1884
2,2,1309,1306,4,0,0,1885,1886
2,2,500,1277,4,0,0,1887,1888
2,2,514,500,1,0,0,1889,65535
2,2,599,222,1,0,0,1890,65535
2,2,357,1128,1,0,0,1891,65535
2,2,1128,599,132,38,5,1892,1893
2,2,106,171,68,0,0,1894,1895
2,2,271,272,1,0,0,1896,65535
2,2,277,280,12,0,0,1897,1898
2,2,1058,1055,4,30,9,1899,1900
2,2,1060,289,4,0,0,1901,1902
2,2,285,1063,4,0,0,1903,1904
2,2,39,40,4,0,0,1905,1906
2,2,947,958,0,0,0,1907,65535
2,2,182,1068,1,0,0,1908,65535
2,2,795,53,1,0,0,1909,65535
2,2,788,789,132,0,0,1910,1911
2,2,782,1310,132,0,0,1912,1913
2,2,1310,780,132,0,0,1914,1915
2,2,793,1068,20,0,0,1916,1917
2,2,795,794,20,0,0,1918,1919
2,2,595,732,1,0,0,1920,65535
2,2,80,1311,1,0,0,1921,65535
2,2,1311,737,1,0,0,1922,65535
2,2,684,47,68,0,0,1923,1924
2,2,45,684,68,89,23,1925,1926
2,2,685,50,68,0,0,1927,1928
2,2,48,685,4,0,0,1929,1930
2,2,686,52,68,89,23,1931,1932
2,2,855,63,132,87,23,1933,1934
2,2,828,864,132,0,0,1935,1936
2,2,863,829,196,0,0,1937,1938
2,2,97,109,132,74,16,1939,1940
2,2,805,802,1,0,0,1941,65535
2,2,1312,40,1,0,0,1942,65535
2,2,1313,1312,1,0,0,1943,65535
2,2,38,1314,1,0,0,1944,65535
2,2,1315,1316,1,0,0,1945,65535
2,2,39,1315,1,0,0,1946,65535
2,2,1315,1312,4,0,0,1947,1948
2,2,1316,1313,4,0,0,1949,1950
2,2,1316,1317,1,0,0,1951,65535
2,2,1317,1318,1,0,0,1952,65535
2,2,1318,1319,1,0,0,1953,65535
2,2,1319,37,1,0,0,1954,65535
2,2,1319,1314,4,0,0,1955,1956
2,2,1314,1320,1,0,0,1957,65535
2,2,1320,1321,1,0,0,1958,65535
2,2,1321,1313,1,0,0,1959,65535
2,2,1317,1321,4,0,0,1960,1961
2,2,1318,1320,4,0,0,1962,1963
2,2,683,46,4,87,23,1964,1965
2,2,51,683,4,87,23,1966,1967
2,2,46,1322,1,0,0,1968,65535
2,2,1323,51,1,0,0,1969,65535
2,2,1324,1323,1,0,0,1970,65535
2,2,1325,1324,1,0,0,1971,65535
2,2,864,1325,1,0,0,1972,65535
2,2,821,828,68,0,0,1973,1974
2,2,1326,821,1,0,0,1975,65535
2,2,1327,1326,1,0,0,1976,65535
2,2,54,1327,1,0,0,1977,65535
2,2,1322,181,1,0,0,1978,65535
2,2,65,862,196,89,23,1979,1980
2,2,1328,65,1,0,0,1981,65535
2,2,862,1329,1,0,0,1982,65535
2,2,1329,1330,1,0,0,1983,65535
2,2,1331,1328,1,0,0,1984,65535
2,2,1330,1332,1,0,0,1985,65535
2,2,1332,186,1,0,0,1986,65535
2,2,186,184,68,0,0,1987,1988
2,2,184,1333,1,0,0,1989,65535
2,2,1333,1334,1,0,0,1990,65535
2,2,1334,1335,1,0,0,1991,65535
2,2,1335,49,1,0,0,1992,65535
2,2,49,686,4,0,0,1993,1994
2,2,52,1331,1,0,0,1995,65535
2,2,786,1310,132,59,21,1996,1997
2,2,1187,595,132,77,16,1998,1999
2,2,96,1213,1,0,0,2000,65535
2,2,1336,258,17,0,0,2001,65535
2,2,257,1337,17,0,0,2002,65535
2,2,250,1338,17,0,0,2003,65535
2,2,1338,1336,17,0,0,2004,65535
2,2,1337,1339,17,0,0,2005,65535
2,2,1339,1340,17,0,0,2006,65535
2,2,1337,1336,4,31,0,2007,2008
2,2,1338,1339,4,0,0,2009,2010
2,2,1340,251,1,0,0,2011,65535
2,2,257,258,28,0,0,2012,2013
2,2,652,1341,20,0,0,2014,2015
2,2,1341,653,20,0,0,2016,2017
2,2,647,1342,20,0,0,2018,2019
2,2,1342,648,20,0,0,2020,2021
2,2,649,1343,20,0,0,2022,2023
2,2,1343,650,20,0,0,2024,2025
2,2,656,1344,20,0,0,2026,2027
2,2,1344,645,20,0,0,2028,2029
2,2,1173,1170,1,0,0,2030,65535
2,2,1169,1172,1,0,0,2031,65535
2,2,1169,1170,4,0,0,2032,2033
2,2,1345,1346,4,0,0,2034,2035
2,2,1346,1347,4,0,0,2036,2037
2,2,1347,1348,4,0,0,2038,2039
2,2,1348,1345,4,0,0,2040,2041
2,2,173,169,68,0,0,2042,2043
2,2,21,18,28,0,0,2044,2045
2,2,23,22,4,0,0,2046,2047
2,2,896,589,1,0,0,2048,65535
2,2,191,891,1,0,0,2049,65535
2,2,54,181,4,0,0,2050,2051
2,2,1322,1327,4,0,0,2052,2053
2,2,763,764,1,0,0,2054,65535
2,2,57,188,1,0,0,2055,65535
2,2,777,774,44,23,86,2056,2057
2,2,1349,1150,4,0,0,2058,2059
2,2,1350,1349,4,0,0,2060,2061
2,2,1149,1350,4,0,0,2062,2063
2,2,1351,1148,4,0,0,2064,2065
2,2,1147,1351,4,0,0,2066,2067
2,2,736,740,4,73,16,2068,2069
2,2,86,80,4,73,16,2070,2071
2,2,752,746,4,73,16,2072,2073
2,2,82,76,4,73,16,2074,2075
