episode,mission,vertex_1,vertex_2,flags,action_special,sector_tag,front_side,back_side
2,4,0,1,1,0,0,0,65535
2,4,1,2,1,0,0,1,65535
2,4,2,3,1,0,0,2,65535
2,4,3,4,1,0,0,3,65535
2,4,4,5,1,0,0,4,65535
2,4,6,7,1,0,0,5,65535
2,4,8,9,1,0,0,6,65535
2,4,9,10,1,0,0,7,65535
2,4,10,11,1,0,0,8,65535
2,4,12,13,1,0,0,9,65535
2,4,13,14,1,0,0,10,65535
2,4,14,15,1,0,0,11,65535
2,4,16,17,1,0,0,12,65535
2,4,17,18,1,0,0,13,65535
2,4,18,19,1,0,0,14,65535
2,4,19,20,1,0,0,15,65535
2,4,21,16,1,0,0,16,65535
2,4,22,21,1,0,0,17,65535
2,4,23,22,1,0,0,18,65535
2,4,24,25,1,0,0,19,65535
2,4,26,24,1,0,0,20,65535
2,4,27,26,1,0,0,21,65535
2,4,28,27,1,0,0,22,65535
2,4,29,28,1,0,0,23,65535
2,4,30,29,1,0,0,24,65535
2,4,31,30,1,0,0,25,65535
2,4,32,23,1,0,0,26,65535
2,4,25,33,1,0,0,27,65535
2,4,34,35,1,0,0,28,65535
2,4,36,37,1,0,0,29,65535
2,4,38,39,1,0,0,30,65535
2,4,40,41,17,0,0,31,65535
2,4,37,34,1,0,0,32,65535
2,4,35,38,1,0,0,33,65535
2,4,42,43,17,0,0,34,65535
2,4,44,45,1,0,0,35,65535
2,4,45,46,1,0,0,36,65535
2,4,47,48,17,0,0,37,65535
2,4,48,49,17,0,0,38,65535
2,4,49,50,17,0,0,39,65535
2,4,51,52,17,0,0,40,65535
2,4,52,53,17,0,0,41,65535
2,4,53,54,17,0,0,42,65535
2,4,55,56,1,0,0,43,65535
2,4,56,57,1,0,0,44,65535
2,4,32,33,68,88,24,45,46
2,4,58,59,6,2,22,47,48
2,4,59,60,6,2,22,49,50
2,4,60,61,6,2,22,51,52
2,4,61,58,6,2,22,53,54
2,4,62,63,4,0,0,55,56
2,4,63,64,4,0,0,57,58
2,4,64,65,4,0,0,59,60
2,4,65,66,4,0,0,61,62
2,4,66,67,4,0,0,63,64
2,4,67,68,4,0,0,65,66
2,4,68,69,4,0,0,67,68
2,4,69,62,4,0,0,69,70
2,4,43,70,1,0,0,71,65535
2,4,70,71,1,0,0,72,65535
2,4,71,72,1,0,0,73,65535
2,4,72,73,1,0,0,74,65535
2,4,73,74,1,0,0,75,65535
2,4,74,75,1,0,0,76,65535
2,4,75,76,1,0,0,77,65535
2,4,77,78,17,7,2,78,65535
2,4,79,40,17,0,0,79,65535
2,4,80,81,1,0,0,80,65535
2,4,82,80,1,0,0,81,65535
2,4,83,82,1,0,0,82,65535
2,4,84,83,1,0,0,83,65535
2,4,85,84,1,0,0,84,65535
2,4,86,85,1,0,0,85,65535
2,4,76,87,1,0,0,86,65535
2,4,88,89,17,7,3,87,65535
2,4,90,91,1,0,0,88,65535
2,4,92,93,1,0,0,89,65535
2,4,93,90,1,0,0,90,65535
2,4,87,94,1,0,0,91,65535
2,4,94,95,1,0,0,92,65535
2,4,95,96,1,0,0,93,65535
2,4,96,97,1,0,0,94,65535
2,4,97,98,1,0,0,95,65535
2,4,98,99,1,0,0,96,65535
2,4,99,100,1,0,0,97,65535
2,4,101,102,1,0,0,98,65535
2,4,103,101,1,0,0,99,65535
2,4,104,103,1,0,0,100,65535
2,4,105,104,1,0,0,101,65535
2,4,106,105,1,0,0,102,65535
2,4,107,106,1,0,0,103,65535
2,4,108,107,1,7,21,104,65535
2,4,100,109,1,0,0,105,65535
2,4,109,110,1,0,0,106,65535
2,4,110,111,1,0,0,107,65535
2,4,111,112,1,0,0,108,65535
2,4,112,113,1,0,0,109,65535
2,4,113,114,1,0,0,110,65535
2,4,114,115,1,0,0,111,65535
2,4,115,116,1,0,0,112,65535
2,4,116,117,1,0,0,113,65535
2,4,117,118,1,0,0,114,65535
2,4,118,92,1,0,0,115,65535
2,4,119,108,1,0,0,116,65535
2,4,120,119,1,0,0,117,65535
2,4,121,120,1,0,0,118,65535
2,4,122,121,1,0,0,119,65535
2,4,123,122,1,0,0,120,65535
2,4,124,123,1,0,0,121,65535
2,4,125,124,1,0,0,122,65535
2,4,91,126,1,0,0,123,65535
2,4,126,125,1,0,0,124,65535
2,4,70,81,4,58,17,125,126
2,4,71,80,4,58,8,127,128
2,4,72,82,4,0,0,129,130
2,4,73,83,4,0,0,131,132
2,4,74,84,4,0,0,133,134
2,4,75,85,4,0,0,135,136
2,4,76,86,4,0,0,137,138
2,4,87,102,4,0,0,139,140
2,4,94,101,4,0,0,141,142
2,4,95,103,4,0,0,143,144
2,4,96,104,4,0,0,145,146
2,4,97,105,4,0,0,147,148
2,4,98,106,4,0,0,149,150
2,4,99,107,4,0,0,151,152
2,4,100,108,4,0,0,153,154
2,4,109,119,4,0,0,155,156
2,4,110,120,4,0,0,157,158
2,4,111,121,4,0,0,159,160
2,4,112,122,4,0,0,161,162
2,4,113,123,4,0,0,163,164
2,4,114,124,4,0,0,165,166
2,4,127,128,1,0,0,167,65535
2,4,128,129,1,0,0,168,65535
2,4,130,131,36,31,0,169,170
2,4,50,132,17,0,0,171,65535
2,4,132,133,17,0,0,172,65535
2,4,133,31,1,0,0,173,65535
2,4,11,134,1,0,0,174,65535
2,4,135,12,1,0,0,175,65535
2,4,136,51,17,0,0,176,65535
2,4,137,136,17,0,0,177,65535
2,4,20,137,1,0,0,178,65535
2,4,133,134,21,0,0,179,180
2,4,135,137,21,0,0,181,182
2,4,134,138,17,0,0,183,65535
2,4,139,135,17,0,0,184,65535
2,4,138,140,17,0,0,185,65535
2,4,141,32,1,0,0,186,65535
2,4,33,142,1,0,0,187,65535
2,4,7,130,1,0,0,188,65535
2,4,131,8,1,0,0,189,65535
2,4,130,143,17,0,0,190,65535
2,4,129,144,1,0,0,191,65535
2,4,144,131,17,0,0,192,65535
2,4,145,0,1,0,0,193,65535
2,4,15,146,1,0,0,194,65535
2,4,146,147,17,0,0,195,65535
2,4,148,145,17,0,0,196,65535
2,4,149,148,17,0,0,197,65535
2,4,147,150,17,0,0,198,65535
2,4,150,151,17,0,0,199,65535
2,4,152,149,17,0,0,200,65535
2,4,146,145,12,74,11,201,202
2,4,147,148,4,1,0,203,204
2,4,149,150,4,34,0,205,206
2,4,152,151,12,0,0,207,208
2,4,153,152,1,0,0,209,65535
2,4,151,154,1,0,0,210,65535
2,4,155,156,1,0,0,211,65535
2,4,154,157,1,0,0,212,65535
2,4,157,158,1,0,0,213,65535
2,4,158,159,1,0,0,214,65535
2,4,159,160,1,0,0,215,65535
2,4,161,155,1,0,0,216,65535
2,4,162,161,1,0,0,217,65535
2,4,163,164,17,0,0,218,65535
2,4,165,166,17,0,0,219,65535
2,4,164,162,17,0,0,220,65535
2,4,160,167,1,0,0,221,65535
2,4,167,165,17,0,0,222,65535
2,4,166,168,17,0,0,223,65535
2,4,169,163,17,0,0,224,65535
2,4,168,170,1,0,0,225,65535
2,4,171,169,1,0,0,226,65535
2,4,172,171,17,0,0,227,65535
2,4,170,173,17,0,0,228,65535
2,4,173,174,1,0,0,229,65535
2,4,175,176,17,0,0,230,65535
2,4,174,177,1,0,0,231,65535
2,4,177,178,17,0,0,232,65535
2,4,178,179,17,0,0,233,65535
2,4,179,180,1,0,0,234,65535
2,4,181,175,1,0,0,235,65535
2,4,169,168,28,74,11,236,237
2,4,163,166,4,32,0,238,239
2,4,165,164,4,31,0,240,241
2,4,167,162,4,0,0,242,243
2,4,180,181,68,0,0,244,245
2,4,182,181,17,0,0,246,65535
2,4,183,182,1,0,0,247,65535
2,4,180,184,17,0,0,248,65535
2,4,184,185,1,0,0,249,65535
2,4,185,186,1,0,0,250,65535
2,4,187,183,1,0,0,251,65535
2,4,188,187,1,0,0,252,65535
2,4,189,190,1,0,0,253,65535
2,4,190,188,1,0,0,254,65535
2,4,191,189,1,0,0,255,65535
2,4,186,192,1,0,0,256,65535
2,4,192,193,1,0,0,257,65535
2,4,193,194,1,0,0,258,65535
2,4,194,195,1,0,0,259,65535
2,4,195,196,1,0,0,260,65535
2,4,197,191,1,0,0,261,65535
2,4,198,199,1,0,0,262,65535
2,4,199,197,1,0,0,263,65535
2,4,196,200,1,0,0,264,65535
2,4,200,201,1,0,0,265,65535
2,4,201,202,1,0,0,266,65535
2,4,203,198,1,0,0,267,65535
2,4,204,205,1,0,0,268,65535
2,4,205,206,1,0,0,269,65535
2,4,206,207,1,0,0,270,65535
2,4,208,209,1,0,0,271,65535
2,4,209,210,1,0,0,272,65535
2,4,211,204,1,0,0,273,65535
2,4,212,208,1,0,0,274,65535
2,4,213,212,1,0,0,275,65535
2,4,210,211,1,0,0,276,65535
2,4,214,213,1,0,0,277,65535
2,4,215,214,1,0,0,278,65535
2,4,216,215,1,0,0,279,65535
2,4,217,218,1,0,0,280,65535
2,4,202,219,1,0,0,281,65535
2,4,219,220,1,0,0,282,65535
2,4,220,221,1,0,0,283,65535
2,4,221,222,1,0,0,284,65535
2,4,223,217,1,0,0,285,65535
2,4,224,225,1,0,0,286,65535
2,4,225,226,1,0,0,287,65535
2,4,226,227,1,0,0,288,65535
2,4,228,229,1,0,0,289,65535
2,4,229,230,1,0,0,290,65535
2,4,222,224,1,0,0,291,65535
2,4,230,223,1,0,0,292,65535
2,4,218,231,1,0,0,293,65535
2,4,231,216,1,0,0,294,65535
2,4,232,233,1,0,0,295,65535
2,4,233,234,1,0,0,296,65535
2,4,235,236,1,0,0,297,65535
2,4,236,237,1,0,0,298,65535
2,4,238,239,1,0,0,299,65535
2,4,237,238,1,0,0,300,65535
2,4,240,203,1,0,0,301,65535
2,4,239,240,1,0,0,302,65535
2,4,227,241,1,0,0,303,65535
2,4,242,243,1,0,0,304,65535
2,4,241,244,1,0,0,305,65535
2,4,244,245,1,0,0,306,65535
2,4,246,247,1,0,0,307,65535
2,4,243,228,1,0,0,308,65535
2,4,245,248,1,0,0,309,65535
2,4,249,246,1,0,0,310,65535
2,4,245,246,68,3,4,311,312
2,4,248,250,1,0,0,313,65535
2,4,251,252,1,0,0,314,65535
2,4,253,254,1,0,0,315,65535
2,4,255,249,1,0,0,316,65535
2,4,256,257,1,0,0,317,65535
2,4,258,259,1,0,0,318,65535
2,4,260,261,1,0,0,319,65535
2,4,261,253,1,0,0,320,65535
2,4,262,263,1,23,28,321,65535
2,4,264,265,1,0,0,322,65535
2,4,252,266,1,0,0,323,65535
2,4,266,256,1,0,0,324,65535
2,4,267,268,1,0,0,325,65535
2,4,268,269,1,0,0,326,65535
2,4,269,270,17,46,4,327,65535
2,4,270,267,1,0,0,328,65535
2,4,271,272,17,24,9,329,65535
2,4,272,273,1,0,0,330,65535
2,4,273,274,1,0,0,331,65535
2,4,274,271,1,0,0,332,65535
2,4,275,276,4,0,0,333,334
2,4,260,250,68,58,28,335,336
2,4,277,278,4,0,0,337,338
2,4,278,279,4,0,0,339,340
2,4,280,275,4,0,0,341,342
2,4,265,281,1,0,0,343,65535
2,4,282,258,1,0,0,344,65535
2,4,281,282,1,0,0,345,65535
2,4,276,283,4,0,0,346,347
2,4,283,277,132,73,9,348,349
2,4,284,280,132,0,0,350,351
2,4,279,284,4,0,0,352,353
2,4,284,269,4,46,4,354,355
2,4,270,277,4,46,4,356,357
2,4,283,271,4,46,4,358,359
2,4,272,280,4,46,4,360,361
2,4,247,285,1,0,0,362,65535
2,4,285,286,1,0,0,363,65535
2,4,287,288,1,0,0,364,65535
2,4,288,242,1,0,0,365,65535
2,4,286,289,1,0,0,366,65535
2,4,289,290,1,0,0,367,65535
2,4,290,291,1,0,0,368,65535
2,4,291,292,1,0,0,369,65535
2,4,293,294,1,0,0,370,65535
2,4,294,295,1,0,0,371,65535
2,4,295,296,1,0,0,372,65535
2,4,296,297,1,0,0,373,65535
2,4,298,299,1,0,0,374,65535
2,4,299,300,1,0,0,375,65535
2,4,301,302,1,0,0,376,65535
2,4,303,304,1,0,0,377,65535
2,4,304,305,1,0,0,378,65535
2,4,305,306,1,0,0,379,65535
2,4,307,308,1,0,0,380,65535
2,4,308,309,1,0,0,381,65535
2,4,310,311,1,0,0,382,65535
2,4,311,312,1,0,0,383,65535
2,4,312,313,1,0,0,384,65535
2,4,314,307,1,0,0,385,65535
2,4,315,316,1,0,0,386,65535
2,4,317,318,1,0,0,387,65535
2,4,318,319,1,0,0,388,65535
2,4,320,321,1,0,0,389,65535
2,4,322,323,1,0,0,390,65535
2,4,319,324,1,0,0,391,65535
2,4,324,325,1,0,0,392,65535
2,4,325,326,1,0,0,393,65535
2,4,326,320,1,0,0,394,65535
2,4,287,286,4,0,0,395,396
2,4,308,318,28,0,0,397,398
2,4,320,311,28,0,0,399,400
2,4,297,298,68,0,0,401,402
2,4,292,327,1,0,0,403,65535
2,4,328,293,1,0,0,404,65535
2,4,327,329,17,0,0,405,65535
2,4,329,330,1,0,0,406,65535
2,4,331,332,1,0,0,407,65535
2,4,332,328,17,0,0,408,65535
2,4,313,333,1,0,0,409,65535
2,4,334,335,1,0,0,410,65535
2,4,336,314,1,0,0,411,65535
2,4,327,328,108,0,0,412,413
2,4,332,329,36,0,0,414,415
2,4,333,336,12,0,0,416,417
2,4,330,337,1,0,0,418,65535
2,4,337,338,1,0,0,419,65535
2,4,338,339,1,0,0,420,65535
2,4,340,331,1,0,0,421,65535
2,4,339,341,1,0,0,422,65535
2,4,341,342,1,0,0,423,65535
2,4,342,343,1,0,0,424,65535
2,4,344,345,1,0,0,425,65535
2,4,345,346,1,0,0,426,65535
2,4,346,340,1,0,0,427,65535
2,4,330,331,4,0,0,428,429
2,4,338,331,4,0,0,430,431
2,4,339,340,68,0,0,432,433
2,4,347,348,1,0,0,434,65535
2,4,349,350,1,0,0,435,65535
2,4,351,352,1,0,0,436,65535
2,4,352,353,1,0,0,437,65535
2,4,353,354,1,0,0,438,65535
2,4,354,355,1,0,0,439,65535
2,4,355,356,1,0,0,440,65535
2,4,356,357,1,0,0,441,65535
2,4,357,358,4,0,0,442,443
2,4,352,355,12,97,13,444,445
2,4,285,288,4,74,9,446,447
2,4,297,358,1,0,0,448,65535
2,4,357,298,1,0,0,449,65535
2,4,310,309,4,0,0,450,451
2,4,317,321,4,0,0,452,453
2,4,309,359,1,0,0,454,65535
2,4,359,360,1,0,0,455,65535
2,4,360,315,1,0,0,456,65535
2,4,316,361,1,0,0,457,65535
2,4,361,362,1,0,0,458,65535
2,4,362,310,1,0,0,459,65535
2,4,321,363,1,0,0,460,65535
2,4,363,364,1,0,0,461,65535
2,4,364,322,1,0,0,462,65535
2,4,323,365,1,0,0,463,65535
2,4,365,366,1,0,0,464,65535
2,4,366,317,1,0,0,465,65535
2,4,343,344,1,0,0,466,65535
2,4,339,343,132,0,0,467,468
2,4,344,340,132,0,0,469,470
2,4,225,229,4,0,0,471,472
2,4,302,303,1,0,0,473,65535
2,4,254,367,1,0,0,474,65535
2,4,368,369,1,0,0,475,65535
2,4,369,370,1,0,0,476,65535
2,4,370,371,1,0,0,477,65535
2,4,371,372,1,0,0,478,65535
2,4,372,373,1,0,0,479,65535
2,4,373,374,1,0,0,480,65535
2,4,374,255,17,0,0,481,65535
2,4,367,375,17,0,0,482,65535
2,4,375,368,1,0,0,483,65535
2,4,367,255,4,46,4,484,485
2,4,374,375,4,31,0,486,487
2,4,333,334,1,0,0,488,65535
2,4,335,336,1,0,0,489,65535
2,4,325,302,132,2,1,490,491
2,4,376,377,1,0,0,492,65535
2,4,377,378,1,0,0,493,65535
2,4,378,379,1,0,0,494,65535
2,4,379,380,1,0,0,495,65535
2,4,380,381,17,0,0,496,65535
2,4,381,382,1,0,0,497,65535
2,4,382,383,1,0,0,498,65535
2,4,383,376,1,0,0,499,65535
2,4,358,384,1,0,0,500,65535
2,4,384,385,1,0,0,501,65535
2,4,385,386,1,0,0,502,65535
2,4,386,347,1,0,0,503,65535
2,4,350,387,1,0,0,504,65535
2,4,387,388,1,0,0,505,65535
2,4,388,389,1,0,0,506,65535
2,4,389,390,1,0,0,507,65535
2,4,358,376,4,0,0,508,509
2,4,384,383,4,0,0,510,511
2,4,385,382,4,0,0,512,513
2,4,386,381,4,0,0,514,515
2,4,380,387,4,0,0,516,517
2,4,379,388,4,0,0,518,519
2,4,378,389,4,0,0,520,521
2,4,377,390,4,0,0,522,523
2,4,140,391,19,0,0,524,65535
2,4,391,392,19,0,0,525,65535
2,4,392,139,19,0,0,526,65535
2,4,140,139,14,97,14,527,528
2,4,5,393,1,0,0,529,65535
2,4,394,6,1,0,0,530,65535
2,4,393,395,17,0,0,531,65535
2,4,395,396,17,0,0,532,65535
2,4,396,397,17,0,0,533,65535
2,4,397,398,17,0,0,534,65535
2,4,398,399,17,0,0,535,65535
2,4,399,400,17,0,0,536,65535
2,4,400,401,17,0,0,537,65535
2,4,402,394,17,0,0,538,65535
2,4,403,402,17,0,0,539,65535
2,4,404,403,17,0,0,540,65535
2,4,405,404,17,0,0,541,65535
2,4,406,405,17,0,0,542,65535
2,4,407,406,17,0,0,543,65535
2,4,408,407,17,0,0,544,65535
2,4,409,410,1,0,0,545,65535
2,4,410,411,1,0,0,546,65535
2,4,412,413,1,0,0,547,65535
2,4,414,415,1,0,0,548,65535
2,4,416,417,1,0,0,549,65535
2,4,418,419,1,0,0,550,65535
2,4,420,421,1,0,0,551,65535
2,4,422,423,17,0,0,552,65535
2,4,423,424,17,0,0,553,65535
2,4,424,408,17,0,0,554,65535
2,4,425,426,17,0,0,555,65535
2,4,426,427,17,0,0,556,65535
2,4,427,428,17,0,0,557,65535
2,4,393,394,12,0,0,558,559
2,4,408,401,4,0,0,560,561
2,4,407,400,4,0,0,562,563
2,4,406,399,4,0,0,564,565
2,4,405,398,4,0,0,566,567
2,4,404,397,4,0,0,568,569
2,4,403,396,4,0,0,570,571
2,4,402,395,4,0,0,572,573
2,4,428,418,12,0,0,574,575
2,4,428,429,17,0,0,576,65535
2,4,429,430,17,0,0,577,65535
2,4,430,431,17,0,0,578,65535
2,4,419,432,17,0,0,579,65535
2,4,432,433,17,0,0,580,65535
2,4,433,434,17,0,0,581,65535
2,4,417,435,17,0,0,582,65535
2,4,435,436,17,0,0,583,65535
2,4,436,437,1,0,0,584,65535
2,4,415,438,17,0,0,585,65535
2,4,438,439,17,0,0,586,65535
2,4,439,440,17,0,0,587,65535
2,4,421,441,17,0,0,588,65535
2,4,441,442,17,0,0,589,65535
2,4,442,443,1,0,0,590,65535
2,4,444,445,1,0,0,591,65535
2,4,445,446,17,0,0,592,65535
2,4,446,422,17,0,0,593,65535
2,4,447,448,17,0,0,594,65535
2,4,448,449,17,0,0,595,65535
2,4,449,420,17,0,0,596,65535
2,4,450,451,1,0,0,597,65535
2,4,451,452,17,0,0,598,65535
2,4,452,414,17,0,0,599,65535
2,4,453,454,17,0,0,600,65535
2,4,454,455,17,0,0,601,65535
2,4,455,416,17,0,0,602,65535
2,4,456,457,17,0,0,603,65535
2,4,457,458,17,0,0,604,65535
2,4,458,418,17,0,0,605,65535
2,4,429,458,4,0,0,606,607
2,4,432,455,4,0,0,608,609
2,4,435,452,4,1,0,610,611
2,4,438,449,4,0,0,612,613
2,4,441,446,4,1,0,614,615
2,4,445,442,4,1,0,616,617
2,4,448,439,4,0,0,618,619
2,4,451,436,4,1,0,620,621
2,4,454,433,4,0,0,622,623
2,4,457,430,4,1,0,624,625
2,4,456,431,12,0,0,626,627
2,4,453,434,12,0,0,628,629
2,4,450,437,12,0,0,630,631
2,4,447,440,12,0,0,632,633
2,4,444,443,12,0,0,634,635
2,4,459,444,1,0,0,636,65535
2,4,440,460,1,0,0,637,65535
2,4,460,461,1,0,0,638,65535
2,4,461,447,1,0,0,639,65535
2,4,462,463,1,0,0,640,65535
2,4,434,464,1,0,0,641,65535
2,4,464,465,1,0,0,642,65535
2,4,465,453,1,0,0,643,65535
2,4,431,466,17,0,0,644,65535
2,4,467,456,17,0,0,645,65535
2,4,401,468,17,0,0,646,65535
2,4,468,409,17,0,0,647,65535
2,4,413,469,1,0,0,648,65535
2,4,469,425,17,0,0,649,65535
2,4,401,425,4,0,0,650,651
2,4,466,470,17,0,0,652,65535
2,4,470,471,17,0,0,653,65535
2,4,471,472,17,0,0,654,65535
2,4,472,473,17,0,0,655,65535
2,4,473,474,17,0,0,656,65535
2,4,474,475,17,0,0,657,65535
2,4,476,477,17,0,0,658,65535
2,4,477,478,17,0,0,659,65535
2,4,478,479,17,0,0,660,65535
2,4,479,480,17,0,0,661,65535
2,4,480,481,17,0,0,662,65535
2,4,481,467,17,0,0,663,65535
2,4,411,482,17,0,0,664,65535
2,4,483,412,17,0,0,665,65535
2,4,411,412,20,0,0,666,667
2,4,478,472,4,0,0,668,669
2,4,477,473,4,0,0,670,671
2,4,476,474,4,0,0,672,673
2,4,469,484,20,0,0,674,675
2,4,484,468,4,0,0,676,677
2,4,485,409,20,0,0,678,679
2,4,484,485,20,0,0,680,681
2,4,486,487,1,0,0,682,65535
2,4,487,488,1,0,0,683,65535
2,4,488,489,1,0,0,684,65535
2,4,348,490,20,62,18,685,686
2,4,490,491,4,0,0,687,688
2,4,491,349,4,0,0,689,690
2,4,490,487,4,88,18,691,692
2,4,488,491,4,88,18,693,694
2,4,348,492,1,0,0,695,65535
2,4,492,493,1,0,0,696,65535
2,4,494,495,1,0,0,697,65535
2,4,496,349,1,0,0,698,65535
2,4,497,496,1,0,0,699,65535
2,4,498,499,1,0,0,700,65535
2,4,500,498,1,0,0,701,65535
2,4,493,501,1,0,0,702,65535
2,4,501,502,17,0,0,703,65535
2,4,502,503,1,0,0,704,65535
2,4,503,494,1,0,0,705,65535
2,4,504,505,1,0,0,706,65535
2,4,505,486,17,0,0,707,65535
2,4,499,506,1,0,0,708,65535
2,4,506,507,17,0,0,709,65535
2,4,507,497,1,0,0,710,65535
2,4,489,508,17,0,0,711,65535
2,4,508,509,1,0,0,712,65535
2,4,509,510,1,0,0,713,65535
2,4,511,504,1,0,0,714,65535
2,4,510,511,1,0,0,715,65535
2,4,495,512,1,0,0,716,65535
2,4,513,500,1,0,0,717,65535
2,4,512,514,1,0,0,718,65535
2,4,515,513,1,0,0,719,65535
2,4,514,516,1,0,0,720,65535
2,4,516,517,1,0,0,721,65535
2,4,517,518,1,0,0,722,65535
2,4,518,519,1,0,0,723,65535
2,4,520,521,1,0,0,724,65535
2,4,522,523,1,0,0,725,65535
2,4,523,524,1,0,0,726,65535
2,4,524,515,1,0,0,727,65535
2,4,501,486,12,0,0,728,729
2,4,502,505,4,0,0,730,731
2,4,503,504,4,0,0,732,733
2,4,495,511,4,0,0,734,735
2,4,510,500,4,0,0,736,737
2,4,509,499,4,0,0,738,739
2,4,508,506,12,0,0,740,741
2,4,489,507,4,0,0,742,743
2,4,512,525,4,0,0,744,745
2,4,525,526,4,0,0,746,747
2,4,526,513,4,0,0,748,749
2,4,515,514,12,0,0,750,751
2,4,527,528,4,0,0,752,753
2,4,528,529,4,0,0,754,755
2,4,529,530,4,0,0,756,757
2,4,530,527,4,0,0,758,759
2,4,531,532,4,0,0,760,761
2,4,532,533,4,0,0,762,763
2,4,533,534,4,0,0,764,765
2,4,534,531,4,0,0,766,767
2,4,535,536,4,0,0,768,769
2,4,536,537,4,0,0,770,771
2,4,537,538,4,0,0,772,773
2,4,538,535,4,0,0,774,775
2,4,539,540,4,0,0,776,777
2,4,540,541,4,0,0,778,779
2,4,541,542,4,0,0,780,781
2,4,542,539,4,0,0,782,783
2,4,543,544,4,0,0,784,785
2,4,544,545,4,0,0,786,787
2,4,545,546,4,0,0,788,789
2,4,546,543,4,0,0,790,791
2,4,547,548,4,0,0,792,793
2,4,548,549,4,0,0,794,795
2,4,549,550,4,0,0,796,797
2,4,550,547,4,0,0,798,799
2,4,551,552,4,0,0,800,801
2,4,552,553,4,0,0,802,803
2,4,553,554,4,0,0,804,805
2,4,554,551,4,0,0,806,807
2,4,555,556,4,0,0,808,809
2,4,556,557,4,0,0,810,811
2,4,557,558,4,0,0,812,813
2,4,558,555,4,0,0,814,815
2,4,519,559,9,0,0,816,65535
2,4,559,560,1,0,0,817,65535
2,4,560,561,1,0,0,818,65535
2,4,561,562,1,0,0,819,65535
2,4,562,563,1,0,0,820,65535
2,4,563,564,1,0,0,821,65535
2,4,564,520,9,0,0,822,65535
2,4,519,520,36,0,0,823,824
2,4,564,559,36,0,0,825,826
2,4,521,565,1,0,0,827,65535
2,4,565,522,1,0,0,828,65535
2,4,521,566,132,19,5,829,830
2,4,566,522,132,19,5,831,832
2,4,463,567,1,0,0,833,65535
2,4,567,450,1,0,0,834,65535
2,4,437,568,1,0,0,835,65535
2,4,568,462,1,0,0,836,65535
2,4,569,459,1,0,0,837,65535
2,4,570,571,17,0,0,838,65535
2,4,571,572,17,0,0,839,65535
2,4,572,573,17,0,0,840,65535
2,4,573,574,17,0,0,841,65535
2,4,574,575,17,0,0,842,65535
2,4,576,577,17,0,0,843,65535
2,4,570,577,140,2,6,844,845
2,4,568,567,140,2,7,846,847
2,4,575,578,1,0,0,848,65535
2,4,578,579,1,0,0,849,65535
2,4,579,580,1,0,0,850,65535
2,4,580,576,17,0,0,851,65535
2,4,575,580,20,0,0,852,853
2,4,576,572,20,0,0,854,855
2,4,482,581,17,0,0,856,65535
2,4,581,582,17,0,0,857,65535
2,4,475,583,17,0,0,858,65535
2,4,583,483,17,0,0,859,65535
2,4,475,582,52,0,0,860,861
2,4,581,583,36,31,0,862,863
2,4,582,584,17,0,0,864,65535
2,4,585,476,17,0,0,865,65535
2,4,586,585,17,0,0,866,65535
2,4,587,588,17,0,0,867,65535
2,4,589,586,17,0,0,868,65535
2,4,588,590,1,0,0,869,65535
2,4,590,591,1,0,0,870,65535
2,4,592,593,1,0,0,871,65535
2,4,594,595,1,0,0,872,65535
2,4,595,596,1,0,0,873,65535
2,4,596,589,1,0,0,874,65535
2,4,597,588,4,0,0,875,876
2,4,589,598,4,0,0,877,878
2,4,598,597,4,0,0,879,880
2,4,593,599,1,0,0,881,65535
2,4,599,600,1,0,0,882,65535
2,4,600,594,1,0,0,883,65535
2,4,593,594,4,0,0,884,885
2,4,589,588,4,56,27,886,887
2,4,601,153,1,0,0,888,65535
2,4,156,602,1,0,0,889,65535
2,4,603,604,17,0,0,890,65535
2,4,604,605,1,0,0,891,65535
2,4,605,606,1,0,0,892,65535
2,4,606,603,17,0,0,893,65535
2,4,607,608,17,0,0,894,65535
2,4,608,609,17,0,0,895,65535
2,4,609,610,1,0,0,896,65535
2,4,610,607,1,0,0,897,65535
2,4,611,612,1,0,0,898,65535
2,4,612,613,17,0,0,899,65535
2,4,613,614,17,0,0,900,65535
2,4,614,611,1,0,0,901,65535
2,4,615,616,1,0,0,902,65535
2,4,616,617,1,0,0,903,65535
2,4,617,618,17,0,0,904,65535
2,4,618,615,17,0,0,905,65535
2,4,619,601,1,0,0,906,65535
2,4,620,619,1,0,0,907,65535
2,4,602,621,1,0,0,908,65535
2,4,621,622,1,0,0,909,65535
2,4,622,623,1,0,0,910,65535
2,4,623,624,1,0,0,911,65535
2,4,624,625,1,0,0,912,65535
2,4,625,620,1,0,0,913,65535
2,4,612,615,4,0,0,914,915
2,4,617,604,4,0,0,916,917
2,4,606,609,4,0,0,918,919
2,4,607,614,4,0,0,920,921
2,4,234,626,1,0,0,922,65535
2,4,627,235,1,0,0,923,65535
2,4,628,629,1,0,0,924,65535
2,4,629,630,1,0,0,925,65535
2,4,630,631,1,0,0,926,65535
2,4,631,632,1,0,0,927,65535
2,4,632,633,1,0,0,928,65535
2,4,634,635,12,0,0,929,930
2,4,635,636,1,0,0,931,65535
2,4,636,637,12,0,0,932,933
2,4,637,638,1,0,0,934,65535
2,4,638,639,1,0,0,935,65535
2,4,639,640,1,0,0,936,65535
2,4,640,641,1,0,0,937,65535
2,4,641,642,1,0,0,938,65535
2,4,626,643,1,0,0,939,65535
2,4,643,644,17,0,0,940,65535
2,4,644,628,1,0,0,941,65535
2,4,642,645,1,0,0,942,65535
2,4,645,646,17,0,0,943,65535
2,4,646,627,1,0,0,944,65535
2,4,626,627,12,0,0,945,946
2,4,643,646,4,1,0,947,948
2,4,645,644,4,1,0,949,950
2,4,642,628,4,0,0,951,952
2,4,633,647,1,0,0,953,65535
2,4,647,648,1,0,0,954,65535
2,4,306,649,1,0,0,955,65535
2,4,649,650,1,0,0,956,65535
2,4,649,648,4,74,23,957,958
2,4,633,651,132,74,23,959,960
2,4,652,653,132,73,23,961,962
2,4,652,651,1,0,0,963,65535
2,4,653,654,1,0,0,964,65535
2,4,654,655,1,0,0,965,65535
2,4,655,656,1,0,0,966,65535
2,4,657,652,1,0,0,967,65535
2,4,658,657,1,0,0,968,65535
2,4,659,658,1,0,0,969,65535
2,4,656,660,1,0,0,970,65535
2,4,661,659,1,0,0,971,65535
2,4,662,661,1,0,0,972,65535
2,4,660,663,1,0,0,973,65535
2,4,663,664,1,0,0,974,65535
2,4,664,665,17,0,0,975,65535
2,4,665,666,1,0,0,976,65535
2,4,666,667,17,0,0,977,65535
2,4,667,668,1,0,0,978,65535
2,4,668,669,1,0,0,979,65535
2,4,670,671,1,0,0,980,65535
2,4,671,672,17,0,0,981,65535
2,4,672,673,1,0,0,982,65535
2,4,673,674,17,0,0,983,65535
2,4,674,662,1,0,0,984,65535
2,4,664,674,4,0,0,985,986
2,4,673,665,4,0,0,987,988
2,4,666,672,4,0,0,989,990
2,4,671,667,68,0,0,991,992
2,4,207,232,1,0,0,993,65535
2,4,675,653,1,0,0,994,65535
2,4,676,675,1,0,0,995,65535
2,4,677,676,28,0,0,996,997
2,4,678,677,1,0,0,998,65535
2,4,650,678,92,0,0,999,1000
2,4,669,679,1,0,0,1001,65535
2,4,679,680,1,0,0,1002,65535
2,4,680,676,1,0,0,1003,65535
2,4,677,681,1,0,0,1004,65535
2,4,681,682,1,0,0,1005,65535
2,4,682,683,1,0,0,1006,65535
2,4,684,685,1,0,0,1007,65535
2,4,686,684,1,0,0,1008,65535
2,4,683,687,1,0,0,1009,65535
2,4,687,688,1,0,0,1010,65535
2,4,688,689,1,0,0,1011,65535
2,4,689,690,1,0,0,1012,65535
2,4,690,691,1,0,0,1013,65535
2,4,691,692,1,0,0,1014,65535
2,4,692,678,1,0,0,1015,65535
2,4,650,693,1,0,0,1016,65535
2,4,693,694,1,0,0,1017,65535
2,4,694,695,1,0,0,1018,65535
2,4,695,696,1,0,0,1019,65535
2,4,696,697,1,0,0,1020,65535
2,4,697,698,1,0,0,1021,65535
2,4,698,699,1,0,0,1022,65535
2,4,699,700,1,0,0,1023,65535
2,4,700,701,1,0,0,1024,65535
2,4,701,702,1,0,0,1025,65535
2,4,703,704,1,0,0,1026,65535
2,4,705,706,1,0,0,1027,65535
2,4,706,707,1,0,0,1028,65535
2,4,707,686,1,0,0,1029,65535
2,4,708,690,28,0,0,1030,1031
2,4,709,710,20,0,0,1032,1033
2,4,711,708,4,0,0,1034,1035
2,4,712,711,4,0,0,1036,1037
2,4,713,712,4,0,0,1038,1039
2,4,714,713,4,0,0,1040,1041
2,4,715,714,4,0,0,1042,1043
2,4,716,715,4,0,0,1044,1045
2,4,717,716,4,0,0,1046,1047
2,4,697,717,4,0,0,1048,1049
2,4,718,702,20,0,0,1050,1051
2,4,702,703,68,0,0,1052,1053
2,4,702,719,1,0,0,1054,65535
2,4,719,720,1,0,0,1055,65535
2,4,720,721,1,0,0,1056,65535
2,4,721,722,1,0,0,1057,65535
2,4,722,301,1,0,0,1058,65535
2,4,300,723,1,0,0,1059,65535
2,4,723,724,1,0,0,1060,65535
2,4,724,725,1,0,0,1061,65535
2,4,725,726,1,0,0,1062,65535
2,4,726,703,1,0,0,1063,65535
2,4,300,301,68,74,23,1064,1065
2,4,630,636,4,0,0,1066,1067
2,4,648,287,1,0,0,1068,65535
2,4,685,670,1,0,0,1069,65535
2,4,727,728,17,0,0,1070,65535
2,4,729,730,17,0,0,1071,65535
2,4,731,729,1,0,0,1072,65535
2,4,176,732,1,0,0,1073,65535
2,4,733,734,1,0,0,1074,65535
2,4,734,727,1,0,0,1075,65535
2,4,730,733,1,0,0,1076,65535
2,4,735,172,17,0,0,1077,65535
2,4,732,731,17,0,0,1078,65535
2,4,728,735,1,0,0,1079,65535
2,4,732,172,4,0,0,1080,1081
2,4,735,731,12,0,0,1082,1083
2,4,182,184,68,0,0,1084,1085
2,4,651,634,1,0,0,1086,65535
2,4,730,727,4,0,0,1087,1088
2,4,228,226,4,74,9,1089,1090
2,4,736,737,1,0,0,1091,65535
2,4,737,738,1,0,0,1092,65535
2,4,739,740,1,0,0,1093,65535
2,4,740,741,1,0,0,1094,65535
2,4,741,742,1,0,0,1095,65535
2,4,742,743,1,0,0,1096,65535
2,4,743,744,1,0,0,1097,65535
2,4,744,745,1,0,0,1098,65535
2,4,745,746,1,0,0,1099,65535
2,4,747,748,1,0,0,1100,65535
2,4,748,749,1,0,0,1101,65535
2,4,749,736,1,0,0,1102,65535
2,4,750,751,4,0,0,1103,1104
2,4,751,752,4,0,0,1105,1106
2,4,752,753,4,0,0,1107,1108
2,4,753,754,4,0,0,1109,1110
2,4,754,755,4,0,0,1111,1112
2,4,755,756,4,0,0,1113,1114
2,4,756,757,4,0,0,1115,1116
2,4,757,750,4,0,0,1117,1118
2,4,758,759,4,97,12,1119,1120
2,4,759,760,4,97,12,1121,1122
2,4,760,761,4,97,12,1123,1124
2,4,761,758,4,97,12,1125,1126
2,4,748,737,12,0,0,1127,1128
2,4,762,763,1,0,0,1129,65535
2,4,764,765,6,0,0,1130,1131
2,4,765,766,6,0,0,1132,1133
2,4,766,767,6,0,0,1134,1135
2,4,767,764,6,0,0,1136,1137
2,4,768,769,3,0,0,1138,65535
2,4,770,762,3,0,0,1139,65535
2,4,769,771,19,0,0,1140,65535
2,4,772,773,3,0,0,1141,65535
2,4,774,770,19,0,0,1142,65535
2,4,774,771,6,1,0,1143,1144
2,4,769,770,6,1,0,1145,1146
2,4,775,776,3,0,0,1147,65535
2,4,776,777,11,0,0,1148,65535
2,4,777,778,3,0,0,1149,65535
2,4,779,780,3,0,0,1150,65535
2,4,781,772,3,0,0,1151,65535
2,4,782,779,19,11,0,1152,65535
2,4,768,762,20,22,19,1153,1154
2,4,783,784,1,0,0,1155,65535
2,4,785,786,1,0,0,1156,65535
2,4,786,787,1,0,0,1157,65535
2,4,787,788,1,0,0,1158,65535
2,4,788,783,1,0,0,1159,65535
2,4,786,783,6,97,15,1160,1161
2,4,778,782,3,0,0,1162,65535
2,4,780,781,3,0,0,1163,65535
2,4,771,775,3,0,0,1164,65535
2,4,773,774,3,0,0,1165,65535
2,4,789,790,1,0,0,1166,65535
2,4,791,789,1,0,0,1167,65535
2,4,784,792,1,0,0,1168,65535
2,4,793,785,1,0,0,1169,65535
2,4,794,793,1,0,0,1170,65535
2,4,795,794,1,0,0,1171,65535
2,4,796,795,1,0,0,1172,65535
2,4,763,797,1,0,0,1173,65535
2,4,796,798,28,0,0,1174,1175
2,4,798,799,28,0,0,1176,1177
2,4,799,789,28,0,0,1178,1179
2,4,800,762,132,0,0,1180,1181
2,4,798,801,132,0,0,1182,1183
2,4,801,800,132,0,0,1184,1185
2,4,768,802,132,0,16,1186,1187
2,4,802,803,132,0,16,1188,1189
2,4,803,799,132,0,16,1190,1191
2,4,804,805,1,0,0,1192,65535
2,4,805,806,1,0,0,1193,65535
2,4,806,807,1,0,0,1194,65535
2,4,807,808,1,0,0,1195,65535
2,4,790,809,1,0,0,1196,65535
2,4,809,810,1,0,0,1197,65535
2,4,811,812,1,20,16,1198,65535
2,4,812,768,1,0,0,1199,65535
2,4,810,813,1,0,0,1200,65535
2,4,813,811,1,0,0,1201,65535
2,4,804,807,20,97,15,1202,1203
2,4,790,813,4,97,15,1204,1205
2,4,790,812,20,0,0,1206,1207
2,4,792,814,1,0,0,1208,65535
2,4,814,815,1,0,0,1209,65535
2,4,815,816,1,48,0,1210,65535
2,4,816,817,1,0,0,1211,65535
2,4,817,791,1,0,0,1212,65535
2,4,814,817,30,0,0,1213,1214
2,4,808,818,1,0,0,1215,65535
2,4,818,819,1,0,0,1216,65535
2,4,819,820,1,0,0,1217,65535
2,4,820,821,1,0,0,1218,65535
2,4,821,796,1,0,0,1219,65535
2,4,818,821,20,0,0,1220,1221
2,4,46,822,1,0,0,1222,65535
2,4,822,823,1,0,0,1223,65535
2,4,823,824,1,0,0,1224,65535
2,4,824,825,1,0,0,1225,65535
2,4,825,826,1,0,0,1226,65535
2,4,827,828,1,0,0,1227,65535
2,4,828,829,1,0,0,1228,65535
2,4,829,830,1,0,0,1229,65535
2,4,830,55,1,0,0,1230,65535
2,4,822,825,28,0,0,1231,1232
2,4,828,55,28,0,0,1233,1234
2,4,57,831,1,0,0,1235,65535
2,4,831,832,1,0,0,1236,65535
2,4,832,833,17,0,0,1237,65535
2,4,833,834,17,0,0,1238,65535
2,4,834,835,17,0,0,1239,65535
2,4,836,837,17,0,0,1240,65535
2,4,837,838,17,0,0,1241,65535
2,4,838,839,1,0,0,1242,65535
2,4,839,141,1,0,0,1243,65535
2,4,142,840,1,0,0,1244,65535
2,4,840,841,1,0,0,1245,65535
2,4,841,842,1,0,0,1246,65535
2,4,842,843,1,0,0,1247,65535
2,4,843,844,1,0,0,1248,65535
2,4,844,845,1,0,0,1249,65535
2,4,845,846,1,0,0,1250,65535
2,4,846,847,1,0,0,1251,65535
2,4,847,44,1,0,0,1252,65535
2,4,838,832,12,0,0,1253,1254
2,4,846,841,12,0,0,1255,1256
2,4,840,847,28,58,8,1257,1258
2,4,831,839,28,58,17,1259,1260
2,4,39,827,76,0,0,1261,1262
2,4,51,43,12,0,0,1263,1264
2,4,40,50,12,0,0,1265,1266
2,4,826,36,76,0,0,1267,1268
2,4,801,848,132,0,0,1269,1270
2,4,848,821,132,0,0,1271,1272
2,4,849,800,132,0,0,1273,1274
2,4,850,849,132,0,0,1275,1276
2,4,818,850,132,0,0,1277,1278
2,4,851,747,1,0,0,1279,65535
2,4,746,852,1,0,0,1280,65535
2,4,852,853,17,0,0,1281,65535
2,4,854,855,1,0,0,1282,65535
2,4,855,856,1,0,0,1283,65535
2,4,856,857,1,0,0,1284,65535
2,4,857,858,1,0,0,1285,65535
2,4,859,860,1,0,0,1286,65535
2,4,860,861,1,0,0,1287,65535
2,4,861,851,17,0,0,1288,65535
2,4,852,851,36,31,0,1289,1290
2,4,861,853,36,0,0,1291,1292
2,4,858,862,1,0,0,1293,65535
2,4,862,859,1,0,0,1294,65535
2,4,853,862,4,0,0,1295,1296
2,4,853,863,1,0,0,1297,65535
2,4,863,854,1,0,0,1298,65535
2,4,738,864,1,0,0,1299,65535
2,4,864,865,1,0,0,1300,65535
2,4,865,739,1,0,0,1301,65535
2,4,852,865,4,0,0,1302,1303
2,4,864,851,4,0,0,1304,1305
2,4,390,866,1,0,0,1306,65535
2,4,866,351,1,0,0,1307,65535
2,4,866,867,68,0,0,1308,1309
2,4,867,868,68,0,0,1310,1311
2,4,868,357,68,0,0,1312,1313
2,4,132,136,28,0,0,1314,1315
2,4,137,133,4,0,0,1316,1317
2,4,20,12,29,0,0,1318,1319
2,4,11,31,29,0,0,1320,1321
2,4,869,718,4,0,0,1322,1323
2,4,870,869,4,0,0,1324,1325
2,4,871,870,4,0,0,1326,1327
2,4,872,871,4,0,0,1328,1329
2,4,873,872,4,0,0,1330,1331
2,4,874,873,4,0,0,1332,1333
2,4,710,874,4,0,0,1334,1335
2,4,690,695,68,0,0,1336,1337
2,4,653,633,92,0,0,1338,1339
2,4,141,142,4,0,0,1340,1341
2,4,835,836,81,62,24,1342,65535
2,4,875,876,1,0,0,1343,65535
2,4,876,877,1,0,0,1344,65535
2,4,877,127,1,0,0,1345,65535
2,4,875,127,36,97,26,1346,1347
2,4,878,879,17,0,0,1348,65535
2,4,879,880,17,0,0,1349,65535
2,4,880,881,17,0,0,1350,65535
2,4,882,883,17,0,0,1351,65535
2,4,883,884,17,0,0,1352,65535
2,4,884,592,17,0,0,1353,65535
2,4,591,878,17,0,0,1354,65535
2,4,584,587,52,0,0,1355,1356
2,4,584,885,17,0,0,1357,65535
2,4,885,882,17,0,0,1358,65535
2,4,881,885,36,31,0,1359,1360
2,4,591,592,36,31,0,1361,1362
2,4,884,878,36,0,0,1363,1364
2,4,881,587,17,0,0,1365,65535
2,4,421,422,12,0,0,1366,1367
2,4,483,482,20,0,0,1368,1369
2,4,144,143,36,0,0,1370,1371
2,4,705,709,20,0,0,1372,1373
2,4,704,705,1,0,0,1374,65535
2,4,886,709,4,0,0,1375,1376
2,4,704,886,4,0,0,1377,1378
2,4,8,7,132,0,0,1379,1380
2,4,81,887,1,0,0,1381,65535
2,4,887,77,17,0,0,1382,65535
2,4,887,79,4,0,0,1383,1384
2,4,78,79,17,0,0,1385,65535
2,4,102,888,1,0,0,1386,65535
2,4,888,88,1,0,0,1387,65535
2,4,89,889,1,0,0,1388,65535
2,4,889,86,1,0,0,1389,65535
2,4,888,889,4,0,0,1390,1391
2,4,257,890,1,0,0,1392,65535
2,4,890,262,1,0,0,1393,65535
2,4,263,891,1,0,0,1394,65535
2,4,891,264,1,0,0,1395,65535
2,4,890,891,4,0,0,1396,1397
2,4,631,635,68,88,20,1398,1399
2,4,143,875,1,0,0,1400,65535
2,4,41,36,1,0,0,1401,65535
2,4,826,47,1,0,0,1402,65535
2,4,54,827,1,0,0,1403,65535
2,4,39,42,1,0,0,1404,65535
2,4,892,893,6,0,0,1405,1406
2,4,893,894,6,0,0,1407,1408
2,4,894,895,6,0,0,1409,1410
2,4,895,892,6,0,0,1411,1412
2,4,209,204,12,0,0,1413,1414
2,4,636,896,1,0,0,1415,65535
2,4,896,897,1,62,20,1416,65535
2,4,897,637,1,0,0,1417,65535
2,4,634,898,1,0,0,1418,65535
2,4,898,899,1,102,10,1419,65535
2,4,899,635,1,0,0,1420,65535
2,4,250,900,1,0,0,1421,65535
2,4,900,251,1,0,0,1422,65535
2,4,259,901,1,0,0,1423,65535
2,4,901,260,1,0,0,1424,65535
2,4,797,902,1,0,0,1425,65535
2,4,902,804,1,0,0,1426,65535
2,4,577,903,1,0,0,1427,65535
2,4,903,569,1,0,0,1428,65535
2,4,443,904,1,0,0,1429,65535
2,4,904,570,1,0,0,1430,65535
2,4,905,906,132,77,11,1431,1432
2,4,906,907,132,77,11,1433,1434
2,4,907,908,132,77,11,1435,1436
2,4,908,905,132,77,11,1437,1438
