episode,mission,vertex_1,vertex_2,flags,action_special,sector_tag,front_side,back_side
2,5,0,1,1,0,0,0,65535
2,5,2,3,1,0,0,1,65535
2,5,4,5,1,0,0,2,65535
2,5,6,0,1,0,0,3,65535
2,5,7,8,17,0,0,4,65535
2,5,9,10,17,0,0,5,65535
2,5,11,12,1,0,0,6,65535
2,5,13,14,1,0,0,7,65535
2,5,15,13,17,0,0,8,65535
2,5,16,17,1,0,0,9,65535
2,5,12,18,17,0,0,10,65535
2,5,19,20,1,0,0,11,65535
2,5,18,19,17,0,0,12,65535
2,5,17,15,17,0,0,13,65535
2,5,17,19,4,63,24,14,15
2,5,21,22,4,0,0,16,17
2,5,23,24,4,0,0,18,19
2,5,25,26,1,0,0,20,65535
2,5,27,28,1,0,0,21,65535
2,5,29,30,1,0,0,22,65535
2,5,31,32,17,0,0,23,65535
2,5,32,33,17,0,0,24,65535
2,5,33,34,17,0,0,25,65535
2,5,34,35,17,0,0,26,65535
2,5,35,36,17,0,0,27,65535
2,5,36,37,17,0,0,28,65535
2,5,37,38,17,0,0,29,65535
2,5,38,31,17,0,0,30,65535
2,5,22,39,4,0,0,31,32
2,5,39,40,4,0,0,33,34
2,5,41,23,4,0,0,35,36
2,5,42,41,4,0,0,37,38
2,5,43,40,1,0,0,39,65535
2,5,44,45,1,0,0,40,65535
2,5,14,21,1,0,0,41,65535
2,5,46,47,1,0,0,42,65535
2,5,24,11,1,0,0,43,65535
2,5,48,49,1,0,0,44,65535
2,5,28,42,1,0,0,45,65535
2,5,40,29,1,0,0,46,65535
2,5,50,51,1,0,0,47,65535
2,5,51,52,1,0,0,48,65535
2,5,52,53,1,0,0,49,65535
2,5,53,54,1,0,0,50,65535
2,5,55,56,1,0,0,51,65535
2,5,56,57,1,0,0,52,65535
2,5,57,58,1,0,0,53,65535
2,5,58,59,1,0,0,54,65535
2,5,60,61,1,0,0,55,65535
2,5,62,60,1,0,0,56,65535
2,5,63,62,1,0,0,57,65535
2,5,64,63,1,0,0,58,65535
2,5,65,64,1,0,0,59,65535
2,5,66,67,1,0,0,60,65535
2,5,68,66,1,0,0,61,65535
2,5,69,70,1,0,0,62,65535
2,5,71,69,1,0,0,63,65535
2,5,61,71,12,0,0,64,65
2,5,67,65,1,0,0,66,65535
2,5,54,55,29,0,0,67,68
2,5,72,73,1,0,0,69,65535
2,5,73,74,1,0,0,70,65535
2,5,74,75,1,0,0,71,65535
2,5,76,77,1,0,0,72,65535
2,5,77,50,1,0,0,73,65535
2,5,70,78,1,0,0,74,65535
2,5,79,80,17,0,0,75,65535
2,5,81,68,1,0,0,76,65535
2,5,59,82,1,0,0,77,65535
2,5,12,13,12,0,0,78,79
2,5,83,79,1,0,0,80,65535
2,5,84,85,17,0,0,81,65535
2,5,86,24,1,0,0,82,65535
2,5,49,86,1,0,0,83,65535
2,5,21,87,1,0,0,84,65535
2,5,87,46,1,0,0,85,65535
2,5,86,88,68,0,0,86,87
2,5,88,89,68,0,0,88,89
2,5,89,90,68,0,0,90,91
2,5,45,91,1,0,0,92,65535
2,5,90,91,68,0,0,93,94
2,5,92,87,68,0,0,95,96
2,5,93,92,68,0,0,97,98
2,5,94,93,68,0,0,99,100
2,5,95,43,1,0,0,101,65535
2,5,96,94,68,0,0,102,103
2,5,97,98,1,0,0,104,65535
2,5,99,97,1,0,0,105,65535
2,5,100,101,1,0,0,106,65535
2,5,102,103,1,0,0,107,65535
2,5,104,105,1,0,0,108,65535
2,5,103,104,17,0,0,109,65535
2,5,101,99,17,0,0,110,65535
2,5,101,104,4,1,0,111,112
2,5,103,99,4,63,25,113,114
2,5,105,106,1,0,0,115,65535
2,5,106,107,1,0,0,116,65535
2,5,108,100,1,0,0,117,65535
2,5,109,108,1,0,0,118,65535
2,5,107,110,1,0,0,119,65535
2,5,111,112,1,0,0,120,65535
2,5,113,114,4,1,0,121,122
2,5,115,116,1,0,0,123,65535
2,5,117,109,1,0,0,124,65535
2,5,26,118,1,0,0,125,65535
2,5,118,119,1,0,0,126,65535
2,5,119,120,1,0,0,127,65535
2,5,120,121,1,0,0,128,65535
2,5,121,122,1,0,0,129,65535
2,5,123,27,1,0,0,130,65535
2,5,124,123,1,0,0,131,65535
2,5,125,124,1,0,0,132,65535
2,5,126,125,1,0,0,133,65535
2,5,30,127,1,0,0,134,65535
2,5,127,128,1,0,0,135,65535
2,5,128,129,1,0,0,136,65535
2,5,129,130,1,0,0,137,65535
2,5,131,25,1,0,0,138,65535
2,5,132,131,1,0,0,139,65535
2,5,133,132,1,0,0,140,65535
2,5,134,133,1,0,0,141,65535
2,5,98,134,1,0,0,142,65535
2,5,123,118,76,0,0,143,144
2,5,124,119,4,0,0,145,146
2,5,125,120,4,0,0,147,148
2,5,126,121,4,0,0,149,150
2,5,126,122,76,0,0,151,152
2,5,131,127,76,0,0,153,154
2,5,132,128,4,0,0,155,156
2,5,133,129,4,0,0,157,158
2,5,134,130,4,0,0,159,160
2,5,98,130,76,0,0,161,162
2,5,130,135,1,0,0,163,65535
2,5,136,137,1,0,0,164,65535
2,5,137,138,1,0,0,165,65535
2,5,139,126,1,0,0,166,65535
2,5,122,140,1,0,0,167,65535
2,5,140,102,1,0,0,168,65535
2,5,141,142,4,1,0,169,170
2,5,112,143,1,0,0,171,65535
2,5,144,115,1,0,0,172,65535
2,5,145,146,1,0,0,173,65535
2,5,147,148,1,0,0,174,65535
2,5,148,149,1,0,0,175,65535
2,5,150,145,1,0,0,176,65535
2,5,113,142,17,0,0,177,65535
2,5,141,114,17,0,0,178,65535
2,5,151,152,1,0,0,179,65535
2,5,80,153,1,0,0,180,65535
2,5,154,72,1,0,0,181,65535
2,5,155,156,17,0,0,182,65535
2,5,157,158,17,0,0,183,65535
2,5,158,7,17,0,0,184,65535
2,5,159,160,17,0,0,185,65535
2,5,161,162,17,0,0,186,65535
2,5,160,154,1,0,0,187,65535
2,5,10,159,1,0,0,188,65535
2,5,153,161,1,0,0,189,65535
2,5,162,157,1,0,0,190,65535
2,5,82,163,1,0,0,191,65535
2,5,164,165,1,0,0,192,65535
2,5,166,167,1,0,0,193,65535
2,5,165,168,1,0,0,194,65535
2,5,169,170,1,0,0,195,65535
2,5,171,164,1,0,0,196,65535
2,5,168,172,1,0,0,197,65535
2,5,173,169,1,0,0,198,65535
2,5,174,173,1,0,0,199,65535
2,5,175,176,4,63,30,200,201
2,5,177,178,4,63,30,202,203
2,5,177,176,17,0,0,204,65535
2,5,175,178,17,0,0,205,65535
2,5,176,179,1,0,0,206,65535
2,5,172,177,1,0,0,207,65535
2,5,5,175,1,0,0,208,65535
2,5,178,174,1,0,0,209,65535
2,5,172,174,12,0,0,210,211
2,5,180,9,17,0,0,212,65535
2,5,181,182,17,0,0,213,65535
2,5,183,184,1,0,0,214,65535
2,5,184,185,29,0,0,215,216
2,5,185,186,1,0,0,217,65535
2,5,54,185,1,0,0,218,65535
2,5,184,55,1,0,0,219,65535
2,5,16,20,12,0,1,220,221
2,5,187,188,17,0,0,222,65535
2,5,189,16,1,0,0,223,65535
2,5,20,190,1,0,0,224,65535
2,5,182,191,17,0,0,225,65535
2,5,192,180,17,0,0,226,65535
2,5,102,136,196,0,0,227,228
2,5,152,97,196,0,0,229,230
2,5,152,193,1,0,0,231,65535
2,5,194,136,1,0,0,232,65535
2,5,195,196,1,0,0,233,65535
2,5,197,198,1,0,0,234,65535
2,5,193,199,17,0,0,235,65535
2,5,200,197,1,0,0,236,65535
2,5,199,201,1,0,0,237,65535
2,5,196,202,1,0,0,238,65535
2,5,203,194,17,0,0,239,65535
2,5,204,203,1,0,0,240,65535
2,5,202,205,1,0,0,241,65535
2,5,201,206,1,0,0,242,65535
2,5,205,207,1,0,0,243,65535
2,5,207,208,1,0,0,244,65535
2,5,208,209,1,0,0,245,65535
2,5,209,210,1,0,0,246,65535
2,5,210,211,1,0,0,247,65535
2,5,211,212,1,0,0,248,65535
2,5,213,214,1,0,0,249,65535
2,5,215,213,1,0,0,250,65535
2,5,216,215,1,0,0,251,65535
2,5,217,216,1,0,0,252,65535
2,5,218,217,1,0,0,253,65535
2,5,219,218,1,0,0,254,65535
2,5,214,204,1,0,0,255,65535
2,5,220,221,1,0,0,256,65535
2,5,222,223,1,0,0,257,65535
2,5,224,225,1,0,0,258,65535
2,5,226,224,1,0,0,259,65535
2,5,227,226,1,0,0,260,65535
2,5,228,227,1,0,0,261,65535
2,5,229,228,1,0,0,262,65535
2,5,230,229,1,0,0,263,65535
2,5,231,232,1,0,0,264,65535
2,5,233,231,1,0,0,265,65535
2,5,234,233,1,0,0,266,65535
2,5,235,234,1,0,0,267,65535
2,5,236,235,1,0,0,268,65535
2,5,237,236,1,0,0,269,65535
2,5,238,239,1,0,0,270,65535
2,5,240,241,1,0,0,271,65535
2,5,239,240,29,0,0,272,273
2,5,242,243,1,0,0,274,65535
2,5,244,245,1,0,0,275,65535
2,5,243,244,29,0,0,276,277
2,5,239,244,1,0,0,278,65535
2,5,243,240,1,0,0,279,65535
2,5,246,151,1,0,0,280,65535
2,5,212,247,1,0,0,281,65535
2,5,247,248,1,0,0,282,65535
2,5,248,249,1,0,0,283,65535
2,5,250,219,1,0,0,284,65535
2,5,251,250,1,0,0,285,65535
2,5,252,251,1,0,0,286,65535
2,5,253,254,1,0,0,287,65535
2,5,255,256,1,0,0,288,65535
2,5,214,205,4,0,0,289,290
2,5,213,207,4,0,0,291,292
2,5,215,208,4,0,0,293,294
2,5,216,209,4,0,0,295,296
2,5,217,210,4,0,0,297,298
2,5,218,211,4,0,0,299,300
2,5,219,212,4,0,0,301,302
2,5,250,247,4,0,0,303,304
2,5,251,248,4,0,0,305,306
2,5,257,255,1,0,0,307,65535
2,5,249,258,1,0,0,308,65535
2,5,259,252,1,0,0,309,65535
2,5,254,260,1,0,0,310,65535
2,5,261,262,1,0,0,311,65535
2,5,263,264,29,0,0,312,313
2,5,265,266,29,0,0,314,315
2,5,263,266,1,0,0,316,65535
2,5,265,264,1,0,0,317,65535
2,5,267,268,1,0,0,318,65535
2,5,269,270,1,0,0,319,65535
2,5,245,265,1,0,0,320,65535
2,5,266,230,1,0,0,321,65535
2,5,232,267,1,0,0,322,65535
2,5,270,242,1,0,0,323,65535
2,5,241,269,1,0,0,324,65535
2,5,268,222,1,0,0,325,65535
2,5,221,263,1,0,0,326,65535
2,5,264,238,1,0,0,327,65535
2,5,267,270,29,0,0,328,329
2,5,269,268,29,0,0,330,331
2,5,271,259,1,0,0,332,65535
2,5,260,272,1,0,0,333,65535
2,5,272,273,1,0,0,334,65535
2,5,273,274,1,0,0,335,65535
2,5,275,271,1,0,0,336,65535
2,5,276,275,1,0,0,337,65535
2,5,277,278,17,0,0,338,65535
2,5,278,279,17,0,0,339,65535
2,5,279,280,17,0,0,340,65535
2,5,280,281,17,0,0,341,65535
2,5,281,282,17,0,0,342,65535
2,5,282,283,17,0,0,343,65535
2,5,283,284,17,0,0,344,65535
2,5,284,277,17,0,0,345,65535
2,5,285,286,36,0,0,346,347
2,5,287,285,1,0,0,348,65535
2,5,288,289,1,0,0,349,65535
2,5,290,291,1,0,0,350,65535
2,5,292,293,44,0,0,351,352
2,5,285,293,25,0,0,353,65535
2,5,292,286,25,0,0,354,65535
2,5,286,294,1,0,0,355,65535
2,5,293,295,1,0,0,356,65535
2,5,295,296,1,0,0,357,65535
2,5,296,297,1,0,0,358,65535
2,5,297,292,1,0,0,359,65535
2,5,289,290,36,0,0,360,361
2,5,298,299,44,0,0,362,363
2,5,289,299,17,0,0,364,65535
2,5,298,290,17,0,0,365,65535
2,5,300,298,1,0,0,366,65535
2,5,301,302,17,0,0,367,65535
2,5,302,303,17,0,0,368,65535
2,5,303,304,17,0,0,369,65535
2,5,304,305,17,0,0,370,65535
2,5,305,306,17,0,0,371,65535
2,5,306,307,17,0,0,372,65535
2,5,307,308,17,0,0,373,65535
2,5,308,301,17,0,0,374,65535
2,5,309,310,17,0,0,375,65535
2,5,311,139,17,0,0,376,65535
2,5,312,313,17,0,0,377,65535
2,5,135,314,17,0,0,378,65535
2,5,315,312,1,0,0,379,65535
2,5,314,316,1,0,0,380,65535
2,5,206,317,1,0,0,381,65535
2,5,317,318,1,0,0,382,65535
2,5,318,319,1,0,0,383,65535
2,5,319,320,1,0,0,384,65535
2,5,320,321,1,0,0,385,65535
2,5,321,322,1,0,0,386,65535
2,5,323,200,1,0,0,387,65535
2,5,324,323,1,0,0,388,65535
2,5,325,324,1,0,0,389,65535
2,5,326,325,1,0,0,390,65535
2,5,327,326,1,0,0,391,65535
2,5,328,327,1,0,0,392,65535
2,5,322,329,1,0,0,393,65535
2,5,329,253,1,0,0,394,65535
2,5,330,328,1,0,0,395,65535
2,5,256,330,1,0,0,396,65535
2,5,200,206,4,0,0,397,398
2,5,323,317,4,0,0,399,400
2,5,324,318,4,0,0,401,402
2,5,325,319,4,0,0,403,404
2,5,326,320,4,0,0,405,406
2,5,327,321,4,0,0,407,408
2,5,328,322,4,0,0,409,410
2,5,330,329,4,0,0,411,412
2,5,256,253,4,0,0,413,414
2,5,331,332,17,0,0,415,65535
2,5,332,333,17,0,0,416,65535
2,5,333,334,17,0,0,417,65535
2,5,334,335,17,0,0,418,65535
2,5,335,336,17,0,0,419,65535
2,5,336,337,17,0,0,420,65535
2,5,337,338,17,0,0,421,65535
2,5,338,331,17,0,0,422,65535
2,5,311,310,4,63,26,423,424
2,5,309,139,4,63,26,425,426
2,5,135,313,4,63,27,427,428
2,5,312,314,4,63,27,429,430
2,5,310,339,1,0,0,431,65535
2,5,340,311,1,0,0,432,65535
2,5,143,113,1,0,0,433,65535
2,5,142,147,1,0,0,434,65535
2,5,146,141,1,0,0,435,65535
2,5,114,144,1,0,0,436,65535
2,5,341,2,17,0,0,437,65535
2,5,1,342,17,0,0,438,65535
2,5,342,343,1,0,0,439,65535
2,5,344,341,1,0,0,440,65535
2,5,345,346,13,0,0,441,442
2,5,347,348,13,0,0,443,444
2,5,349,350,29,0,0,445,446
2,5,351,352,29,0,0,447,448
2,5,349,348,1,0,0,449,65535
2,5,345,352,1,0,0,450,65535
2,5,353,354,9,0,0,451,65535
2,5,355,356,9,0,0,452,65535
2,5,343,357,1,0,0,453,65535
2,5,357,345,1,0,0,454,65535
2,5,348,358,1,0,0,455,65535
2,5,358,344,1,0,0,456,65535
2,5,359,360,132,2,1,457,458
2,5,361,362,132,2,2,459,460
2,5,361,287,1,0,0,461,65535
2,5,225,361,1,0,0,462,65535
2,5,291,360,1,0,0,463,65535
2,5,360,237,1,0,0,464,65535
2,5,289,359,132,2,1,465,466
2,5,362,286,132,2,2,467,468
2,5,161,160,4,63,21,469,470
2,5,159,162,4,63,21,471,472
2,5,10,157,12,0,0,473,474
2,5,153,154,12,0,0,475,476
2,5,363,364,4,63,20,477,478
2,5,365,366,4,63,20,479,480
2,5,367,368,12,0,0,481,482
2,5,369,370,12,0,0,483,484
2,5,8,369,17,0,0,485,65535
2,5,371,372,1,0,0,486,65535
2,5,373,371,1,0,0,487,65535
2,5,374,373,1,0,0,488,65535
2,5,375,374,1,0,0,489,65535
2,5,376,377,1,0,0,490,65535
2,5,378,379,1,0,0,491,65535
2,5,379,376,1,0,0,492,65535
2,5,377,380,1,0,0,493,65535
2,5,381,382,1,0,0,494,65535
2,5,383,375,1,0,0,495,65535
2,5,379,380,28,0,0,496,497
2,5,383,373,28,0,0,498,499
2,5,384,385,1,0,0,500,65535
2,5,386,387,1,0,0,501,65535
2,5,387,388,1,0,0,502,65535
2,5,388,389,1,0,0,503,65535
2,5,390,391,9,0,0,504,65535
2,5,392,390,1,0,0,505,65535
2,5,389,393,1,0,0,506,65535
2,5,394,392,44,0,0,507,508
2,5,393,395,1,0,0,509,65535
2,5,395,396,1,0,0,510,65535
2,5,397,398,1,0,0,511,65535
2,5,399,394,1,0,0,512,65535
2,5,399,390,28,0,0,513,514
2,5,389,396,28,0,0,515,516
2,5,367,365,1,0,0,517,65535
2,5,365,364,17,0,0,518,65535
2,5,364,370,1,0,0,519,65535
2,5,369,363,1,0,0,520,65535
2,5,363,366,17,0,0,521,65535
2,5,366,368,1,0,0,522,65535
2,5,400,155,17,0,0,523,65535
2,5,401,400,17,0,0,524,65535
2,5,370,401,17,0,0,525,65535
2,5,372,402,1,0,0,526,65535
2,5,402,403,1,0,0,527,65535
2,5,404,386,1,0,0,528,65535
2,5,405,406,1,0,0,529,65535
2,5,385,407,1,0,0,530,65535
2,5,408,409,1,0,0,531,65535
2,5,410,411,1,0,0,532,65535
2,5,409,410,17,0,0,533,65535
2,5,407,405,17,0,0,534,65535
2,5,407,410,4,63,22,535,536
2,5,409,405,4,63,22,537,538
2,5,408,406,12,0,0,539,540
2,5,385,411,12,0,0,541,542
2,5,412,413,1,0,0,543,65535
2,5,414,415,1,0,0,544,65535
2,5,416,417,1,0,0,545,65535
2,5,418,384,1,0,0,546,65535
2,5,417,418,17,0,0,547,65535
2,5,415,412,17,0,0,548,65535
2,5,415,418,4,63,23,549,550
2,5,417,412,4,1,0,551,552
2,5,416,413,28,0,0,553,554
2,5,414,384,12,0,0,555,556
2,5,411,378,1,0,0,557,65535
2,5,419,414,1,0,0,558,65535
2,5,420,408,1,0,0,559,65535
2,5,406,421,1,0,0,560,65535
2,5,368,422,1,0,0,561,65535
2,5,423,424,1,0,0,562,65535
2,5,425,426,1,0,0,563,65535
2,5,427,423,1,0,0,564,65535
2,5,403,404,124,0,0,565,566
2,5,428,429,1,0,0,567,65535
2,5,429,430,1,0,0,568,65535
2,5,430,431,1,0,0,569,65535
2,5,431,432,1,0,0,570,65535
2,5,432,433,1,0,0,571,65535
2,5,433,434,1,0,0,572,65535
2,5,434,435,1,0,0,573,65535
2,5,435,428,1,0,0,574,65535
2,5,422,436,1,0,0,575,65535
2,5,437,438,1,0,0,576,65535
2,5,439,425,1,0,0,577,65535
2,5,440,441,1,0,0,578,65535
2,5,442,443,1,0,0,579,65535
2,5,444,445,1,0,0,580,65535
2,5,446,447,9,0,0,581,65535
2,5,448,449,1,0,0,582,65535
2,5,449,450,1,0,0,583,65535
2,5,450,451,1,0,0,584,65535
2,5,452,453,1,0,0,585,65535
2,5,454,452,1,0,0,586,65535
2,5,451,455,1,0,0,587,65535
2,5,455,456,1,0,0,588,65535
2,5,456,457,1,0,0,589,65535
2,5,458,454,1,0,0,590,65535
2,5,459,458,1,0,0,591,65535
2,5,460,459,1,0,0,592,65535
2,5,461,460,1,0,0,593,65535
2,5,462,463,1,0,0,594,65535
2,5,464,462,1,0,0,595,65535
2,5,465,464,1,0,0,596,65535
2,5,457,466,1,0,0,597,65535
2,5,466,465,1,0,0,598,65535
2,5,467,81,1,0,0,599,65535
2,5,167,468,1,0,0,600,65535
2,5,468,469,17,0,0,601,65535
2,5,470,467,17,0,0,602,65535
2,5,470,469,4,63,29,603,604
2,5,468,467,4,63,29,605,606
2,5,167,81,12,0,0,607,608
2,5,471,470,9,0,0,609,65535
2,5,469,472,9,0,0,610,65535
2,5,473,474,9,0,0,611,65535
2,5,475,476,9,0,0,612,65535
2,5,477,475,9,0,0,613,65535
2,5,474,478,9,0,0,614,65535
2,5,478,479,9,0,0,615,65535
2,5,480,477,9,0,0,616,65535
2,5,471,472,4,0,0,617,618
2,5,476,481,4,0,0,619,620
2,5,475,482,4,0,0,621,622
2,5,477,483,4,0,0,623,624
2,5,480,484,4,0,0,625,626
2,5,485,480,9,0,0,627,65535
2,5,479,486,9,0,0,628,65535
2,5,485,487,4,0,0,629,630
2,5,486,488,4,0,0,631,632
2,5,489,485,4,0,0,633,634
2,5,490,485,9,0,0,635,65535
2,5,489,491,9,0,0,636,65535
2,5,491,492,9,0,0,637,65535
2,5,493,490,9,0,0,638,65535
2,5,494,493,9,0,0,639,65535
2,5,492,446,9,0,0,640,65535
2,5,495,496,9,0,0,641,65535
2,5,497,498,9,0,0,642,65535
2,5,498,488,9,0,0,643,65535
2,5,486,495,9,0,0,644,65535
2,5,491,490,4,0,0,645,646
2,5,492,493,4,0,0,647,648
2,5,495,498,4,0,0,649,650
2,5,499,500,1,0,0,651,65535
2,5,501,502,1,0,0,652,65535
2,5,503,504,1,0,0,653,65535
2,5,505,506,1,0,0,654,65535
2,5,507,501,1,0,0,655,65535
2,5,504,508,1,0,0,656,65535
2,5,500,509,1,0,0,657,65535
2,5,510,505,1,0,0,658,65535
2,5,511,512,1,0,0,659,65535
2,5,513,514,1,0,0,660,65535
2,5,514,515,1,0,0,661,65535
2,5,516,517,1,0,0,662,65535
2,5,518,519,1,0,0,663,65535
2,5,520,521,4,103,3,664,665
2,5,522,520,1,0,0,666,65535
2,5,521,523,1,0,0,667,65535
2,5,524,516,1,0,0,668,65535
2,5,525,526,1,0,0,669,65535
2,5,527,528,4,63,16,670,671
2,5,529,530,4,63,16,672,673
2,5,506,503,12,0,0,674,675
2,5,441,439,12,0,0,676,677
2,5,506,529,1,0,0,678,65535
2,5,529,528,17,0,0,679,65535
2,5,528,439,1,0,0,680,65535
2,5,441,527,1,0,0,681,65535
2,5,527,530,17,0,0,682,65535
2,5,530,503,1,0,0,683,65535
2,5,531,532,4,63,17,684,685
2,5,533,534,4,63,17,686,687
2,5,502,499,12,0,0,688,689
2,5,445,440,12,0,0,690,691
2,5,502,533,1,0,0,692,65535
2,5,533,532,17,0,0,693,65535
2,5,532,440,1,0,0,694,65535
2,5,445,531,1,0,0,695,65535
2,5,531,534,17,0,0,696,65535
2,5,534,499,1,0,0,697,65535
2,5,443,444,1,0,0,698,65535
2,5,515,494,9,0,0,699,65535
2,5,535,536,4,0,0,700,701
2,5,537,538,1,0,0,702,65535
2,5,539,540,1,0,0,703,65535
2,5,523,518,1,0,0,704,65535
2,5,526,522,1,0,0,705,65535
2,5,446,494,4,0,0,706,707
2,5,488,541,9,0,0,708,65535
2,5,542,489,9,0,0,709,65535
2,5,447,543,1,0,0,710,65535
2,5,496,544,9,0,0,711,65535
2,5,545,497,9,0,0,712,65535
2,5,546,545,9,0,0,713,65535
2,5,356,349,9,0,0,714,65535
2,5,496,497,4,0,0,715,716
2,5,547,548,12,0,0,717,718
2,5,548,546,9,0,0,719,65535
2,5,547,549,9,0,0,720,65535
2,5,550,548,9,0,0,721,65535
2,5,551,552,1,0,0,722,65535
2,5,552,553,1,0,0,723,65535
2,5,554,551,1,0,0,724,65535
2,5,555,556,1,0,0,725,65535
2,5,556,554,1,0,0,726,65535
2,5,544,557,9,0,0,727,65535
2,5,557,547,9,0,0,728,65535
2,5,553,558,1,0,0,729,65535
2,5,558,559,1,0,0,730,65535
2,5,559,560,1,0,0,731,65535
2,5,560,561,9,0,0,732,65535
2,5,562,563,9,0,0,733,65535
2,5,564,565,9,0,0,734,65535
2,5,566,564,9,0,0,735,65535
2,5,563,567,9,0,0,736,65535
2,5,568,569,4,63,33,737,738
2,5,570,571,4,63,33,739,740
2,5,570,569,17,0,0,741,65535
2,5,568,571,17,0,0,742,65535
2,5,569,572,1,0,0,743,65535
2,5,354,570,1,0,0,744,65535
2,5,573,568,1,0,0,745,65535
2,5,571,355,1,0,0,746,65535
2,5,572,574,9,0,0,747,65535
2,5,575,573,9,0,0,748,65535
2,5,567,576,9,0,0,749,65535
2,5,577,566,9,0,0,750,65535
2,5,578,579,9,0,0,751,65535
2,5,580,581,4,63,31,752,753
2,5,582,583,4,63,31,754,755
2,5,582,581,17,0,0,756,65535
2,5,580,583,17,0,0,757,65535
2,5,581,562,9,0,0,758,65535
2,5,561,582,9,0,0,759,65535
2,5,565,580,9,0,0,760,65535
2,5,583,578,9,0,0,761,65535
2,5,561,578,12,0,0,762,763
2,5,565,562,12,0,0,764,765
2,5,584,577,9,0,0,766,65535
2,5,576,585,9,0,0,767,65535
2,5,586,584,9,0,0,768,65535
2,5,587,586,9,0,0,769,65535
2,5,585,588,9,0,0,770,65535
2,5,589,587,9,0,0,771,65535
2,5,588,590,9,0,0,772,65535
2,5,591,589,9,0,0,773,65535
2,5,590,592,9,0,0,774,65535
2,5,593,591,9,0,0,775,65535
2,5,592,594,9,0,0,776,65535
2,5,595,593,9,0,0,777,65535
2,5,594,596,9,0,0,778,65535
2,5,597,595,9,0,0,779,65535
2,5,596,598,9,0,0,780,65535
2,5,599,597,9,0,0,781,65535
2,5,598,600,9,0,0,782,65535
2,5,600,601,9,0,0,783,65535
2,5,602,599,9,0,0,784,65535
2,5,601,603,9,0,0,785,65535
2,5,604,605,9,0,0,786,65535
2,5,605,602,9,0,0,787,65535
2,5,606,575,9,0,0,788,65535
2,5,607,606,9,0,0,789,65535
2,5,608,607,9,0,0,790,65535
2,5,609,608,9,0,0,791,65535
2,5,610,609,9,0,0,792,65535
2,5,611,612,9,0,0,793,65535
2,5,613,611,9,0,0,794,65535
2,5,614,613,9,0,0,795,65535
2,5,615,614,9,0,0,796,65535
2,5,584,585,12,0,0,797,798
2,5,587,585,12,0,0,799,800
2,5,589,588,12,0,0,801,802
2,5,591,590,12,0,0,803,804
2,5,593,592,12,0,0,805,806
2,5,595,594,12,0,0,807,808
2,5,597,596,12,0,0,809,810
2,5,597,600,12,0,0,811,812
2,5,602,600,12,0,0,813,814
2,5,605,601,12,0,0,815,816
2,5,604,603,12,0,0,817,818
2,5,577,576,12,0,0,819,820
2,5,616,617,9,0,0,821,65535
2,5,617,615,9,0,0,822,65535
2,5,352,618,9,0,0,823,65535
2,5,618,619,17,0,0,824,65535
2,5,620,621,17,0,0,825,65535
2,5,622,623,9,0,0,826,65535
2,5,623,624,9,0,0,827,65535
2,5,624,625,9,0,0,828,65535
2,5,625,626,9,0,0,829,65535
2,5,627,628,9,0,0,830,65535
2,5,628,629,9,0,0,831,65535
2,5,630,631,9,0,0,832,65535
2,5,632,633,9,0,0,833,65535
2,5,634,635,9,0,0,834,65535
2,5,636,637,9,0,0,835,65535
2,5,638,636,9,0,0,836,65535
2,5,639,638,9,0,0,837,65535
2,5,640,639,9,0,0,838,65535
2,5,635,641,9,0,0,839,65535
2,5,631,642,9,0,0,840,65535
2,5,643,632,9,0,0,841,65535
2,5,644,645,9,0,0,842,65535
2,5,646,647,9,0,0,843,65535
2,5,648,649,17,0,0,844,65535
2,5,650,651,9,0,0,845,65535
2,5,651,652,9,0,0,846,65535
2,5,652,653,9,0,0,847,65535
2,5,654,655,9,0,0,848,65535
2,5,656,657,9,0,0,849,65535
2,5,657,658,9,0,0,850,65535
2,5,659,660,9,0,0,851,65535
2,5,661,659,9,0,0,852,65535
2,5,662,661,9,0,0,853,65535
2,5,658,663,9,0,0,854,65535
2,5,653,664,9,0,0,855,65535
2,5,665,662,9,0,0,856,65535
2,5,621,353,9,0,0,857,65535
2,5,663,654,9,0,0,858,65535
2,5,631,632,12,104,8,859,860
2,5,75,76,17,0,0,861,65535
2,5,666,83,17,0,0,862,65535
2,5,78,667,17,0,0,863,65535
2,5,170,166,17,0,0,864,65535
2,5,163,171,17,0,0,865,65535
2,5,647,668,9,0,0,866,65535
2,5,668,643,9,0,0,867,65535
2,5,642,669,9,0,0,868,65535
2,5,669,644,9,0,0,869,65535
2,5,645,670,9,0,0,870,65535
2,5,671,646,9,0,0,871,65535
2,5,294,257,1,0,0,872,65535
2,5,258,672,1,0,0,873,65535
2,5,672,288,1,0,0,874,65535
2,5,673,674,4,63,32,875,876
2,5,675,676,4,63,32,877,878
2,5,675,674,17,0,0,879,65535
2,5,673,676,17,0,0,880,65535
2,5,677,675,1,0,0,881,65535
2,5,676,616,1,0,0,882,65535
2,5,678,677,9,0,0,883,65535
2,5,574,678,9,0,0,884,65535
2,5,679,604,9,0,0,885,65535
2,5,674,679,9,0,0,886,65535
2,5,603,673,9,0,0,887,65535
2,5,339,680,1,0,0,888,65535
2,5,681,340,1,0,0,889,65535
2,5,680,682,1,0,0,890,65535
2,5,683,684,1,0,0,891,65535
2,5,685,681,1,0,0,892,65535
2,5,684,686,1,0,0,893,65535
2,5,682,687,1,0,0,894,65535
2,5,688,683,1,0,0,895,65535
2,5,689,688,1,0,0,896,65535
2,5,687,690,1,0,0,897,65535
2,5,690,691,1,0,0,898,65535
2,5,691,692,1,0,0,899,65535
2,5,692,689,1,0,0,900,65535
2,5,693,694,1,0,0,901,65535
2,5,695,696,1,0,0,902,65535
2,5,696,697,17,0,0,903,65535
2,5,698,693,17,0,0,904,65535
2,5,697,699,17,0,0,905,65535
2,5,700,698,17,0,0,906,65535
2,5,701,700,17,0,0,907,65535
2,5,699,702,17,0,0,908,65535
2,5,702,703,1,0,0,909,65535
2,5,704,705,1,0,0,910,65535
2,5,706,707,1,0,0,911,65535
2,5,708,704,1,0,0,912,65535
2,5,709,710,1,0,0,913,65535
2,5,710,711,1,0,0,914,65535
2,5,711,712,1,0,0,915,65535
2,5,713,315,1,0,0,916,65535
2,5,714,713,1,0,0,917,65535
2,5,715,714,1,0,0,918,65535
2,5,712,716,1,0,0,919,65535
2,5,716,708,1,0,0,920,65535
2,5,717,718,1,0,0,921,65535
2,5,718,715,1,0,0,922,65535
2,5,707,717,1,0,0,923,65535
2,5,315,709,4,0,0,924,925
2,5,713,710,4,0,0,926,927
2,5,714,711,4,0,0,928,929
2,5,715,712,4,0,0,930,931
2,5,718,716,4,0,0,932,933
2,5,701,702,4,0,0,934,935
2,5,708,707,4,0,0,936,937
2,5,719,720,1,0,0,938,65535
2,5,721,722,1,0,0,939,65535
2,5,723,721,1,0,0,940,65535
2,5,724,725,1,0,0,941,65535
2,5,726,723,1,0,0,942,65535
2,5,727,728,1,0,0,943,65535
2,5,729,730,1,0,0,944,65535
2,5,731,732,1,0,0,945,65535
2,5,730,733,17,0,0,946,65535
2,5,733,734,1,0,0,947,65535
2,5,735,736,1,0,0,948,65535
2,5,736,731,17,0,0,949,65535
2,5,737,738,1,0,0,950,65535
2,5,739,740,1,0,0,951,65535
2,5,738,741,17,0,0,952,65535
2,5,742,739,17,0,0,953,65535
2,5,743,744,1,0,0,954,65535
2,5,745,746,1,0,0,955,65535
2,5,744,747,17,0,0,956,65535
2,5,747,748,1,0,0,957,65535
2,5,749,750,1,0,0,958,65535
2,5,750,745,17,0,0,959,65535
2,5,738,739,4,1,0,960,961
2,5,742,741,4,1,0,962,963
2,5,744,745,4,1,0,964,965
2,5,750,747,4,1,0,966,967
2,5,730,731,4,1,0,968,969
2,5,736,733,4,1,0,970,971
2,5,741,751,1,0,0,972,65535
2,5,752,742,1,0,0,973,65535
2,5,734,753,1,0,0,974,65535
2,5,754,735,1,0,0,975,65535
2,5,755,749,1,0,0,976,65535
2,5,748,756,1,0,0,977,65535
2,5,757,755,1,0,0,978,65535
2,5,751,758,1,0,0,979,65535
2,5,759,752,1,0,0,980,65535
2,5,753,760,1,0,0,981,65535
2,5,761,754,1,0,0,982,65535
2,5,762,763,1,0,0,983,65535
2,5,758,764,1,0,0,984,65535
2,5,765,759,1,0,0,985,65535
2,5,764,766,1,0,0,986,65535
2,5,767,765,1,0,0,987,65535
2,5,766,768,1,0,0,988,65535
2,5,769,767,1,0,0,989,65535
2,5,770,757,1,0,0,990,65535
2,5,771,772,1,0,0,991,65535
2,5,773,770,1,0,0,992,65535
2,5,772,774,1,0,0,993,65535
2,5,775,773,1,0,0,994,65535
2,5,760,776,1,0,0,995,65535
2,5,777,761,1,0,0,996,65535
2,5,776,778,1,0,0,997,65535
2,5,779,777,1,0,0,998,65535
2,5,778,780,1,0,0,999,65535
2,5,781,779,1,0,0,1000,65535
2,5,768,782,1,0,0,1001,65535
2,5,783,775,1,0,0,1002,65535
2,5,782,784,1,0,0,1003,65535
2,5,785,786,1,0,0,1004,65535
2,5,786,783,1,0,0,1005,65535
2,5,787,769,1,0,0,1006,65535
2,5,788,787,1,0,0,1007,65535
2,5,789,790,1,0,0,1008,65535
2,5,791,789,1,0,0,1009,65535
2,5,780,791,1,0,0,1010,65535
2,5,792,781,1,0,0,1011,65535
2,5,793,792,1,0,0,1012,65535
2,5,794,793,1,0,0,1013,65535
2,5,774,795,1,0,0,1014,65535
2,5,795,796,1,0,0,1015,65535
2,5,796,797,1,0,0,1016,65535
2,5,798,799,20,0,0,1017,1018
2,5,799,800,20,0,0,1019,1020
2,5,800,801,20,0,0,1021,1022
2,5,802,803,20,0,0,1023,1024
2,5,804,802,20,0,0,1025,1026
2,5,773,805,20,0,0,1027,1028
2,5,806,807,20,0,0,1029,1030
2,5,807,808,20,0,0,1031,1032
2,5,805,809,20,0,0,1033,1034
2,5,808,778,20,0,0,1035,1036
2,5,767,766,68,0,0,1037,1038
2,5,810,804,20,0,0,1039,1040
2,5,801,810,20,0,0,1041,1042
2,5,809,811,20,0,0,1043,1044
2,5,779,778,68,0,0,1045,1046
2,5,773,772,68,0,0,1047,1048
2,5,811,806,20,0,0,1049,1050
2,5,812,813,4,63,19,1051,1052
2,5,814,815,4,63,19,1053,1054
2,5,438,442,12,0,0,1055,1056
2,5,438,814,1,0,0,1057,65535
2,5,814,813,17,0,0,1058,65535
2,5,813,816,1,0,0,1059,65535
2,5,817,812,1,0,0,1060,65535
2,5,812,815,17,0,0,1061,65535
2,5,815,442,1,0,0,1062,65535
2,5,463,817,1,0,0,1063,65535
2,5,816,461,1,0,0,1064,65535
2,5,818,819,4,63,18,1065,1066
2,5,820,821,4,63,18,1067,1068
2,5,436,437,12,0,0,1069,1070
2,5,436,820,1,0,0,1071,65535
2,5,820,819,17,0,0,1072,65535
2,5,819,448,1,0,0,1073,65535
2,5,453,818,1,0,0,1074,65535
2,5,818,821,17,0,0,1075,65535
2,5,821,437,1,0,0,1076,65535
2,5,822,823,6,0,0,1077,1078
2,5,823,824,6,0,0,1079,1080
2,5,824,825,6,0,0,1081,1082
2,5,825,822,6,0,0,1083,1084
2,5,664,826,3,0,0,1085,65535
2,5,827,665,3,0,0,1086,65535
2,5,826,828,19,0,0,1087,65535
2,5,829,830,19,0,0,1088,65535
2,5,830,827,19,0,0,1089,65535
2,5,830,828,6,1,0,1090,1091
2,5,826,827,6,1,0,1092,1093
2,5,828,831,19,0,0,1094,65535
2,5,831,832,19,0,0,1095,65535
2,5,832,833,19,0,0,1096,65535
2,5,664,665,12,0,0,1097,1098
2,5,833,834,19,11,0,1099,65535
2,5,756,835,1,0,0,1100,65535
2,5,835,771,1,0,0,1101,65535
2,5,667,666,1,0,0,1102,65535
2,5,274,836,1,0,0,1103,65535
2,5,837,276,1,0,0,1104,65535
2,5,838,839,4,1,0,1105,1106
2,5,840,841,4,1,0,1107,1108
2,5,836,838,1,0,0,1109,65535
2,5,838,841,17,0,0,1110,65535
2,5,841,842,1,0,0,1111,65535
2,5,839,837,1,0,0,1112,65535
2,5,840,839,17,0,0,1113,65535
2,5,843,840,1,0,0,1114,65535
2,5,842,844,1,0,0,1115,65535
2,5,844,845,1,0,0,1116,65535
2,5,845,846,1,0,0,1117,65535
2,5,846,847,1,0,0,1118,65535
2,5,847,848,1,0,0,1119,65535
2,5,848,849,1,0,0,1120,65535
2,5,849,843,1,0,0,1121,65535
2,5,836,837,12,0,0,1122,1123
2,5,843,842,12,0,0,1124,1125
2,5,549,850,9,0,0,1126,65535
2,5,850,851,1,0,0,1127,65535
2,5,851,555,1,0,0,1128,65535
2,5,852,550,9,0,0,1129,65535
2,5,579,853,1,0,0,1130,65535
2,5,853,852,1,0,0,1131,65535
2,5,803,798,20,0,0,1132,1133
2,5,797,794,1,0,0,1134,65535
2,5,854,701,1,0,0,1135,65535
2,5,803,766,6,0,0,1136,1137
2,5,767,798,6,0,0,1138,1139
2,5,519,507,1,0,0,1140,65535
2,5,508,525,1,0,0,1141,65535
2,5,512,855,1,0,0,1142,65535
2,5,856,857,1,0,0,1143,65535
2,5,857,858,1,0,0,1144,65535
2,5,859,524,1,0,0,1145,65535
2,5,543,859,1,0,0,1146,65535
2,5,855,860,1,0,0,1147,65535
2,5,860,510,1,0,0,1148,65535
2,5,509,861,1,0,0,1149,65535
2,5,861,513,1,0,0,1150,65535
2,5,858,511,1,0,0,1151,65535
2,5,116,117,1,0,0,1152,65535
2,5,262,150,1,0,0,1153,65535
2,5,110,111,1,0,0,1154,65535
2,5,149,261,1,0,0,1155,65535
2,5,3,4,1,0,0,1156,65535
2,5,862,342,13,0,0,1157,1158
2,5,1,863,13,0,0,1159,1160
2,5,341,864,13,0,0,1161,1162
2,5,865,2,13,0,0,1163,1164
2,5,863,865,1,0,0,1165,65535
2,5,864,862,1,0,0,1166,65535
2,5,862,863,17,0,0,1167,65535
2,5,865,864,17,0,0,1168,65535
2,5,866,867,9,0,0,1169,65535
2,5,868,869,1,0,0,1170,65535
2,5,346,868,1,0,0,1171,65535
2,5,867,351,1,0,0,1172,65535
2,5,350,866,1,0,0,1173,65535
2,5,869,347,1,0,0,1174,65535
2,5,347,350,1,0,0,1175,65535
2,5,351,346,1,0,0,1176,65535
2,5,484,487,9,0,0,1177,65535
2,5,481,482,9,0,0,1178,65535
2,5,482,483,9,0,0,1179,65535
2,5,483,484,9,0,0,1180,65535
2,5,870,481,9,0,0,1181,65535
2,5,871,872,9,0,0,1182,65535
2,5,872,873,9,0,0,1183,65535
2,5,873,874,9,0,0,1184,65535
2,5,874,870,9,0,0,1185,65535
2,5,870,473,4,0,0,1186,1187
2,5,874,474,4,0,0,1188,1189
2,5,873,478,4,0,0,1190,1191
2,5,872,479,4,0,0,1192,1193
2,5,871,486,4,0,0,1194,1195
2,5,487,542,9,0,0,1196,65535
2,5,541,871,9,0,0,1197,65535
2,5,183,186,12,2,10,1198,1199
2,5,299,875,1,0,0,1200,65535
2,5,876,877,1,0,0,1201,65535
2,5,877,878,1,0,0,1202,65535
2,5,878,300,1,0,0,1203,65535
2,5,875,876,1,0,0,1204,65535
2,5,879,719,1,0,0,1205,65535
2,5,694,880,1,0,0,1206,65535
2,5,880,420,1,0,0,1207,65535
2,5,720,881,1,0,0,1208,65535
2,5,882,883,1,7,11,1209,65535
2,5,421,695,1,0,0,1210,65535
2,5,396,397,1,0,0,1211,65535
2,5,382,383,1,0,0,1212,65535
2,5,380,381,1,0,0,1213,65535
2,5,884,885,132,2,5,1214,1215
2,5,885,886,132,2,5,1216,1217
2,5,886,856,132,2,5,1218,1219
2,5,517,884,1,0,0,1220,65535
2,5,884,856,4,0,0,1221,1222
2,5,887,856,1,0,0,1223,65535
2,5,884,888,1,0,0,1224,65535
2,5,889,724,1,0,0,1225,65535
2,5,888,889,1,0,0,1226,65535
2,5,424,890,1,0,0,1227,65535
2,5,890,367,1,0,0,1228,65535
2,5,891,471,9,0,0,1229,65535
2,5,472,892,9,0,0,1230,65535
2,5,892,473,9,0,0,1231,65535
2,5,476,891,9,0,0,1232,65535
2,5,544,545,4,0,0,1233,1234
2,5,91,893,1,0,0,1235,65535
2,5,893,48,1,0,0,1236,65535
2,5,47,894,1,0,0,1237,65535
2,5,179,6,1,0,0,1238,65535
2,5,722,887,1,0,0,1239,65535
2,5,894,96,1,0,0,1240,65535
2,5,619,620,12,0,0,1241,1242
2,5,626,627,12,0,0,1243,1244
2,5,641,640,12,0,0,1245,1246
2,5,670,671,12,0,0,1247,1248
2,5,649,895,17,0,0,1249,65535
2,5,896,648,17,0,0,1250,65535
2,5,642,643,12,2,9,1251,1252
2,5,186,897,17,0,0,1253,65535
2,5,898,183,17,0,0,1254,65535
2,5,899,900,1,0,0,1255,65535
2,5,901,902,1,0,0,1256,65535
2,5,903,904,1,0,0,1257,65535
2,5,905,906,1,0,0,1258,65535
2,5,904,905,17,0,0,1259,65535
2,5,902,899,17,0,0,1260,65535
2,5,904,899,4,1,0,1261,1262
2,5,902,905,4,1,0,1263,1264
2,5,901,906,12,0,0,1265,1266
2,5,903,900,12,0,1,1267,1268
2,5,897,903,17,0,0,1269,65535
2,5,900,189,17,0,0,1270,65535
2,5,906,192,17,0,0,1271,65535
2,5,156,901,17,0,0,1272,65535
2,5,907,908,1,0,0,1273,65535
2,5,909,910,1,0,0,1274,65535
2,5,191,911,1,0,0,1275,65535
2,5,912,913,1,0,0,1276,65535
2,5,911,912,17,0,0,1277,65535
2,5,910,907,17,0,0,1278,65535
2,5,911,907,4,1,0,1279,1280
2,5,910,912,4,1,0,1281,1282
2,5,909,913,12,0,0,1283,1284
2,5,191,908,4,0,1,1285,1286
2,5,908,187,17,0,0,1287,65535
2,5,913,898,17,0,0,1288,65535
2,5,190,909,17,0,0,1289,65535
2,5,538,914,1,0,0,1290,65535
2,5,915,539,1,0,0,1291,65535
2,5,914,915,17,20,4,1292,65535
2,5,916,917,1,0,0,1293,65535
2,5,918,916,1,0,0,1294,65535
2,5,917,919,1,0,0,1295,65535
2,5,919,920,1,0,0,1296,65535
2,5,921,922,1,0,0,1297,65535
2,5,920,923,1,0,0,1298,65535
2,5,923,924,1,0,0,1299,65535
2,5,925,921,1,0,0,1300,65535
2,5,922,918,1,0,0,1301,65535
2,5,926,925,1,0,0,1302,65535
2,5,924,927,1,0,0,1303,65535
2,5,927,926,36,1,0,1304,1305
2,5,928,929,4,97,13,1306,1307
2,5,930,928,4,97,13,1308,1309
2,5,929,931,4,97,13,1310,1311
2,5,931,930,4,97,13,1312,1313
2,5,703,706,1,0,0,1314,65535
2,5,932,933,5,0,0,1315,1316
2,5,860,932,5,0,0,1317,1318
2,5,933,934,5,0,0,1319,1320
2,5,934,935,5,0,0,1321,1322
2,5,936,937,5,0,0,1323,1324
2,5,935,936,5,0,0,1325,1326
2,5,937,861,5,0,0,1327,1328
2,5,509,938,5,0,0,1329,1330
2,5,938,939,5,0,0,1331,1332
2,5,939,940,5,0,0,1333,1334
2,5,940,941,5,0,0,1335,1336
2,5,941,942,5,0,0,1337,1338
2,5,942,943,5,0,0,1339,1340
2,5,943,510,5,0,0,1341,1342
2,5,90,42,4,0,0,1343,1344
2,5,42,944,1,0,0,1345,65535
2,5,944,945,1,0,0,1346,65535
2,5,946,44,4,62,6,1347,1348
2,5,686,685,12,0,0,1349,1350
2,5,947,948,4,1,0,1351,1352
2,5,947,685,17,0,0,1353,65535
2,5,686,948,17,0,0,1354,65535
2,5,946,947,1,0,0,1355,65535
2,5,948,44,1,0,0,1356,65535
2,5,945,946,1,0,0,1357,65535
2,5,40,94,68,0,0,1358,1359
2,5,96,949,1,0,0,1360,65535
2,5,949,95,4,62,7,1361,1362
2,5,316,950,17,0,0,1363,65535
2,5,316,709,12,0,0,1364,1365
2,5,951,709,17,0,0,1366,65535
2,5,950,95,1,0,0,1367,65535
2,5,951,950,4,1,0,1368,1369
2,5,949,951,1,0,0,1370,65535
2,5,313,246,1,0,0,1371,65535
2,5,138,309,1,0,0,1372,65535
2,5,670,896,17,0,0,1373,65535
2,5,895,671,17,0,0,1374,65535
2,5,895,896,12,0,0,1375,1376
2,5,952,953,36,0,0,1377,1378
2,5,953,954,36,0,0,1379,1380
2,5,954,955,36,0,0,1381,1382
2,5,955,952,36,0,0,1383,1384
2,5,956,957,36,0,0,1385,1386
2,5,957,958,36,0,0,1387,1388
2,5,958,959,36,0,0,1389,1390
2,5,959,956,36,0,0,1391,1392
2,5,18,15,4,63,24,1393,1394
2,5,188,84,4,31,0,1395,1396
2,5,960,961,4,0,0,1397,1398
2,5,961,962,17,0,0,1399,65535
2,5,962,963,17,0,0,1400,65535
2,5,963,960,17,0,0,1401,65535
2,5,960,84,17,0,0,1402,65535
2,5,188,961,17,0,0,1403,65535
2,5,85,181,17,0,0,1404,65535
2,5,398,419,132,0,0,1405,1406
2,5,391,964,9,0,0,1407,65535
2,5,964,965,9,0,0,1408,65535
2,5,965,419,9,0,0,1409,65535
2,5,966,965,132,0,0,1410,1411
2,5,967,964,132,0,0,1412,1413
2,5,968,391,132,0,0,1414,1415
2,5,881,882,1,0,0,1416,65535
2,5,394,969,129,0,0,1417,65535
2,5,969,970,129,0,0,1418,65535
2,5,971,392,129,0,0,1419,65535
2,5,970,971,129,0,0,1420,65535
2,5,972,971,132,97,12,1421,1422
2,5,969,972,132,97,12,1423,1424
2,5,973,974,6,0,0,1425,1426
2,5,974,975,6,0,0,1427,1428
2,5,975,976,6,0,0,1429,1430
2,5,976,973,6,0,0,1431,1432
2,5,977,978,19,0,0,1433,65535
2,5,979,980,19,0,0,1434,65535
2,5,978,981,19,0,0,1435,65535
2,5,982,983,19,0,0,1436,65535
2,5,983,979,19,0,0,1437,65535
2,5,983,981,6,1,0,1438,1439
2,5,978,979,6,1,0,1440,1441
2,5,981,984,19,0,0,1442,65535
2,5,984,985,19,0,0,1443,65535
2,5,985,986,19,51,0,1444,65535
2,5,986,982,19,0,0,1445,65535
2,5,834,987,19,0,0,1446,65535
2,5,987,829,19,0,0,1447,65535
2,5,980,988,19,0,0,1448,65535
2,5,988,989,19,0,0,1449,65535
2,5,989,990,6,97,15,1450,1451
2,5,990,991,6,97,15,1452,1453
2,5,991,992,6,97,15,1454,1455
2,5,992,993,19,0,0,1456,65535
2,5,993,977,19,0,0,1457,65535
2,5,989,992,19,0,0,1458,65535
2,5,354,355,12,0,0,1459,1460
2,5,612,994,9,0,0,1461,65535
2,5,994,995,9,0,0,1462,65535
2,5,995,610,9,0,0,1463,65535
2,5,637,634,12,0,0,1464,1465
2,5,629,622,12,0,0,1466,1467
2,5,968,399,9,0,0,1468,65535
2,5,967,968,9,0,0,1469,65535
2,5,966,967,9,0,0,1470,65535
2,5,398,966,9,0,0,1471,65535
2,5,996,997,132,0,0,1472,1473
2,5,997,998,132,0,0,1474,1475
2,5,998,999,132,0,0,1476,1477
2,5,999,996,132,0,0,1478,1479
2,5,1000,1001,132,0,0,1480,1481
2,5,1001,1002,132,0,0,1482,1483
2,5,1002,1003,132,0,0,1484,1485
2,5,1003,1000,132,0,0,1486,1487
2,5,1004,1005,132,0,0,1488,1489
2,5,1005,1006,132,0,0,1490,1491
2,5,1006,1007,132,0,0,1492,1493
2,5,1007,1004,132,0,0,1494,1495
2,5,1008,1009,1,0,0,1496,65535
2,5,1009,1010,1,0,0,1497,65535
2,5,1010,1011,1,0,0,1498,65535
2,5,1011,1012,1,0,0,1499,65535
2,5,1012,1013,1,0,0,1500,65535
2,5,1013,1014,1,0,0,1501,65535
2,5,1014,1015,1,0,0,1502,65535
2,5,1015,1008,1,0,0,1503,65535
2,5,1016,1017,1,0,0,1504,65535
2,5,1017,1018,1,0,0,1505,65535
2,5,1018,1019,1,0,0,1506,65535
2,5,1019,1020,1,0,0,1507,65535
2,5,1020,1021,1,0,0,1508,65535
2,5,1021,1022,1,0,0,1509,65535
2,5,1022,1023,1,0,0,1510,65535
2,5,1023,1016,1,0,0,1511,65535
2,5,1024,423,132,0,0,1512,1513
2,5,1025,1024,132,0,0,1514,1515
2,5,424,1025,132,0,0,1516,1517
2,5,763,1026,1,0,0,1518,65535
2,5,1026,1027,1,0,0,1519,65535
2,5,1028,727,1,0,0,1520,65535
2,5,732,1028,1,0,0,1521,65535
2,5,727,763,4,0,0,1522,1523
2,5,1027,1029,1,0,0,1524,65535
2,5,1029,743,1,0,0,1525,65535
2,5,746,737,1,0,0,1526,65535
2,5,740,729,1,0,0,1527,65535
2,5,729,732,12,0,0,1528,1529
2,5,743,746,12,0,0,1530,1531
2,5,790,1030,1,0,0,1532,65535
2,5,1030,788,1,0,0,1533,65535
2,5,789,788,12,97,15,1534,1535
2,5,784,1031,9,0,0,1536,65535
2,5,1031,785,9,0,0,1537,65535
2,5,784,786,12,0,0,1538,1539
2,5,543,515,4,0,0,1540,1541
2,5,535,521,17,0,0,1542,65535
2,5,520,536,17,0,0,1543,65535
2,5,536,537,17,0,0,1544,65535
2,5,540,535,17,0,0,1545,65535
2,5,1032,1033,132,0,0,1546,1547
2,5,1033,1034,132,0,0,1548,1549
2,5,1034,1035,132,0,0,1550,1551
2,5,1035,1032,132,0,0,1552,1553
2,5,1036,1037,132,0,0,1554,1555
2,5,1037,1038,132,0,0,1556,1557
2,5,1038,1039,132,0,0,1558,1559
2,5,1039,1036,132,0,0,1560,1561
2,5,1040,1041,132,0,0,1562,1563
2,5,1041,1042,132,0,0,1564,1565
2,5,1042,1043,132,0,0,1566,1567
2,5,1043,1040,132,0,0,1568,1569
2,5,1044,1045,1,0,0,1570,65535
2,5,1045,1046,1,0,0,1571,65535
2,5,1046,1047,1,0,0,1572,65535
2,5,1047,1044,1,0,0,1573,65535
2,5,1048,1049,132,0,0,1574,1575
2,5,1049,1050,132,0,0,1576,1577
2,5,1050,1051,132,0,0,1578,1579
2,5,1051,1048,132,0,0,1580,1581
2,5,1052,1053,132,0,0,1582,1583
2,5,1053,1054,132,0,0,1584,1585
2,5,1054,1055,132,0,0,1586,1587
2,5,1055,1052,132,0,0,1588,1589
2,5,1056,1057,132,0,0,1590,1591
2,5,1057,1058,132,0,0,1592,1593
2,5,1058,1059,132,0,0,1594,1595
2,5,1059,1056,132,0,0,1596,1597
2,5,426,404,1,0,0,1598,65535
2,5,403,427,1,0,0,1599,65535
2,5,22,23,132,36,1,1600,1601
2,5,198,1060,1,0,0,1602,65535
2,5,1060,1061,1,0,0,1603,65535
2,5,1061,220,1,0,0,1604,65535
2,5,223,1062,1,0,0,1605,65535
2,5,1062,195,1,0,0,1606,65535
2,5,705,1063,1,0,0,1607,65535
2,5,1063,854,1,0,0,1608,65535
2,5,50,69,4,0,0,1609,1610
2,5,51,71,4,0,0,1611,1612
2,5,52,61,4,0,0,1613,1614
2,5,53,60,4,0,0,1615,1616
2,5,54,62,4,0,0,1617,1618
2,5,55,63,4,0,0,1619,1620
2,5,56,64,4,0,0,1621,1622
2,5,57,65,4,0,0,1623,1624
2,5,58,67,4,0,0,1625,1626
2,5,59,66,4,2,28,1627,1628
2,5,61,1064,1,0,0,1629,65535
2,5,1065,71,1,0,0,1630,65535
2,5,1065,1064,12,0,0,1631,1632
2,5,1064,1066,1,0,0,1633,65535
2,5,1067,1065,1,0,0,1634,65535
2,5,1066,1068,1,0,0,1635,65535
2,5,1068,1069,1,0,0,1636,65535
2,5,1069,1070,1,0,0,1637,65535
2,5,1070,1071,1,0,0,1638,65535
2,5,1071,1072,1,0,0,1639,65535
2,5,1072,1067,1,0,0,1640,65535
2,5,696,693,12,0,0,1641,1642
2,5,1073,1074,5,0,0,1643,1644
2,5,1075,1073,5,0,0,1645,1646
2,5,1076,1075,5,0,0,1647,1648
2,5,1074,1076,5,0,0,1649,1650
2,5,1077,1078,5,0,0,1651,1652
2,5,1079,1077,5,0,0,1653,1654
2,5,1080,1079,5,0,0,1655,1656
2,5,1078,1080,5,0,0,1657,1658
2,5,927,1081,17,0,0,1659,65535
2,5,1081,1082,1,0,0,1660,65535
2,5,1082,1083,1,0,0,1661,65535
2,5,1083,1084,1,0,0,1662,65535
2,5,1084,1085,1,0,0,1663,65535
2,5,1085,1086,1,0,0,1664,65535
2,5,1086,1087,1,0,0,1665,65535
2,5,1087,1088,1,0,0,1666,65535
2,5,1088,1089,1,0,0,1667,65535
2,5,1089,1090,1,0,0,1668,65535
2,5,1090,1091,1,0,0,1669,65535
2,5,1091,1092,1,0,0,1670,65535
2,5,1092,926,17,0,0,1671,65535
2,5,1092,1081,36,1,0,1672,1673
2,5,1093,1094,4,97,14,1674,1675
2,5,1094,1095,4,97,14,1676,1677
2,5,1095,1096,4,97,14,1678,1679
2,5,1096,1093,4,97,14,1680,1681
2,5,888,887,28,0,0,1682,1683
2,5,728,762,4,0,0,1684,1685
2,5,725,1097,1,0,0,1686,65535
2,5,1097,762,1,0,0,1687,65535
2,5,728,1098,1,0,0,1688,65535
2,5,1098,726,1,0,0,1689,65535
2,5,883,1099,1,0,0,1690,65535
2,5,1099,416,1,0,0,1691,65535
2,5,413,1100,1,0,0,1692,65535
2,5,1100,879,1,0,0,1693,65535
2,5,629,1101,9,0,0,1694,65535
2,5,1101,630,9,0,0,1695,65535
2,5,619,1102,9,0,0,1696,65535
2,5,1102,622,9,0,0,1697,65535
2,5,633,1103,9,0,0,1698,65535
2,5,1103,634,9,0,0,1699,65535
2,5,637,1104,9,0,0,1700,65535
2,5,1104,620,9,0,0,1701,65535
2,5,655,1105,9,0,0,1702,65535
2,5,1105,627,9,0,0,1703,65535
2,5,626,1106,9,0,0,1704,65535
2,5,1106,650,9,0,0,1705,65535
2,5,660,1107,9,0,0,1706,65535
2,5,1107,640,9,0,0,1707,65535
2,5,641,1108,9,0,0,1708,65535
2,5,1108,656,9,0,0,1709,65535
