episode,mission,vertex_1,vertex_2,flags,action_special,sector_tag,front_side,back_side
2,6,0,1,36,0,10,0,1
2,6,1,2,1,0,0,2,65535
2,6,2,3,1,0,0,3,65535
2,6,3,4,1,0,0,4,65535
2,6,4,5,1,0,0,5,65535
2,6,5,6,1,0,0,6,65535
2,6,6,7,1,0,0,7,65535
2,6,7,8,1,0,0,8,65535
2,6,8,9,1,0,0,9,65535
2,6,9,10,1,0,0,10,65535
2,6,10,11,1,0,0,11,65535
2,6,11,12,1,0,0,12,65535
2,6,13,14,1,0,0,13,65535
2,6,14,15,1,0,0,14,65535
2,6,15,16,1,0,0,15,65535
2,6,16,17,1,0,0,16,65535
2,6,17,18,1,0,0,17,65535
2,6,18,19,1,0,0,18,65535
2,6,19,20,1,0,0,19,65535
2,6,20,21,1,0,0,20,65535
2,6,21,0,1,0,0,21,65535
2,6,3,14,12,0,0,22,23
2,6,13,4,12,0,0,24,25
2,6,18,21,12,0,0,26,27
2,6,22,13,1,0,0,28,65535
2,6,12,23,1,0,0,29,65535
2,6,23,24,1,0,0,30,65535
2,6,24,25,17,0,0,31,65535
2,6,25,26,1,0,0,32,65535
2,6,26,27,1,0,0,33,65535
2,6,28,22,1,0,0,34,65535
2,6,29,28,17,0,0,35,65535
2,6,30,29,1,0,0,36,65535
2,6,31,30,1,0,0,37,65535
2,6,32,33,1,103,10,38,65535
2,6,23,22,12,0,0,39,40
2,6,24,28,4,1,0,41,42
2,6,29,25,4,1,0,43,44
2,6,30,26,12,0,0,45,46
2,6,33,34,1,0,0,47,65535
2,6,34,35,1,0,0,48,65535
2,6,35,36,17,0,0,49,65535
2,6,36,37,1,0,0,50,65535
2,6,38,32,1,0,0,51,65535
2,6,39,38,1,0,0,52,65535
2,6,40,41,1,0,0,53,65535
2,6,41,39,17,0,0,54,65535
2,6,40,38,4,0,0,55,56
2,6,34,37,4,0,0,57,58
2,6,0,42,17,0,0,59,65535
2,6,43,1,17,0,0,60,65535
2,6,43,42,44,0,10,61,62
2,6,44,45,1,0,0,63,65535
2,6,45,43,1,0,0,64,65535
2,6,46,47,1,0,0,65,65535
2,6,48,46,1,0,0,66,65535
2,6,42,49,1,0,0,67,65535
2,6,49,48,1,0,0,68,65535
2,6,50,51,1,0,0,69,65535
2,6,52,53,1,0,0,70,65535
2,6,53,54,1,0,0,71,65535
2,6,54,55,1,0,0,72,65535
2,6,55,50,1,0,0,73,65535
2,6,56,57,9,0,0,74,65535
2,6,51,58,1,0,0,75,65535
2,6,57,52,36,0,0,76,77
2,6,58,59,9,0,0,78,65535
2,6,59,60,9,0,0,79,65535
2,6,61,62,12,0,0,80,81
2,6,63,64,12,0,0,82,83
2,6,62,63,12,0,0,84,85
2,6,60,65,9,0,0,86,65535
2,6,66,67,9,0,0,87,65535
2,6,61,68,9,0,0,88,65535
2,6,69,64,9,0,0,89,65535
2,6,68,70,9,0,0,90,65535
2,6,71,69,9,0,0,91,65535
2,6,72,73,1,0,0,92,65535
2,6,74,75,4,37,1,93,94
2,6,76,65,12,0,0,95,96
2,6,66,77,12,0,0,97,98
2,6,78,56,4,0,0,99,100
2,6,79,78,4,0,0,101,102
2,6,59,79,4,0,0,103,104
2,6,80,58,12,0,0,105,106
2,6,57,81,12,0,0,107,108
2,6,70,82,9,20,3,109,65535
2,6,80,44,1,0,0,110,65535
2,6,47,81,1,0,0,111,65535
2,6,62,76,17,0,0,112,65535
2,6,76,83,9,0,0,113,65535
2,6,83,62,17,0,0,114,65535
2,6,77,63,17,0,0,115,65535
2,6,84,77,9,0,0,116,65535
2,6,63,84,17,0,0,117,65535
2,6,84,83,12,0,0,118,119
2,6,85,86,9,0,0,120,65535
2,6,86,87,9,0,0,121,65535
2,6,87,88,9,0,0,122,65535
2,6,88,89,9,0,0,123,65535
2,6,89,90,9,0,0,124,65535
2,6,90,91,9,0,0,125,65535
2,6,91,92,9,0,0,126,65535
2,6,92,85,9,0,0,127,65535
2,6,93,94,9,0,0,128,65535
2,6,94,95,9,0,0,129,65535
2,6,95,96,9,0,0,130,65535
2,6,96,97,9,0,0,131,65535
2,6,97,98,9,0,0,132,65535
2,6,98,99,9,0,0,133,65535
2,6,99,100,9,0,0,134,65535
2,6,100,93,9,0,0,135,65535
2,6,101,102,9,0,0,136,65535
2,6,102,103,9,0,0,137,65535
2,6,103,104,9,0,0,138,65535
2,6,104,105,9,0,0,139,65535
2,6,105,106,9,0,0,140,65535
2,6,106,107,9,0,0,141,65535
2,6,107,108,9,0,0,142,65535
2,6,108,101,9,0,0,143,65535
2,6,109,110,9,0,0,144,65535
2,6,110,111,9,0,0,145,65535
2,6,111,112,9,0,0,146,65535
2,6,112,113,9,0,0,147,65535
2,6,113,114,9,0,0,148,65535
2,6,114,115,9,0,0,149,65535
2,6,115,116,9,0,0,150,65535
2,6,116,109,9,0,0,151,65535
2,6,117,118,9,0,0,152,65535
2,6,118,119,9,0,0,153,65535
2,6,119,120,9,0,0,154,65535
2,6,120,121,9,0,0,155,65535
2,6,121,122,9,0,0,156,65535
2,6,122,123,9,0,0,157,65535
2,6,123,124,9,0,0,158,65535
2,6,124,117,9,0,0,159,65535
2,6,125,82,4,0,0,160,161
2,6,125,71,9,0,0,162,65535
2,6,75,125,9,0,0,163,65535
2,6,82,74,9,0,0,164,65535
2,6,73,126,9,0,0,165,65535
2,6,127,72,9,0,0,166,65535
2,6,126,75,9,0,0,167,65535
2,6,74,127,9,0,0,168,65535
2,6,127,126,140,2,4,169,170
2,6,67,56,36,0,0,171,172
2,6,128,56,1,0,0,173,65535
2,6,67,129,1,0,0,174,65535
2,6,128,129,36,0,0,175,176
2,6,130,131,17,0,0,177,65535
2,6,131,132,4,0,0,178,179
2,6,133,134,17,0,0,180,65535
2,6,135,136,17,0,0,181,65535
2,6,137,135,17,0,0,182,65535
2,6,132,137,17,0,0,183,65535
2,6,138,139,17,0,0,184,65535
2,6,129,140,17,0,0,185,65535
2,6,131,141,9,0,0,186,65535
2,6,142,132,9,0,0,187,65535
2,6,141,143,1,0,0,188,65535
2,6,144,142,9,0,0,189,65535
2,6,143,144,1,103,2,190,65535
2,6,140,145,17,0,0,191,65535
2,6,139,130,17,0,0,192,65535
2,6,145,138,17,0,0,193,65535
2,6,136,133,17,0,0,194,65535
2,6,134,128,17,0,0,195,65535
2,6,57,146,17,0,0,196,65535
2,6,147,52,17,0,0,197,65535
2,6,146,148,9,0,0,198,65535
2,6,149,150,4,32,0,199,200
2,6,149,151,17,0,0,201,65535
2,6,152,150,17,0,0,202,65535
2,6,153,154,17,0,0,203,65535
2,6,155,156,17,0,0,204,65535
2,6,157,158,17,0,0,205,65535
2,6,159,160,17,0,0,206,65535
2,6,160,161,1,0,0,207,65535
2,6,153,160,4,33,0,208,209
2,6,147,146,36,0,0,210,211
2,6,152,151,4,0,0,212,213
2,6,162,163,4,1,0,214,215
2,6,162,164,17,0,0,216,65535
2,6,165,163,17,0,0,217,65535
2,6,165,164,4,1,0,218,219
2,6,166,167,1,0,0,220,65535
2,6,168,169,1,0,0,221,65535
2,6,169,170,1,0,0,222,65535
2,6,171,172,1,0,0,223,65535
2,6,173,174,1,0,0,224,65535
2,6,175,176,1,0,0,225,65535
2,6,177,178,1,0,0,226,65535
2,6,179,180,1,0,0,227,65535
2,6,180,181,1,0,0,228,65535
2,6,181,182,1,0,0,229,65535
2,6,182,183,36,0,0,230,231
2,6,184,185,1,0,0,232,65535
2,6,186,187,17,103,8,233,65535
2,6,187,188,1,0,0,234,65535
2,6,188,189,1,0,0,235,65535
2,6,190,191,1,0,0,236,65535
2,6,191,192,1,0,0,237,65535
2,6,193,179,1,0,0,238,65535
2,6,194,193,36,0,0,239,240
2,6,195,168,1,0,0,241,65535
2,6,183,196,1,0,0,242,65535
2,6,197,184,1,0,0,243,65535
2,6,198,199,28,0,0,244,245
2,6,185,198,1,0,0,246,65535
2,6,199,186,1,0,0,247,65535
2,6,198,197,17,0,0,248,65535
2,6,196,197,28,0,0,249,250
2,6,192,200,1,0,0,251,65535
2,6,201,190,1,0,0,252,65535
2,6,194,201,17,0,0,253,65535
2,6,200,193,17,0,0,254,65535
2,6,200,201,36,0,0,255,256
2,6,196,199,25,0,0,257,65535
2,6,182,202,17,0,0,258,65535
2,6,203,183,17,0,0,259,65535
2,6,202,204,1,0,0,260,65535
2,6,204,205,36,31,20,261,262
2,6,205,203,1,0,0,263,65535
2,6,203,202,36,0,0,264,265
2,6,179,183,132,2,8,266,267
2,6,206,207,4,0,0,268,269
2,6,208,206,4,0,0,270,271
2,6,209,208,4,0,0,272,273
2,6,207,209,4,0,0,274,275
2,6,210,211,9,0,0,276,65535
2,6,211,162,9,0,0,277,65535
2,6,212,147,9,0,0,278,65535
2,6,163,212,9,0,0,279,65535
2,6,167,213,1,0,0,280,65535
2,6,213,165,1,0,0,281,65535
2,6,164,214,1,0,0,282,65535
2,6,214,215,1,0,0,283,65535
2,6,216,217,17,0,0,284,65535
2,6,218,219,17,0,0,285,65535
2,6,219,220,17,0,0,286,65535
2,6,220,221,17,0,0,287,65535
2,6,221,222,17,0,0,288,65535
2,6,222,223,17,0,0,289,65535
2,6,223,224,17,0,0,290,65535
2,6,224,225,17,0,0,291,65535
2,6,225,226,17,0,0,292,65535
2,6,226,227,17,0,0,293,65535
2,6,227,228,17,0,0,294,65535
2,6,228,229,1,0,0,295,65535
2,6,229,230,17,0,0,296,65535
2,6,230,231,17,0,0,297,65535
2,6,232,233,17,0,0,298,65535
2,6,233,234,17,0,0,299,65535
2,6,234,235,1,0,0,300,65535
2,6,235,236,1,0,0,301,65535
2,6,237,238,17,0,0,302,65535
2,6,238,239,17,0,0,303,65535
2,6,240,241,17,0,0,304,65535
2,6,242,243,1,0,0,305,65535
2,6,243,244,1,0,0,306,65535
2,6,245,246,17,0,0,307,65535
2,6,246,247,1,0,0,308,65535
2,6,247,248,1,0,0,309,65535
2,6,249,250,1,0,0,310,65535
2,6,250,251,1,0,0,311,65535
2,6,251,252,17,0,0,312,65535
2,6,252,253,17,0,0,313,65535
2,6,253,254,17,0,0,314,65535
2,6,254,255,17,0,0,315,65535
2,6,255,256,17,0,0,316,65535
2,6,256,257,17,0,0,317,65535
2,6,258,259,17,0,0,318,65535
2,6,259,260,17,0,0,319,65535
2,6,260,261,1,0,0,320,65535
2,6,261,262,1,0,0,321,65535
2,6,262,263,17,0,0,322,65535
2,6,263,264,17,0,0,323,65535
2,6,264,265,17,0,0,324,65535
2,6,265,266,17,0,0,325,65535
2,6,266,267,17,0,0,326,65535
2,6,267,268,17,0,0,327,65535
2,6,269,270,17,0,0,328,65535
2,6,271,272,17,0,0,329,65535
2,6,273,274,17,0,0,330,65535
2,6,274,275,17,0,0,331,65535
2,6,275,276,1,0,0,332,65535
2,6,276,277,17,0,0,333,65535
2,6,277,278,17,0,0,334,65535
2,6,279,280,17,0,0,335,65535
2,6,281,282,1,0,0,336,65535
2,6,283,281,1,0,0,337,65535
2,6,284,283,1,0,0,338,65535
2,6,285,286,1,0,0,339,65535
2,6,287,288,17,0,0,340,65535
2,6,289,290,17,0,0,341,65535
2,6,291,292,17,0,0,342,65535
2,6,292,293,1,0,0,343,65535
2,6,286,294,17,0,0,344,65535
2,6,295,296,17,0,0,345,65535
2,6,296,297,17,0,0,346,65535
2,6,297,298,17,0,0,347,65535
2,6,248,222,132,0,0,348,349
2,6,218,249,132,2,11,350,351
2,6,272,299,17,0,0,352,65535
2,6,299,300,17,0,0,353,65535
2,6,300,273,17,0,0,354,65535
2,6,273,301,132,0,0,355,356
2,6,302,301,17,0,0,357,65535
2,6,299,281,132,0,0,358,359
2,6,229,295,132,0,0,360,361
2,6,298,240,132,0,0,362,363
2,6,240,239,132,0,0,364,365
2,6,303,240,17,0,0,366,65535
2,6,304,303,17,0,0,367,65535
2,6,305,306,17,0,0,368,65535
2,6,306,304,17,0,0,369,65535
2,6,307,305,17,0,0,370,65535
2,6,239,307,17,0,0,371,65535
2,6,169,308,4,0,0,372,373
2,6,216,195,4,0,0,374,375
2,6,217,309,4,0,0,376,377
2,6,170,310,4,0,0,378,379
2,6,284,311,4,0,0,380,381
2,6,312,168,4,0,0,382,383
2,6,313,287,17,0,0,384,65535
2,6,268,271,132,0,0,385,386
2,6,270,313,132,0,0,387,388
2,6,217,314,17,0,0,389,65535
2,6,314,315,1,0,0,390,65535
2,6,315,218,17,0,0,391,65535
2,6,314,282,4,0,0,392,393
2,6,233,316,132,2,13,394,395
2,6,236,316,17,0,0,396,65535
2,6,316,237,17,0,0,397,65535
2,6,309,195,1,0,0,398,65535
2,6,282,309,17,0,0,399,65535
2,6,170,284,17,0,0,400,65535
2,6,301,317,17,0,0,401,65535
2,6,318,308,1,0,0,402,65535
2,6,310,318,17,0,0,403,65535
2,6,293,319,17,0,0,404,65535
2,6,319,258,17,0,0,405,65535
2,6,320,232,1,0,0,406,65535
2,6,231,320,17,0,0,407,65535
2,6,294,321,17,0,0,408,65535
2,6,322,291,17,0,0,409,65535
2,6,323,269,17,0,0,410,65535
2,6,290,324,17,0,0,411,65535
2,6,324,325,17,0,0,412,65535
2,6,325,326,1,0,0,413,65535
2,6,290,269,36,0,0,414,415
2,6,323,324,36,0,0,416,417
2,6,286,291,132,2,12,418,419
2,6,327,245,1,0,0,420,65535
2,6,244,328,1,0,0,421,65535
2,6,328,329,1,0,0,422,65535
2,6,330,327,1,0,0,423,65535
2,6,329,330,1,0,0,424,65535
2,6,327,328,36,0,0,425,426
2,6,244,245,36,0,0,427,428
2,6,326,323,1,0,0,429,65535
2,6,331,171,1,0,0,430,65535
2,6,332,333,4,1,16,431,432
2,6,334,335,4,1,0,433,434
2,6,336,337,4,1,0,435,436
2,6,338,339,1,0,0,437,65535
2,6,340,341,1,0,0,438,65535
2,6,342,343,1,0,0,439,65535
2,6,343,344,1,0,0,440,65535
2,6,345,346,1,0,0,441,65535
2,6,346,347,36,0,0,442,443
2,6,347,348,1,0,0,444,65535
2,6,349,350,1,0,0,445,65535
2,6,350,351,1,0,0,446,65535
2,6,352,340,1,0,0,447,65535
2,6,353,354,1,0,0,448,65535
2,6,354,355,1,0,0,449,65535
2,6,341,356,17,0,0,450,65535
2,6,344,357,17,0,0,451,65535
2,6,358,345,17,0,0,452,65535
2,6,346,359,17,0,0,453,65535
2,6,360,347,17,0,0,454,65535
2,6,348,361,17,0,0,455,65535
2,6,362,349,17,0,0,456,65535
2,6,355,363,17,0,0,457,65535
2,6,364,365,17,0,0,458,65535
2,6,360,359,36,0,0,459,460
2,6,366,364,1,0,0,461,65535
2,6,363,367,1,0,0,462,65535
2,6,367,366,1,0,0,463,65535
2,6,368,353,17,0,0,464,65535
2,6,351,369,17,0,0,465,65535
2,6,369,368,17,0,0,466,65535
2,6,361,370,1,0,0,467,65535
2,6,370,371,1,0,0,468,65535
2,6,371,362,1,0,0,469,65535
2,6,359,372,17,0,0,470,65535
2,6,372,373,17,0,0,471,65535
2,6,373,360,17,0,0,472,65535
2,6,357,374,1,0,0,473,65535
2,6,374,375,1,0,0,474,65535
2,6,375,358,1,0,0,475,65535
2,6,356,376,17,0,0,476,65535
2,6,376,377,17,0,0,477,65535
2,6,377,342,17,0,0,478,65535
2,6,378,379,4,2,18,479,480
2,6,380,381,4,2,18,481,482
2,6,365,382,1,0,0,483,65535
2,6,342,356,36,0,0,484,485
2,6,379,380,4,2,18,486,487
2,6,381,378,4,2,18,488,489
2,6,332,383,17,0,0,490,65535
2,6,384,333,17,0,0,491,65535
2,6,384,383,4,1,16,492,493
2,6,385,386,4,1,0,494,495
2,6,387,388,4,1,0,496,497
2,6,385,335,17,0,0,498,65535
2,6,334,386,17,0,0,499,65535
2,6,387,337,17,0,0,500,65535
2,6,336,388,17,0,0,501,65535
2,6,389,390,4,0,0,502,503
2,6,390,391,17,0,0,504,65535
2,6,392,393,17,0,0,505,65535
2,6,389,394,1,0,0,506,65535
2,6,394,395,1,0,0,507,65535
2,6,395,390,1,0,0,508,65535
2,6,396,397,1,0,0,509,65535
2,6,398,399,5,0,0,510,511
2,6,400,398,5,0,0,512,513
2,6,391,400,17,0,0,514,65535
2,6,399,401,5,0,0,515,516
2,6,400,401,9,0,0,517,65535
2,6,393,402,5,0,0,518,519
2,6,402,389,5,0,0,520,521
2,6,403,389,9,0,0,522,65535
2,6,393,403,9,0,0,523,65535
2,6,404,405,9,0,0,524,65535
2,6,405,396,1,0,0,525,65535
2,6,406,404,1,0,0,526,65535
2,6,406,396,4,0,0,527,528
2,6,407,408,1,0,0,529,65535
2,6,409,312,1,0,0,530,65535
2,6,410,177,1,0,0,531,65535
2,6,178,166,1,0,0,532,65535
2,6,411,194,1,0,0,533,65535
2,6,401,412,17,0,0,534,65535
2,6,412,406,1,0,0,535,65535
2,6,189,413,1,0,0,536,65535
2,6,413,414,36,0,0,537,538
2,6,414,409,1,0,0,539,65535
2,6,415,416,36,0,0,540,541
2,6,413,416,1,0,0,542,65535
2,6,415,414,1,0,0,543,65535
2,6,416,417,1,0,0,544,65535
2,6,417,418,1,0,0,545,65535
2,6,418,415,1,0,0,546,65535
2,6,308,407,1,0,0,547,65535
2,6,419,420,17,0,0,548,65535
2,6,421,422,17,0,0,549,65535
2,6,423,424,1,0,0,550,65535
2,6,424,425,1,0,0,551,65535
2,6,425,426,1,0,0,552,65535
2,6,426,427,1,0,0,553,65535
2,6,428,429,1,0,0,554,65535
2,6,429,430,1,0,0,555,65535
2,6,430,431,1,0,0,556,65535
2,6,431,432,1,0,0,557,65535
2,6,433,434,17,0,0,558,65535
2,6,435,436,17,0,0,559,65535
2,6,435,422,4,1,0,560,561
2,6,421,436,4,1,0,562,563
2,6,433,420,4,1,0,564,565
2,6,419,434,4,1,0,566,567
2,6,437,438,4,2,21,568,569
2,6,432,423,4,2,21,570,571
2,6,427,439,1,0,0,572,65535
2,6,439,387,1,0,0,573,65535
2,6,388,440,1,0,0,574,65535
2,6,440,428,1,0,0,575,65535
2,6,438,441,1,0,0,576,65535
2,6,441,385,1,0,0,577,65535
2,6,386,442,1,0,0,578,65535
2,6,442,437,1,0,0,579,65535
2,6,443,444,1,0,0,580,65535
2,6,444,334,1,0,0,581,65535
2,6,445,446,1,0,0,582,65535
2,6,446,336,1,0,0,583,65535
2,6,447,175,1,0,0,584,65535
2,6,337,447,1,0,0,585,65535
2,6,335,448,1,0,0,586,65535
2,6,448,173,1,0,0,587,65535
2,6,449,443,1,0,0,588,65535
2,6,172,449,1,0,0,589,65535
2,6,174,450,1,0,0,590,65535
2,6,450,451,1,0,0,591,65535
2,6,420,452,1,0,0,592,65535
2,6,453,421,1,0,0,593,65535
2,6,454,433,1,0,0,594,65535
2,6,436,455,1,0,0,595,65535
2,6,456,438,1,0,0,596,65535
2,6,434,456,1,0,0,597,65535
2,6,432,457,1,0,0,598,65535
2,6,457,435,1,0,0,599,65535
2,6,422,458,1,0,0,600,65535
2,6,458,423,1,0,0,601,65535
2,6,437,459,1,0,0,602,65535
2,6,459,419,1,0,0,603,65535
2,6,157,156,4,27,0,604,605
2,6,156,460,1,0,0,606,65535
2,6,461,157,1,0,0,607,65535
2,6,460,462,1,0,0,608,65535
2,6,463,461,1,0,0,609,65535
2,6,464,465,1,0,0,610,65535
2,6,465,466,1,11,0,611,65535
2,6,466,467,1,0,0,612,65535
2,6,467,463,1,0,0,613,65535
2,6,462,464,1,0,0,614,65535
2,6,293,468,132,2,12,615,616
2,6,469,410,1,0,0,617,65535
2,6,176,469,1,0,0,618,65535
2,6,341,343,36,0,0,619,620
2,6,350,354,36,0,0,621,622
2,6,353,351,36,0,0,623,624
2,6,382,470,1,0,0,625,65535
2,6,470,471,17,0,0,626,65535
2,6,471,472,17,0,0,627,65535
2,6,472,338,17,0,0,628,65535
2,6,338,470,36,0,0,629,630
2,6,382,339,36,0,0,631,632
2,6,473,474,17,0,0,633,65535
2,6,475,476,1,0,0,634,65535
2,6,476,473,1,0,0,635,65535
2,6,477,352,1,0,0,636,65535
2,6,478,477,1,0,0,637,65535
2,6,479,478,17,0,0,638,65535
2,6,474,480,1,0,0,639,65535
2,6,481,479,1,0,0,640,65535
2,6,480,482,1,0,0,641,65535
2,6,483,481,1,0,0,642,65535
2,6,481,480,4,0,0,643,644
2,6,473,478,4,1,0,645,646
2,6,476,477,12,0,0,647,648
2,6,479,474,4,1,0,649,650
2,6,484,483,1,0,0,651,65535
2,6,485,486,1,0,0,652,65535
2,6,487,485,1,0,0,653,65535
2,6,488,489,1,0,0,654,65535
2,6,490,488,1,0,0,655,65535
2,6,491,492,1,0,0,656,65535
2,6,482,493,1,0,0,657,65535
2,6,452,494,1,0,0,658,65535
2,6,494,495,17,0,0,659,65535
2,6,495,496,1,0,0,660,65535
2,6,496,497,1,0,0,661,65535
2,6,497,498,1,0,0,662,65535
2,6,499,453,1,0,0,663,65535
2,6,500,499,17,0,0,664,65535
2,6,501,500,1,0,0,665,65535
2,6,502,501,1,0,0,666,65535
2,6,503,502,1,0,0,667,65535
2,6,452,453,4,0,0,668,669
2,6,500,495,4,31,0,670,671
2,6,501,496,4,0,0,672,673
2,6,494,499,4,0,0,674,675
2,6,504,505,1,0,0,676,65535
2,6,486,506,1,0,0,677,65535
2,6,507,490,1,0,0,678,65535
2,6,498,503,4,0,0,679,680
2,6,487,489,4,0,0,681,682
2,6,508,509,4,0,0,683,684
2,6,510,511,4,0,0,685,686
2,6,512,513,4,0,0,687,688
2,6,485,488,4,0,0,689,690
2,6,454,452,4,0,0,691,692
2,6,453,455,4,0,0,693,694
2,6,489,509,1,0,0,695,65535
2,6,508,487,1,0,0,696,65535
2,6,498,512,1,0,0,697,65535
2,6,511,513,1,0,0,698,65535
2,6,509,511,1,0,0,699,65535
2,6,510,508,1,0,0,700,65535
2,6,513,503,1,0,0,701,65535
2,6,512,510,1,0,0,702,65535
2,6,514,515,17,0,0,703,65535
2,6,516,517,1,0,0,704,65535
2,6,517,514,1,0,0,705,65535
2,6,518,519,1,0,0,706,65535
2,6,520,518,1,0,0,707,65535
2,6,521,520,17,0,0,708,65535
2,6,515,522,1,0,0,709,65535
2,6,523,521,1,0,0,710,65535
2,6,522,524,1,0,0,711,65535
2,6,525,523,1,0,0,712,65535
2,6,523,522,12,0,0,713,714
2,6,514,520,4,1,0,715,716
2,6,521,515,4,1,0,717,718
2,6,526,475,1,0,0,719,65535
2,6,339,526,1,0,0,720,65535
2,6,527,528,17,0,0,721,65535
2,6,529,530,17,0,0,722,65535
2,6,530,531,17,0,0,723,65535
2,6,531,532,1,0,0,724,65535
2,6,533,527,17,0,0,725,65535
2,6,534,533,1,0,0,726,65535
2,6,535,504,1,0,0,727,65535
2,6,506,536,1,0,0,728,65535
2,6,536,535,12,0,0,729,730
2,6,532,534,4,0,0,731,732
2,6,537,538,17,0,0,733,65535
2,6,539,540,1,0,0,734,65535
2,6,540,537,17,0,0,735,65535
2,6,541,542,1,0,0,736,65535
2,6,543,541,17,0,0,737,65535
2,6,544,543,17,0,0,738,65535
2,6,538,545,1,0,0,739,65535
2,6,546,544,1,0,0,740,65535
2,6,545,507,1,0,0,741,65535
2,6,492,546,1,0,0,742,65535
2,6,537,543,4,27,0,743,744
2,6,540,541,4,0,0,745,746
2,6,544,538,4,1,0,747,748
2,6,547,548,17,0,0,749,65535
2,6,549,550,17,0,0,750,65535
2,6,550,551,1,0,0,751,65535
2,6,547,550,4,27,0,752,753
2,6,549,548,4,27,0,754,755
2,6,552,553,36,0,0,756,757
2,6,554,555,36,0,0,758,759
2,6,556,557,1,0,0,760,65535
2,6,557,558,44,23,7,761,762
2,6,558,559,1,0,0,763,65535
2,6,559,560,1,0,0,764,65535
2,6,560,554,36,0,0,765,766
2,6,561,556,1,0,0,767,65535
2,6,553,561,36,0,0,768,769
2,6,562,155,1,0,0,770,65535
2,6,158,563,1,0,0,771,65535
2,6,155,158,4,27,0,772,773
2,6,159,154,4,0,0,774,775
2,6,564,565,6,0,0,776,777
2,6,566,567,6,0,0,778,779
2,6,567,564,6,0,0,780,781
2,6,565,566,6,0,0,782,783
2,6,568,569,6,0,0,784,785
2,6,570,551,12,0,0,786,787
2,6,555,571,1,0,0,788,65535
2,6,571,549,1,0,0,789,65535
2,6,548,572,1,0,0,790,65535
2,6,572,552,1,0,0,791,65535
2,6,573,574,1,0,0,792,65535
2,6,575,576,1,0,0,793,65535
2,6,574,568,1,0,0,794,65535
2,6,569,575,1,0,0,795,65535
2,6,524,569,1,0,0,796,65535
2,6,568,525,1,0,0,797,65535
2,6,571,572,4,0,0,798,799
2,6,577,578,17,0,0,800,65535
2,6,579,580,17,0,0,801,65535
2,6,578,581,17,0,0,802,65535
2,6,582,583,1,0,0,803,65535
2,6,583,584,1,0,0,804,65535
2,6,584,579,17,0,0,805,65535
2,6,581,584,4,0,0,806,807
2,6,585,577,17,0,0,808,65535
2,6,580,586,17,0,0,809,65535
2,6,570,547,1,0,0,810,65535
2,6,587,558,1,0,0,811,65535
2,6,560,587,1,0,0,812,65535
2,6,557,588,1,0,0,813,65535
2,6,588,561,1,0,0,814,65535
2,6,589,585,4,0,0,815,816
2,6,553,590,17,0,0,817,65535
2,6,590,591,17,0,0,818,65535
2,6,591,589,17,0,0,819,65535
2,6,589,553,17,0,0,820,65535
2,6,586,592,4,0,0,821,822
2,6,593,590,4,0,0,823,824
2,6,593,554,17,0,0,825,65535
2,6,592,594,17,0,0,826,65535
2,6,594,593,17,0,0,827,65535
2,6,554,592,17,0,0,828,65535
2,6,586,595,17,0,0,829,65535
2,6,595,555,17,0,0,830,65535
2,6,596,516,1,0,0,831,65535
2,6,597,585,17,0,0,832,65535
2,6,552,597,17,0,0,833,65535
2,6,581,598,1,0,0,834,65535
2,6,598,599,1,0,0,835,65535
2,6,599,600,4,1,0,836,837
2,6,600,601,1,0,0,838,65535
2,6,601,582,1,0,0,839,65535
2,6,602,603,1,0,0,840,65535
2,6,603,604,1,0,0,841,65535
2,6,604,605,1,0,0,842,65535
2,6,605,606,1,0,0,843,65535
2,6,606,607,1,0,0,844,65535
2,6,607,608,1,0,0,845,65535
2,6,608,609,1,0,0,846,65535
2,6,609,610,1,0,0,847,65535
2,6,519,611,1,0,0,848,65535
2,6,611,612,36,0,0,849,850
2,6,612,613,1,0,0,851,65535
2,6,614,615,1,0,0,852,65535
2,6,615,616,1,0,0,853,65535
2,6,616,617,1,0,0,854,65535
2,6,617,618,1,0,0,855,65535
2,6,618,619,1,0,0,856,65535
2,6,619,620,1,0,0,857,65535
2,6,620,621,1,0,0,858,65535
2,6,621,622,1,0,0,859,65535
2,6,602,621,4,0,0,860,861
2,6,603,620,4,0,0,862,863
2,6,604,619,4,0,0,864,865
2,6,605,618,4,0,0,866,867
2,6,606,617,4,0,0,868,869
2,6,607,616,4,0,0,870,871
2,6,608,615,4,0,0,872,873
2,6,609,614,4,0,0,874,875
2,6,623,614,1,0,0,876,65535
2,6,611,624,17,2,15,877,65535
2,6,624,625,1,0,0,878,65535
2,6,625,623,1,0,0,879,65535
2,6,610,626,1,0,0,880,65535
2,6,626,627,1,0,0,881,65535
2,6,627,612,17,2,15,882,65535
2,6,627,624,4,0,0,883,884
2,6,626,625,36,2,9,885,886
2,6,599,628,17,0,0,887,65535
2,6,629,600,17,0,0,888,65535
2,6,628,602,1,0,0,889,65535
2,6,622,629,1,0,0,890,65535
2,6,629,628,4,1,0,891,892
2,6,613,630,1,0,0,893,65535
2,6,630,570,1,0,0,894,65535
2,6,551,631,1,0,0,895,65535
2,6,631,596,1,0,0,896,65535
2,6,632,633,1,0,0,897,65535
2,6,634,635,1,0,0,898,65535
2,6,636,637,1,0,0,899,65535
2,6,638,636,1,0,0,900,65535
2,6,639,638,1,0,0,901,65535
2,6,640,639,1,0,0,902,65535
2,6,641,640,1,0,0,903,65535
2,6,642,643,1,0,0,904,65535
2,6,644,645,1,0,0,905,65535
2,6,637,644,1,0,0,906,65535
2,6,542,646,1,0,0,907,65535
2,6,646,647,1,0,0,908,65535
2,6,647,632,1,0,0,909,65535
2,6,635,648,1,0,0,910,65535
2,6,648,649,1,0,0,911,65535
2,6,649,539,1,0,0,912,65535
2,6,636,649,132,0,0,913,914
2,6,648,637,132,0,0,915,916
2,6,646,638,132,0,0,917,918
2,6,639,647,132,0,0,919,920
2,6,643,650,1,0,0,921,65535
2,6,645,651,17,0,0,922,65535
2,6,652,641,17,0,0,923,65535
2,6,652,653,132,0,0,924,925
2,6,653,651,132,0,0,926,927
2,6,633,654,1,0,0,928,65535
2,6,654,655,1,0,0,929,65535
2,6,655,634,1,0,0,930,65535
2,6,645,655,132,2,15,931,932
2,6,654,641,132,2,15,933,934
2,6,650,656,1,0,0,935,65535
2,6,656,657,1,0,0,936,65535
2,6,657,652,1,0,0,937,65535
2,6,651,658,1,0,0,938,65535
2,6,658,659,1,0,0,939,65535
2,6,659,660,1,0,0,940,65535
2,6,661,642,132,0,0,941,942
2,6,643,661,132,0,0,943,944
2,6,650,662,132,0,0,945,946
2,6,662,656,132,0,0,947,948
2,6,663,659,132,0,0,949,950
2,6,664,657,132,0,0,951,952
2,6,658,664,132,0,0,953,954
2,6,660,642,1,0,0,955,65535
2,6,660,663,132,0,0,956,957
2,6,665,666,1,0,0,958,65535
2,6,666,667,1,0,0,959,65535
2,6,668,669,17,0,0,960,65535
2,6,670,665,1,0,0,961,65535
2,6,669,671,1,0,0,962,65535
2,6,672,673,1,0,0,963,65535
2,6,673,674,17,0,0,964,65535
2,6,675,676,1,0,0,965,65535
2,6,676,677,1,0,0,966,65535
2,6,677,678,1,0,0,967,65535
2,6,668,674,4,0,0,968,969
2,6,673,669,4,0,0,970,971
2,6,679,680,12,2,17,972,973
2,6,681,672,1,0,0,974,65535
2,6,671,682,1,0,0,975,65535
2,6,682,681,17,61,19,976,65535
2,6,680,683,1,0,0,977,65535
2,6,683,670,1,0,0,978,65535
2,6,667,684,1,0,0,979,65535
2,6,685,675,1,0,0,980,65535
2,6,678,686,1,0,0,981,65535
2,6,686,679,1,0,0,982,65535
2,6,684,687,1,0,0,983,65535
2,6,687,668,1,0,0,984,65535
2,6,674,688,1,0,0,985,65535
2,6,688,685,1,0,0,986,65535
2,6,687,688,28,0,0,987,988
2,6,468,689,17,0,0,989,65535
2,6,689,690,1,0,0,990,65535
2,6,690,691,17,0,0,991,65535
2,6,691,692,1,0,0,992,65535
2,6,692,693,1,0,0,993,65535
2,6,694,285,17,0,0,994,65535
2,6,695,696,1,0,0,995,65535
2,6,696,697,17,0,0,996,65535
2,6,697,694,1,0,0,997,65535
2,6,698,695,1,0,0,998,65535
2,6,693,699,1,0,0,999,65535
2,6,699,700,1,0,0,1000,65535
2,6,700,701,1,0,0,1001,65535
2,6,701,702,1,0,0,1002,65535
2,6,702,703,1,0,0,1003,65535
2,6,703,704,1,0,0,1004,65535
2,6,704,705,1,0,0,1005,65535
2,6,706,707,1,0,0,1006,65535
2,6,707,708,1,0,0,1007,65535
2,6,708,709,1,0,0,1008,65535
2,6,709,710,1,0,0,1009,65535
2,6,711,712,1,0,0,1010,65535
2,6,712,713,1,0,0,1011,65535
2,6,713,714,1,0,0,1012,65535
2,6,714,715,1,0,0,1013,65535
2,6,715,716,1,0,0,1014,65535
2,6,716,717,1,0,0,1015,65535
2,6,717,718,1,0,0,1016,65535
2,6,718,719,1,0,0,1017,65535
2,6,719,720,1,0,0,1018,65535
2,6,720,721,1,0,0,1019,65535
2,6,721,722,1,0,0,1020,65535
2,6,722,723,1,0,0,1021,65535
2,6,723,724,1,0,0,1022,65535
2,6,725,726,1,0,0,1023,65535
2,6,726,727,1,0,0,1024,65535
2,6,727,728,1,0,0,1025,65535
2,6,728,729,1,0,0,1026,65535
2,6,730,731,1,0,0,1027,65535
2,6,731,698,1,0,0,1028,65535
2,6,690,697,4,1,0,1029,1030
2,6,696,691,4,1,0,1031,1032
2,6,695,692,4,0,0,1033,1034
2,6,689,694,12,0,0,1035,1036
2,6,732,733,1,0,0,1037,65535
2,6,733,734,1,0,0,1038,65535
2,6,734,735,1,0,0,1039,65535
2,6,736,737,1,0,0,1040,65535
2,6,737,738,1,0,0,1041,65535
2,6,738,739,17,0,0,1042,65535
2,6,739,740,1,0,0,1043,65535
2,6,740,741,1,0,0,1044,65535
2,6,741,742,1,0,0,1045,65535
2,6,742,743,1,0,0,1046,65535
2,6,743,744,1,0,0,1047,65535
2,6,744,745,1,0,0,1048,65535
2,6,745,746,1,0,0,1049,65535
2,6,747,748,1,0,0,1050,65535
2,6,748,749,1,0,0,1051,65535
2,6,749,750,1,0,0,1052,65535
2,6,750,751,1,0,0,1053,65535
2,6,751,752,1,0,0,1054,65535
2,6,752,753,1,0,0,1055,65535
2,6,753,754,1,0,0,1056,65535
2,6,755,756,1,0,0,1057,65535
2,6,757,758,1,0,0,1058,65535
2,6,758,759,1,0,0,1059,65535
2,6,759,760,1,0,0,1060,65535
2,6,760,761,1,0,0,1061,65535
2,6,761,762,1,0,0,1062,65535
2,6,762,763,1,0,0,1063,65535
2,6,763,764,1,0,0,1064,65535
2,6,764,765,1,0,0,1065,65535
2,6,765,766,1,0,0,1066,65535
2,6,767,768,1,0,0,1067,65535
2,6,768,769,1,0,0,1068,65535
2,6,770,771,1,0,0,1069,65535
2,6,735,754,132,0,0,1070,1071
2,6,753,736,132,0,0,1072,1073
2,6,746,747,1,0,0,1074,65535
2,6,772,773,1,0,0,1075,65535
2,6,773,730,1,0,0,1076,65535
2,6,729,773,132,0,0,1077,1078
2,6,774,770,1,0,0,1079,65535
2,6,769,774,1,0,0,1080,65535
2,6,771,732,132,0,0,1081,1082
2,6,754,775,1,0,0,1083,65535
2,6,775,776,1,0,0,1084,65535
2,6,776,755,1,0,0,1085,65535
2,6,705,777,1,0,0,1086,65535
2,6,724,777,132,0,0,1087,1088
2,6,699,725,132,0,0,1089,1090
2,6,705,700,132,0,0,1091,1092
2,6,778,757,1,0,0,1093,65535
2,6,766,779,1,0,0,1094,65535
2,6,779,780,17,0,0,1095,65535
2,6,780,767,1,0,0,1096,65535
2,6,756,781,1,0,0,1097,65535
2,6,781,778,17,0,0,1098,65535
2,6,710,782,1,0,0,1099,65535
2,6,782,711,1,0,0,1100,65535
2,6,708,782,132,2,5,1101,1102
2,6,777,783,17,0,0,1103,65535
2,6,783,784,1,0,0,1104,65535
2,6,785,786,1,0,0,1105,65535
2,6,784,787,1,0,0,1106,65535
2,6,787,788,1,0,0,1107,65535
2,6,788,785,17,0,0,1108,65535
2,6,788,783,36,0,0,1109,1110
2,6,777,785,36,0,0,1111,1112
2,6,737,745,132,2,6,1113,1114
2,6,771,789,17,0,0,1115,65535
2,6,789,790,1,0,0,1116,65535
2,6,790,791,1,0,0,1117,65535
2,6,791,792,1,0,0,1118,65535
2,6,792,793,1,0,0,1119,65535
2,6,793,772,17,0,0,1120,65535
2,6,793,789,36,0,0,1121,1122
2,6,771,772,36,0,0,1123,1124
2,6,215,794,1,0,0,1125,65535
2,6,794,795,4,0,0,1126,1127
2,6,795,411,1,0,0,1128,65535
2,6,796,795,17,0,0,1129,65535
2,6,794,797,17,0,0,1130,65535
2,6,797,798,1,0,0,1131,65535
2,6,798,799,1,0,0,1132,65535
2,6,799,796,1,0,0,1133,65535
2,6,796,797,4,0,0,1134,1135
2,6,493,800,1,0,0,1136,65535
2,6,800,801,44,0,0,1137,1138
2,6,801,573,1,0,0,1139,65535
2,6,802,801,17,0,0,1140,65535
2,6,803,802,1,0,0,1141,65535
2,6,800,804,17,0,0,1142,65535
2,6,804,805,1,0,0,1143,65535
2,6,805,803,1,0,0,1144,65535
2,6,802,804,36,0,0,1145,1146
2,6,576,806,1,0,0,1147,65535
2,6,806,807,17,0,0,1148,65535
2,6,807,808,1,0,0,1149,65535
2,6,808,809,1,0,0,1150,65535
2,6,809,810,1,0,0,1151,65535
2,6,810,811,17,0,0,1152,65535
2,6,811,491,1,0,0,1153,65535
2,6,806,811,44,0,0,1154,1155
2,6,810,807,36,0,0,1156,1157
2,6,505,812,1,0,0,1158,65535
2,6,812,813,17,0,0,1159,65535
2,6,813,814,1,0,0,1160,65535
2,6,814,815,1,0,0,1161,65535
2,6,815,816,1,0,0,1162,65535
2,6,816,817,17,0,0,1163,65535
2,6,817,484,1,0,0,1164,65535
2,6,812,817,44,0,0,1165,1166
2,6,816,813,36,0,0,1167,1168
2,6,27,40,1,0,0,1169,65535
2,6,37,31,1,0,0,1170,65535
2,6,64,818,9,0,0,1171,65535
2,6,818,819,1,0,0,1172,65535
2,6,819,66,9,0,0,1173,65535
2,6,65,820,9,0,0,1174,65535
2,6,820,821,1,0,0,1175,65535
2,6,821,61,9,0,0,1176,65535
2,6,822,823,1,0,0,1177,65535
2,6,312,824,1,0,0,1178,65535
2,6,824,216,17,0,0,1179,65535
2,6,825,80,9,0,0,1180,65535
2,6,823,826,9,0,0,1181,65535
2,6,826,825,1,0,0,1182,65535
2,6,81,827,9,0,0,1183,65535
2,6,827,828,1,0,0,1184,65535
2,6,828,822,9,0,0,1185,65535
2,6,270,271,25,0,0,1186,65535
2,6,679,829,1,0,0,1187,65535
2,6,829,529,1,0,0,1188,65535
2,6,528,830,1,0,0,1189,65535
2,6,830,680,1,0,0,1190,65535
2,6,830,829,132,73,14,1191,1192
2,6,491,490,12,0,0,1193,1194
2,6,573,576,12,0,0,1195,1196
2,6,484,493,12,0,0,1197,1198
2,6,486,505,12,74,14,1199,1200
2,6,831,149,1,0,0,1201,65535
2,6,832,210,1,0,0,1202,65535
2,6,833,832,17,0,0,1203,65535
2,6,150,833,1,0,0,1204,65535
2,6,148,834,1,0,0,1205,65535
2,6,834,831,17,0,0,1206,65535
2,6,151,835,9,0,0,1207,65535
2,6,835,836,9,0,0,1208,65535
2,6,836,837,9,0,0,1209,65535
2,6,837,838,9,0,0,1210,65535
2,6,838,839,17,0,0,1211,65535
2,6,839,153,1,0,0,1212,65535
2,6,840,841,9,0,0,1213,65535
2,6,842,840,9,0,0,1214,65535
2,6,843,842,9,0,0,1215,65535
2,6,161,843,25,0,0,1216,65535
2,6,841,152,9,0,0,1217,65535
2,6,154,844,1,0,0,1218,65535
2,6,844,845,9,0,0,1219,65535
2,6,845,846,9,0,0,1220,65535
2,6,846,847,9,0,0,1221,65535
2,6,847,562,25,0,0,1222,65535
2,6,563,848,25,0,0,1223,65535
2,6,848,849,9,0,0,1224,65535
2,6,849,850,9,0,0,1225,65535
2,6,850,851,9,0,0,1226,65535
2,6,851,159,1,0,0,1227,65535
2,6,311,310,17,0,0,1228,65535
2,6,280,302,1,0,0,1229,65535
2,6,278,279,1,0,0,1230,65535
2,6,321,289,17,0,0,1231,65535
2,6,288,322,17,0,0,1232,65535
2,6,257,468,17,0,0,1233,65535
2,6,241,852,17,0,0,1234,65535
2,6,852,853,17,0,0,1235,65535
2,6,853,242,17,0,0,1236,65535
2,6,451,445,1,0,0,1237,65535
2,6,317,854,17,0,0,1238,65535
2,6,854,311,17,0,0,1239,65535
2,6,283,317,132,0,0,1240,1241
2,6,268,855,17,0,0,1242,65535
2,6,855,856,1,0,0,1243,65535
2,6,856,857,17,48,0,1244,65535
2,6,857,858,1,0,0,1245,65535
2,6,858,313,17,0,0,1246,65535
2,6,248,859,17,0,0,1247,65535
2,6,859,860,1,0,0,1248,65535
2,6,860,861,17,48,0,1249,65535
2,6,861,862,1,0,0,1250,65535
2,6,862,249,17,0,0,1251,65535
2,6,298,863,17,0,0,1252,65535
2,6,863,864,17,0,0,1253,65535
2,6,864,865,17,48,0,1254,65535
2,6,865,866,17,0,0,1255,65535
2,6,866,295,17,0,0,1256,65535
2,6,786,867,1,0,0,1257,65535
2,6,724,868,1,0,0,1258,65535
2,6,868,869,1,0,0,1259,65535
2,6,869,870,1,48,0,1260,65535
2,6,870,871,1,0,0,1261,65535
2,6,871,725,1,0,0,1262,65535
2,6,729,872,1,0,0,1263,65535
2,6,872,873,1,0,0,1264,65535
2,6,873,874,17,48,0,1265,65535
2,6,874,875,1,0,0,1266,65535
2,6,875,732,1,0,0,1267,65535
2,6,735,876,17,0,0,1268,65535
2,6,876,877,1,0,0,1269,65535
2,6,877,878,17,48,0,1270,65535
2,6,878,879,1,0,0,1271,65535
2,6,879,736,17,0,0,1272,65535
2,6,517,518,12,0,0,1273,1274
2,6,598,601,12,0,0,1275,1276
2,6,532,880,17,0,0,1277,65535
2,6,881,534,17,0,0,1278,65535
2,6,881,880,4,1,0,1279,1280
2,6,880,535,1,0,0,1281,65535
2,6,536,881,1,0,0,1282,65535
2,6,528,529,4,0,0,1283,1284
2,6,531,533,4,0,0,1285,1286
2,6,867,706,1,0,0,1287,65535
2,6,204,882,17,0,0,1288,65535
2,6,883,205,17,0,0,1289,65535
2,6,882,884,1,0,0,1290,65535
2,6,884,885,1,0,0,1291,65535
2,6,885,883,1,0,0,1292,65535
2,6,883,882,36,0,0,1293,1294
2,6,855,858,4,0,0,1295,1296
2,6,859,862,4,0,0,1297,1298
2,6,863,866,4,0,0,1299,1300
2,6,868,871,4,0,0,1301,1302
2,6,872,875,4,0,0,1303,1304
2,6,876,879,4,0,0,1305,1306
2,6,464,467,4,0,0,1307,1308
2,6,455,454,17,103,22,1309,65535
2,6,397,384,1,0,0,1310,65535
2,6,333,331,1,0,0,1311,65535
2,6,408,332,1,0,0,1312,65535
2,6,383,392,1,0,0,1313,65535
2,6,781,780,196,0,0,1314,1315
2,6,778,779,196,0,0,1316,1317
2,6,397,392,4,0,0,1318,1319
2,6,574,575,6,0,0,1320,1321
2,6,831,833,4,0,0,1322,1323
