episode,mission,vertex_1,vertex_2,flags,action_special,sector_tag,front_side,back_side
2,7,0,1,1,0,0,0,65535
2,7,2,3,1,0,0,1,65535
2,7,4,5,1,0,0,2,65535
2,7,5,6,1,0,0,3,65535
2,7,7,8,1,0,0,4,65535
2,7,3,9,1,0,0,5,65535
2,7,9,10,1,0,0,6,65535
2,7,10,11,1,0,0,7,65535
2,7,11,12,1,0,0,8,65535
2,7,12,13,1,0,0,9,65535
2,7,13,14,1,0,0,10,65535
2,7,15,16,1,0,0,11,65535
2,7,17,15,1,0,0,12,65535
2,7,18,17,1,0,0,13,65535
2,7,19,18,1,0,0,14,65535
2,7,20,19,1,0,0,15,65535
2,7,21,20,1,0,0,16,65535
2,7,22,21,1,0,0,17,65535
2,7,23,24,1,0,0,18,65535
2,7,25,23,1,0,0,19,65535
2,7,26,25,1,0,0,20,65535
2,7,27,26,1,0,0,21,65535
2,7,28,29,1,0,0,22,65535
2,7,30,31,1,0,0,23,65535
2,7,32,33,1,0,0,24,65535
2,7,34,35,1,0,0,25,65535
2,7,36,37,1,0,0,26,65535
2,7,38,39,1,0,0,27,65535
2,7,40,41,1,0,0,28,65535
2,7,41,42,1,0,0,29,65535
2,7,43,44,1,0,0,30,65535
2,7,45,46,1,0,0,31,65535
2,7,47,48,29,0,0,32,33
2,7,49,50,29,0,0,34,35
2,7,51,52,1,0,0,36,65535
2,7,53,54,1,0,0,37,65535
2,7,55,56,1,0,0,38,65535
2,7,57,58,1,0,0,39,65535
2,7,58,59,1,0,0,40,65535
2,7,59,60,1,0,0,41,65535
2,7,61,62,1,0,0,42,65535
2,7,63,64,1,0,0,43,65535
2,7,65,63,1,0,0,44,65535
2,7,66,65,1,0,0,45,65535
2,7,67,68,1,0,0,46,65535
2,7,69,67,1,0,0,47,65535
2,7,70,69,1,0,0,48,65535
2,7,71,72,1,0,0,49,65535
2,7,73,71,1,0,0,50,65535
2,7,74,73,1,0,0,51,65535
2,7,75,74,1,0,0,52,65535
2,7,76,77,1,0,0,53,65535
2,7,78,79,1,0,0,54,65535
2,7,80,81,1,0,0,55,65535
2,7,82,83,1,0,0,56,65535
2,7,83,78,1,0,0,57,65535
2,7,84,82,1,0,0,58,65535
2,7,81,85,1,0,0,59,65535
2,7,86,84,1,0,0,60,65535
2,7,85,87,1,0,0,61,65535
2,7,88,89,1,0,0,62,65535
2,7,87,90,1,0,0,63,65535
2,7,91,88,1,0,0,64,65535
2,7,92,91,1,0,0,65,65535
2,7,90,93,1,0,0,66,65535
2,7,94,92,1,0,0,67,65535
2,7,93,95,1,0,0,68,65535
2,7,95,96,1,0,0,69,65535
2,7,96,97,1,0,0,70,65535
2,7,97,98,1,0,0,71,65535
2,7,99,100,1,0,0,72,65535
2,7,100,101,1,0,0,73,65535
2,7,101,102,1,0,0,74,65535
2,7,103,104,1,0,0,75,65535
2,7,104,105,1,0,0,76,65535
2,7,105,106,1,0,0,77,65535
2,7,106,107,1,0,0,78,65535
2,7,107,108,1,0,0,79,65535
2,7,108,109,1,0,0,80,65535
2,7,109,94,1,0,0,81,65535
2,7,102,110,1,0,0,82,65535
2,7,111,103,1,0,0,83,65535
2,7,112,113,1,0,0,84,65535
2,7,113,114,1,0,0,85,65535
2,7,114,115,1,0,0,86,65535
2,7,115,116,1,0,0,87,65535
2,7,116,117,1,0,0,88,65535
2,7,117,118,1,0,0,89,65535
2,7,119,120,1,0,0,90,65535
2,7,120,121,1,0,0,91,65535
2,7,121,122,1,0,0,92,65535
2,7,122,123,1,0,0,93,65535
2,7,123,124,1,0,0,94,65535
2,7,124,125,1,0,0,95,65535
2,7,79,76,76,0,0,96,97
2,7,112,125,4,0,0,98,99
2,7,113,124,4,16,11,100,101
2,7,114,123,4,0,0,102,103
2,7,115,122,4,0,0,104,105
2,7,116,121,4,0,0,106,107
2,7,117,120,4,0,0,108,109
2,7,118,119,68,0,0,110,111
2,7,110,126,1,0,0,112,65535
2,7,126,127,1,0,0,113,65535
2,7,128,129,1,0,0,114,65535
2,7,129,111,1,0,0,115,65535
2,7,127,130,1,0,0,116,65535
2,7,131,132,1,0,0,117,65535
2,7,132,133,1,0,0,118,65535
2,7,134,135,1,0,0,119,65535
2,7,136,137,1,0,0,120,65535
2,7,138,139,1,0,0,121,65535
2,7,140,141,1,0,0,122,65535
2,7,142,143,1,0,0,123,65535
2,7,144,145,1,0,0,124,65535
2,7,146,147,1,0,0,125,65535
2,7,148,149,1,0,0,126,65535
2,7,150,151,1,0,0,127,65535
2,7,152,153,1,0,0,128,65535
2,7,154,155,1,0,0,129,65535
2,7,156,157,1,0,0,130,65535
2,7,158,159,1,0,0,131,65535
2,7,160,161,1,0,0,132,65535
2,7,162,163,1,0,0,133,65535
2,7,164,165,1,0,0,134,65535
2,7,163,166,1,0,0,135,65535
2,7,167,164,1,0,0,136,65535
2,7,168,169,1,0,0,137,65535
2,7,170,171,1,0,0,138,65535
2,7,171,172,1,0,0,139,65535
2,7,173,174,1,0,0,140,65535
2,7,175,173,1,0,0,141,65535
2,7,176,175,1,0,0,142,65535
2,7,177,176,1,0,0,143,65535
2,7,178,177,1,0,0,144,65535
2,7,179,178,1,0,0,145,65535
2,7,180,181,1,0,0,146,65535
2,7,182,180,1,0,0,147,65535
2,7,183,182,1,0,0,148,65535
2,7,184,183,1,0,0,149,65535
2,7,185,184,1,0,0,150,65535
2,7,186,185,1,0,0,151,65535
2,7,187,186,1,0,0,152,65535
2,7,188,187,1,0,0,153,65535
2,7,189,188,1,0,0,154,65535
2,7,190,189,1,0,0,155,65535
2,7,191,190,1,0,0,156,65535
2,7,192,191,1,0,0,157,65535
2,7,193,192,1,0,0,158,65535
2,7,194,193,1,0,0,159,65535
2,7,195,194,1,0,0,160,65535
2,7,196,195,1,0,0,161,65535
2,7,197,196,1,0,0,162,65535
2,7,198,197,1,0,0,163,65535
2,7,172,199,1,0,0,164,65535
2,7,199,200,1,0,0,165,65535
2,7,200,201,1,0,0,166,65535
2,7,201,202,1,0,0,167,65535
2,7,203,167,1,0,0,168,65535
2,7,204,205,1,0,0,169,65535
2,7,206,207,1,0,0,170,65535
2,7,208,203,1,0,0,171,65535
2,7,209,210,1,0,0,172,65535
2,7,211,209,1,0,0,173,65535
2,7,212,213,65025,0,0,174,65535
2,7,213,214,65025,0,0,175,65535
2,7,214,215,65025,0,0,176,65535
2,7,216,217,65025,0,0,177,65535
2,7,217,218,65025,0,0,178,65535
2,7,218,219,65025,0,0,179,65535
2,7,220,221,65025,0,0,180,65535
2,7,222,220,65025,0,0,181,65535
2,7,223,224,65025,0,0,182,65535
2,7,225,226,65025,0,0,183,65535
2,7,226,211,65025,0,0,184,65535
2,7,207,212,1,0,0,185,65535
2,7,227,228,1,0,0,186,65535
2,7,229,230,1,0,0,187,65535
2,7,231,232,1,0,0,188,65535
2,7,233,234,1,0,0,189,65535
2,7,219,235,1,0,0,190,65535
2,7,236,233,1,0,0,191,65535
2,7,237,238,1,0,0,192,65535
2,7,239,222,1,0,0,193,65535
2,7,240,237,1,0,0,194,65535
2,7,232,229,1,0,0,195,65535
2,7,241,57,1,0,0,196,65535
2,7,242,128,1,0,0,197,65535
2,7,24,22,1,0,0,198,65535
2,7,79,243,1,0,0,199,65535
2,7,243,112,1,0,0,200,65535
2,7,125,244,1,0,0,201,65535
2,7,244,76,1,0,0,202,65535
2,7,243,244,4,0,0,203,204
2,7,245,246,1,0,0,205,65535
2,7,247,248,1,0,0,206,65535
2,7,249,27,1,0,0,207,65535
2,7,250,251,4,0,0,208,209
2,7,252,253,4,0,0,210,211
2,7,174,170,12,0,0,212,213
2,7,211,212,12,0,0,214,215
2,7,8,2,4,0,0,216,217
2,7,254,255,1,0,0,218,65535
2,7,118,0,1,0,0,219,65535
2,7,256,257,5,0,0,220,221
2,7,257,258,5,0,0,222,223
2,7,258,259,5,0,0,224,225
2,7,259,256,5,0,0,226,227
2,7,260,253,1,0,0,228,65535
2,7,261,262,1,0,0,229,65535
2,7,262,263,1,0,0,230,65535
2,7,264,265,1,0,0,231,65535
2,7,266,267,1,0,0,232,65535
2,7,64,261,1,0,0,233,65535
2,7,68,66,1,0,0,234,65535
2,7,268,269,1,0,0,235,65535
2,7,269,270,1,0,0,236,65535
2,7,270,271,1,0,0,237,65535
2,7,271,241,1,0,0,238,65535
2,7,50,272,29,0,0,239,240
2,7,272,273,1,0,0,241,65535
2,7,273,274,1,0,0,242,65535
2,7,274,275,1,0,0,243,65535
2,7,42,276,1,0,0,244,65535
2,7,276,277,1,0,0,245,65535
2,7,277,278,1,0,0,246,65535
2,7,278,279,1,0,0,247,65535
2,7,279,280,1,0,0,248,65535
2,7,35,281,1,0,0,249,65535
2,7,281,282,1,0,0,250,65535
2,7,282,283,1,0,0,251,65535
2,7,283,284,1,0,0,252,65535
2,7,284,36,1,0,0,253,65535
2,7,72,285,1,0,0,254,65535
2,7,285,286,1,0,0,255,65535
2,7,286,287,1,0,0,256,65535
2,7,287,288,1,0,0,257,65535
2,7,288,70,1,0,0,258,65535
2,7,289,290,1,0,0,259,65535
2,7,290,291,1,0,0,260,65535
2,7,291,292,1,0,0,261,65535
2,7,292,47,29,0,0,262,263
2,7,252,293,1,0,0,264,65535
2,7,294,295,1,0,0,265,65535
2,7,295,296,1,0,0,266,65535
2,7,54,297,1,0,0,267,65535
2,7,298,299,1,0,0,268,65535
2,7,300,301,1,0,0,269,65535
2,7,301,302,1,0,0,270,65535
2,7,302,303,1,0,0,271,65535
2,7,303,45,1,0,0,272,65535
2,7,248,304,1,0,0,273,65535
2,7,304,305,1,0,0,274,65535
2,7,305,306,1,0,0,275,65535
2,7,306,307,1,0,0,276,65535
2,7,307,249,1,0,0,277,65535
2,7,16,308,1,0,0,278,65535
2,7,308,309,1,0,0,279,65535
2,7,309,310,1,0,0,280,65535
2,7,310,311,1,0,0,281,65535
2,7,311,245,1,0,0,282,65535
2,7,312,313,1,0,0,283,65535
2,7,314,315,1,0,0,284,65535
2,7,6,7,1,0,0,285,65535
2,7,316,317,1,0,0,286,65535
2,7,318,319,1,0,0,287,65535
2,7,320,321,1,0,0,288,65535
2,7,321,322,1,0,0,289,65535
2,7,322,323,1,0,0,290,65535
2,7,323,131,1,0,0,291,65535
2,7,324,136,1,0,0,292,65535
2,7,143,325,1,0,0,293,65535
2,7,325,144,1,0,0,294,65535
2,7,326,320,1,0,0,295,65535
2,7,145,327,1,0,0,296,65535
2,7,328,329,1,0,0,297,65535
2,7,329,330,1,0,0,298,65535
2,7,331,146,1,0,0,299,65535
2,7,332,333,1,0,0,300,65535
2,7,202,198,1,0,0,301,65535
2,7,238,334,1,0,0,302,65535
2,7,334,335,1,0,0,303,65535
2,7,335,239,1,0,0,304,65535
2,7,60,336,1,0,0,305,65535
2,7,336,337,1,0,0,306,65535
2,7,337,338,1,0,0,307,65535
2,7,338,339,1,0,0,308,65535
2,7,339,340,1,0,0,309,65535
2,7,48,341,29,0,0,310,311
2,7,342,49,29,0,0,312,313
2,7,343,344,1,0,0,314,65535
2,7,344,345,1,0,0,315,65535
2,7,345,346,1,0,0,316,65535
2,7,346,347,1,0,0,317,65535
2,7,347,348,1,0,0,318,65535
2,7,349,350,1,0,0,319,65535
2,7,351,352,1,0,0,320,65535
2,7,352,353,1,0,0,321,65535
2,7,353,354,1,0,0,322,65535
2,7,354,355,1,0,0,323,65535
2,7,355,227,1,0,0,324,65535
2,7,356,357,1,0,0,325,65535
2,7,357,358,1,0,0,326,65535
2,7,358,359,1,0,0,327,65535
2,7,359,242,1,0,0,328,65535
2,7,89,360,1,0,0,329,65535
2,7,360,361,1,0,0,330,65535
2,7,361,362,1,0,0,331,65535
2,7,363,86,1,0,0,332,65535
2,7,1,364,1,0,0,333,65535
2,7,92,93,12,0,0,334,335
2,7,110,111,76,0,0,336,337
2,7,280,365,1,0,0,338,65535
2,7,340,366,1,0,0,339,65535
2,7,367,368,1,0,0,340,65535
2,7,366,367,1,0,0,341,65535
2,7,368,61,1,0,0,342,65535
2,7,40,369,5,0,0,343,344
2,7,370,39,5,0,0,345,346
2,7,39,371,1,0,0,347,65535
2,7,371,372,1,0,0,348,65535
2,7,373,374,1,0,0,349,65535
2,7,374,40,1,0,0,350,65535
2,7,166,167,76,0,0,351,352
2,7,111,107,132,0,0,353,354
2,7,110,94,132,0,0,355,356
2,7,375,229,132,0,0,357,358
2,7,240,376,132,0,0,359,360
2,7,234,376,1,0,0,361,65535
2,7,319,377,1,0,0,362,65535
2,7,328,320,132,0,0,363,364
2,7,347,344,4,0,0,365,366
2,7,378,379,1,0,0,367,65535
2,7,364,380,1,0,0,368,65535
2,7,255,381,1,0,0,369,65535
2,7,382,383,65025,0,0,370,65535
2,7,384,382,65025,0,0,371,65535
2,7,385,384,65025,0,0,372,65535
2,7,383,385,65025,0,0,373,65535
2,7,386,387,21,0,0,374,375
2,7,387,370,21,0,0,376,377
2,7,369,388,21,0,0,378,379
2,7,388,389,21,0,0,380,381
2,7,374,388,5,0,0,382,383
2,7,387,371,5,0,0,384,385
2,7,265,55,1,0,0,386,65535
2,7,390,391,1,0,0,387,65535
2,7,392,393,1,0,0,388,65535
2,7,29,394,1,0,0,389,65535
2,7,394,395,1,0,0,390,65535
2,7,395,30,1,0,0,391,65535
2,7,267,396,1,0,0,392,65535
2,7,397,260,1,0,0,393,65535
2,7,398,394,4,0,0,394,395
2,7,395,399,4,0,0,396,397
2,7,263,264,1,0,0,398,65535
2,7,62,400,1,0,0,399,65535
2,7,400,401,1,0,0,400,65535
2,7,401,402,1,0,0,401,65535
2,7,402,403,1,0,0,402,65535
2,7,241,54,4,0,0,403,404
2,7,404,405,1,0,0,405,65535
2,7,348,406,1,0,0,406,65535
2,7,406,407,1,0,0,407,65535
2,7,407,408,1,0,0,408,65535
2,7,408,409,1,0,0,409,65535
2,7,409,404,1,0,0,410,65535
2,7,405,140,1,0,0,411,65535
2,7,139,410,1,0,0,412,65535
2,7,410,411,1,0,0,413,65535
2,7,411,412,1,0,0,414,65535
2,7,412,413,1,0,0,415,65535
2,7,413,414,1,0,0,416,65535
2,7,414,415,1,0,0,417,65535
2,7,415,343,1,0,0,418,65535
2,7,416,417,1,0,0,419,65535
2,7,417,418,1,0,0,420,65535
2,7,418,419,1,0,0,421,65535
2,7,419,420,1,0,0,422,65535
2,7,420,421,1,0,0,423,65535
2,7,421,422,1,0,0,424,65535
2,7,422,423,1,0,0,425,65535
2,7,423,424,1,0,0,426,65535
2,7,424,425,1,0,0,427,65535
2,7,425,426,1,0,0,428,65535
2,7,426,427,1,0,0,429,65535
2,7,427,138,1,0,0,430,65535
2,7,141,428,1,0,0,431,65535
2,7,429,430,1,0,0,432,65535
2,7,430,431,1,0,0,433,65535
2,7,431,432,1,0,0,434,65535
2,7,432,433,1,0,0,435,65535
2,7,433,434,1,0,0,436,65535
2,7,434,435,1,0,0,437,65535
2,7,435,436,1,0,0,438,65535
2,7,436,437,1,0,0,439,65535
2,7,437,438,1,0,0,440,65535
2,7,438,439,1,0,0,441,65535
2,7,414,411,4,0,0,442,443
2,7,427,424,4,0,0,444,445
2,7,421,418,4,0,0,446,447
2,7,437,434,4,0,0,448,449
2,7,431,428,4,0,0,450,451
2,7,404,407,4,0,0,452,453
2,7,440,441,1,0,0,454,65535
2,7,442,443,1,0,0,455,65535
2,7,441,444,1,0,0,456,65535
2,7,444,445,1,0,0,457,65535
2,7,446,447,1,0,0,458,65535
2,7,447,442,1,0,0,459,65535
2,7,448,429,1,0,0,460,65535
2,7,445,449,1,0,0,461,65535
2,7,449,450,1,0,0,462,65535
2,7,451,452,1,0,0,463,65535
2,7,452,453,1,0,0,464,65535
2,7,454,455,1,0,0,465,65535
2,7,455,456,1,0,0,466,65535
2,7,457,458,1,0,0,467,65535
2,7,458,446,1,0,0,468,65535
2,7,459,460,1,0,0,469,65535
2,7,460,457,1,0,0,470,65535
2,7,450,461,1,0,0,471,65535
2,7,461,462,1,0,0,472,65535
2,7,463,464,1,0,0,473,65535
2,7,445,446,4,0,0,474,475
2,7,454,453,4,97,9,476,477
2,7,439,465,1,0,0,478,65535
2,7,465,250,1,0,0,479,65535
2,7,251,466,1,0,0,480,65535
2,7,466,416,1,0,0,481,65535
2,7,428,467,1,0,0,482,65535
2,7,467,440,1,0,0,483,65535
2,7,468,448,1,0,0,484,65535
2,7,51,46,12,0,0,485,486
2,7,462,463,1,0,0,487,65535
2,7,464,459,1,0,0,488,65535
2,7,456,469,1,0,0,489,65535
2,7,469,470,1,0,0,490,65535
2,7,470,454,1,0,0,491,65535
2,7,453,471,1,0,0,492,65535
2,7,471,472,1,0,0,493,65535
2,7,472,451,1,0,0,494,65535
2,7,473,53,1,0,0,495,65535
2,7,56,474,1,0,0,496,65535
2,7,297,475,1,0,0,497,65535
2,7,476,298,1,0,0,498,65535
2,7,473,474,4,0,0,499,500
2,7,476,475,4,0,0,501,502
2,7,477,478,1,0,0,503,65535
2,7,478,479,76,0,0,504,505
2,7,479,480,1,0,0,506,65535
2,7,392,481,12,0,0,507,508
2,7,481,482,4,0,0,509,510
2,7,482,483,4,0,0,511,512
2,7,483,484,4,0,0,513,514
2,7,484,391,12,0,0,515,516
2,7,480,485,4,0,0,517,518
2,7,485,486,4,0,0,519,520
2,7,486,487,4,0,0,521,522
2,7,487,488,4,0,0,523,524
2,7,488,477,4,0,0,525,526
2,7,479,489,4,0,0,527,528
2,7,489,490,4,0,0,529,530
2,7,490,491,4,0,0,531,532
2,7,491,492,4,0,0,533,534
2,7,492,478,4,0,0,535,536
2,7,474,493,1,0,0,537,65535
2,7,484,494,1,0,0,538,65535
2,7,494,390,1,0,0,539,65535
2,7,393,495,1,0,0,540,65535
2,7,495,481,1,0,0,541,65535
2,7,496,473,1,0,0,542,65535
2,7,497,496,1,0,0,543,65535
2,7,498,497,1,0,0,544,65535
2,7,499,498,1,0,0,545,65535
2,7,500,501,1,0,0,546,65535
2,7,501,502,1,0,0,547,65535
2,7,475,503,1,0,0,548,65535
2,7,503,504,1,0,0,549,65535
2,7,504,505,1,0,0,550,65535
2,7,506,507,1,0,0,551,65535
2,7,507,508,1,0,0,552,65535
2,7,508,476,1,0,0,553,65535
2,7,391,509,1,0,0,554,65535
2,7,509,510,1,0,0,555,65535
2,7,510,511,1,0,0,556,65535
2,7,511,512,1,0,0,557,65535
2,7,512,513,1,0,0,558,65535
2,7,513,477,1,0,0,559,65535
2,7,480,514,1,0,0,560,65535
2,7,514,515,1,0,0,561,65535
2,7,515,516,1,0,0,562,65535
2,7,516,517,1,0,0,563,65535
2,7,517,518,1,0,0,564,65535
2,7,518,392,1,0,0,565,65535
2,7,509,512,12,0,0,566,567
2,7,515,518,12,0,0,568,569
2,7,305,247,5,0,0,570,571
2,7,27,306,5,0,0,572,573
2,7,246,310,5,0,0,574,575
2,7,309,15,5,0,0,576,577
2,7,401,263,4,0,0,578,579
2,7,264,400,4,0,0,580,581
2,7,53,56,4,0,0,582,583
2,7,298,297,4,0,0,584,585
2,7,508,503,12,0,0,586,587
2,7,496,493,12,0,0,588,589
2,7,493,519,1,0,0,590,65535
2,7,519,484,1,0,0,591,65535
2,7,481,520,1,0,0,592,65535
2,7,520,500,1,0,0,593,65535
2,7,505,499,17,0,0,594,65535
2,7,502,506,17,0,0,595,65535
2,7,521,522,1,0,0,596,65535
2,7,75,403,4,0,0,597,598
2,7,147,523,1,0,0,599,65535
2,7,523,524,1,0,0,600,65535
2,7,524,525,1,0,0,601,65535
2,7,525,526,1,0,0,602,65535
2,7,527,349,1,0,0,603,65535
2,7,528,527,1,0,0,604,65535
2,7,529,528,1,0,0,605,65535
2,7,530,529,1,0,0,606,65535
2,7,531,142,1,0,0,607,65535
2,7,250,531,1,0,0,608,65535
2,7,532,251,1,0,0,609,65535
2,7,137,532,1,0,0,610,65535
2,7,169,533,1,0,0,611,65535
2,7,534,535,1,0,0,612,65535
2,7,536,537,1,0,0,613,65535
2,7,538,539,1,0,0,614,65535
2,7,539,540,1,0,0,615,65535
2,7,540,536,1,0,0,616,65535
2,7,541,542,1,0,0,617,65535
2,7,542,543,1,0,0,618,65535
2,7,543,544,1,0,0,619,65535
2,7,544,541,1,0,0,620,65535
2,7,545,546,65025,0,0,621,65535
2,7,546,547,65025,0,0,622,65535
2,7,547,548,65025,0,0,623,65535
2,7,548,549,65025,0,0,624,65535
2,7,549,550,65025,0,0,625,65535
2,7,551,552,65025,0,0,626,65535
2,7,552,553,65025,0,0,627,65535
2,7,553,554,65025,0,0,628,65535
2,7,554,555,65025,0,0,629,65535
2,7,555,223,65025,0,0,630,65535
2,7,224,556,65025,0,0,631,65535
2,7,556,557,65025,0,0,632,65535
2,7,557,558,65025,0,0,633,65535
2,7,558,559,65025,0,0,634,65535
2,7,559,560,65025,0,0,635,65535
2,7,561,562,65025,0,0,636,65535
2,7,562,563,65025,0,0,637,65535
2,7,563,564,65025,0,0,638,65535
2,7,564,565,65025,0,0,639,65535
2,7,550,551,65025,0,0,640,65535
2,7,566,567,65025,0,0,641,65535
2,7,567,568,65025,0,0,642,65535
2,7,568,569,65025,0,0,643,65535
2,7,570,545,65025,0,0,644,65535
2,7,571,570,65025,0,0,645,65535
2,7,569,572,65025,0,0,646,65535
2,7,572,573,65025,0,0,647,65535
2,7,573,574,65025,0,0,648,65535
2,7,574,575,65025,0,0,649,65535
2,7,576,571,65025,0,0,650,65535
2,7,577,576,65025,0,0,651,65535
2,7,578,577,65025,0,0,652,65535
2,7,579,578,65025,0,0,653,65535
2,7,580,579,65025,0,0,654,65535
2,7,581,580,65025,0,0,655,65535
2,7,575,582,65025,0,0,656,65535
2,7,582,583,65025,0,0,657,65535
2,7,583,584,65025,0,0,658,65535
2,7,584,585,65025,0,0,659,65535
2,7,586,587,65025,0,0,660,65535
2,7,587,588,65025,0,0,661,65535
2,7,588,589,65025,0,0,662,65535
2,7,589,590,65025,0,0,663,65535
2,7,590,591,65025,0,0,664,65535
2,7,592,593,65025,0,0,665,65535
2,7,593,594,65025,0,0,666,65535
2,7,594,595,65025,0,0,667,65535
2,7,595,596,65025,0,0,668,65535
2,7,591,597,65025,0,0,669,65535
2,7,597,598,65025,0,0,670,65535
2,7,598,599,65025,0,0,671,65535
2,7,599,600,65025,0,0,672,65535
2,7,600,601,65025,0,0,673,65535
2,7,602,603,65025,0,0,674,65535
2,7,603,604,65025,0,0,675,65535
2,7,604,605,65025,0,0,676,65535
2,7,605,606,65025,0,0,677,65535
2,7,606,592,65025,0,0,678,65535
2,7,601,607,65025,0,0,679,65535
2,7,608,602,65025,0,0,680,65535
2,7,585,609,65025,0,0,681,65535
2,7,609,610,65025,0,0,682,65535
2,7,596,611,65025,0,0,683,65535
2,7,611,612,65025,0,0,684,65535
2,7,612,613,65025,0,0,685,65535
2,7,610,586,65025,0,0,686,65535
2,7,555,556,4,0,0,687,688
2,7,554,557,4,0,0,689,690
2,7,553,558,4,0,0,691,692
2,7,552,559,4,0,0,693,694
2,7,551,560,4,0,0,695,696
2,7,561,550,4,0,0,697,698
2,7,562,549,4,0,0,699,700
2,7,563,548,4,0,0,701,702
2,7,564,547,4,0,0,703,704
2,7,565,546,4,0,0,705,706
2,7,567,545,68,0,0,707,708
2,7,568,570,4,0,0,709,710
2,7,569,571,4,0,0,711,712
2,7,572,576,4,0,0,713,714
2,7,573,577,4,0,0,715,716
2,7,574,578,4,0,0,717,718
2,7,575,579,4,0,0,719,720
2,7,575,581,4,0,0,721,722
2,7,582,614,4,0,0,723,724
2,7,583,615,4,0,0,725,726
2,7,584,613,4,0,0,727,728
2,7,585,612,4,0,0,729,730
2,7,609,611,4,0,0,731,732
2,7,610,596,4,0,0,733,734
2,7,587,596,4,0,0,735,736
2,7,588,595,4,0,0,737,738
2,7,589,594,4,0,0,739,740
2,7,590,593,4,0,0,741,742
2,7,591,592,68,0,0,743,744
2,7,565,616,65025,0,0,745,65535
2,7,617,566,65025,0,0,746,65535
2,7,614,581,65025,0,0,747,65535
2,7,615,614,65025,0,0,748,65535
2,7,613,615,65025,0,0,749,65535
2,7,618,619,65025,0,0,750,65535
2,7,619,620,65025,0,0,751,65535
2,7,620,621,65025,0,0,752,65535
2,7,621,622,65025,0,0,753,65535
2,7,622,623,65025,0,0,754,65535
2,7,624,625,65025,0,0,755,65535
2,7,625,626,65025,0,0,756,65535
2,7,626,627,65025,0,0,757,65535
2,7,618,626,68,0,0,758,759
2,7,619,625,4,0,0,760,761
2,7,620,624,4,0,0,762,763
2,7,621,624,4,0,0,764,765
2,7,628,479,65025,0,0,766,65535
2,7,622,624,4,0,0,767,768
2,7,623,629,4,0,0,769,770
2,7,628,630,4,0,0,771,772
2,7,623,631,65025,0,0,773,65535
2,7,631,632,65025,0,0,774,65535
2,7,632,633,65025,0,0,775,65535
2,7,629,624,65025,0,0,776,65535
2,7,634,629,65025,0,0,777,65535
2,7,635,634,65025,0,0,778,65535
2,7,636,635,65025,0,0,779,65535
2,7,633,637,65025,0,0,780,65535
2,7,637,638,65025,0,0,781,65535
2,7,638,639,65025,0,0,782,65535
2,7,639,628,65025,0,0,783,65535
2,7,630,640,65025,0,0,784,65535
2,7,640,636,65025,0,0,785,65535
2,7,631,634,4,0,0,786,787
2,7,632,635,4,0,0,788,789
2,7,633,636,4,0,0,790,791
2,7,637,636,4,0,0,792,793
2,7,638,636,4,0,0,794,795
2,7,639,640,4,0,0,796,797
2,7,166,204,1,0,0,798,65535
2,7,641,642,28,0,0,799,800
2,7,643,641,28,0,0,801,802
2,7,644,643,28,0,0,803,804
2,7,645,644,28,0,0,805,806
2,7,646,645,28,0,0,807,808
2,7,642,646,28,0,0,809,810
2,7,647,648,65025,0,0,811,65535
2,7,649,647,65025,103,7,812,65535
2,7,650,649,65025,0,0,813,65535
2,7,648,650,4,0,0,814,815
2,7,651,652,1,0,0,816,65535
2,7,653,654,1,0,0,817,65535
2,7,655,656,1,0,0,818,65535
2,7,369,657,20,0,0,819,820
2,7,657,658,4,0,0,821,822
2,7,658,659,4,0,0,823,824
2,7,659,660,4,0,0,825,826
2,7,660,370,20,0,0,827,828
2,7,89,84,5,0,0,829,830
2,7,362,661,1,0,0,831,65535
2,7,661,363,1,0,0,832,65535
2,7,662,663,1,0,0,833,65535
2,7,389,373,1,0,0,834,65535
2,7,372,386,1,0,0,835,65535
2,7,664,665,12,0,0,836,837
2,7,664,389,9,0,0,838,65535
2,7,386,665,9,0,0,839,65535
2,7,665,666,1,0,0,840,65535
2,7,667,664,1,0,0,841,65535
2,7,668,667,1,0,0,842,65535
2,7,666,669,1,0,0,843,65535
2,7,669,670,1,0,0,844,65535
2,7,671,668,1,0,0,845,65535
2,7,668,669,4,0,0,846,847
2,7,670,672,1,0,0,848,65535
2,7,673,674,1,0,0,849,65535
2,7,674,675,1,0,0,850,65535
2,7,675,676,1,102,1,851,65535
2,7,676,677,1,0,0,852,65535
2,7,677,678,1,0,0,853,65535
2,7,678,671,1,0,0,854,65535
2,7,663,119,1,0,0,855,65535
2,7,679,680,4,0,0,856,857
2,7,680,681,4,0,0,858,859
2,7,681,682,4,0,0,860,861
2,7,682,679,4,0,0,862,863
2,7,12,9,4,0,0,864,865
2,7,683,684,1,0,0,866,65535
2,7,685,686,1,0,0,867,65535
2,7,687,688,1,0,0,868,65535
2,7,688,689,1,0,0,869,65535
2,7,689,28,1,0,0,870,65535
2,7,652,690,1,0,0,871,65535
2,7,690,691,1,0,0,872,65535
2,7,691,692,1,0,0,873,65535
2,7,14,693,1,0,0,874,65535
2,7,693,685,1,0,0,875,65535
2,7,684,4,1,0,0,876,65535
2,7,4,693,29,0,0,877,878
2,7,689,690,4,0,0,879,880
2,7,691,688,4,0,0,881,882
2,7,296,694,1,0,0,883,65535
2,7,694,695,1,0,0,884,65535
2,7,695,696,1,0,0,885,65535
2,7,697,698,1,0,0,886,65535
2,7,698,699,1,0,0,887,65535
2,7,699,655,1,0,0,888,65535
2,7,656,700,1,0,0,889,65535
2,7,700,701,1,0,0,890,65535
2,7,701,653,1,0,0,891,65535
2,7,702,703,1,0,0,892,65535
2,7,703,704,1,0,0,893,65535
2,7,704,651,1,0,0,894,65535
2,7,698,695,4,1,0,895,896
2,7,694,699,4,1,0,897,898
2,7,697,696,12,0,0,899,900
2,7,296,655,4,0,0,901,902
2,7,656,651,4,0,0,903,904
2,7,700,704,4,1,0,905,906
2,7,703,701,4,1,0,907,908
2,7,702,653,12,0,0,909,910
2,7,685,684,5,0,0,911,912
2,7,705,312,1,0,0,913,65535
2,7,706,705,1,0,0,914,65535
2,7,315,707,1,0,0,915,65535
2,7,707,708,1,0,0,916,65535
2,7,696,706,1,0,0,917,65535
2,7,708,702,1,0,0,918,65535
2,7,98,709,1,0,0,919,65535
2,7,709,710,4,1,0,920,921
2,7,710,99,1,0,0,922,65535
2,7,98,99,28,0,0,923,924
2,7,711,712,1,0,0,925,65535
2,7,712,713,1,0,0,926,65535
2,7,713,714,1,0,0,927,65535
2,7,714,715,1,0,0,928,65535
2,7,715,716,1,0,0,929,65535
2,7,716,717,1,0,0,930,65535
2,7,718,719,1,0,0,931,65535
2,7,719,720,1,0,0,932,65535
2,7,720,721,1,0,0,933,65535
2,7,721,722,1,0,0,934,65535
2,7,722,723,1,0,0,935,65535
2,7,723,724,1,0,0,936,65535
2,7,724,725,1,0,0,937,65535
2,7,725,726,1,0,0,938,65535
2,7,727,728,17,0,0,939,65535
2,7,728,729,17,0,0,940,65535
2,7,729,730,17,0,0,941,65535
2,7,730,727,17,0,0,942,65535
2,7,731,732,17,0,0,943,65535
2,7,732,733,17,0,0,944,65535
2,7,733,734,17,0,0,945,65535
2,7,734,731,17,0,0,946,65535
2,7,735,736,17,0,0,947,65535
2,7,736,737,17,0,0,948,65535
2,7,737,738,17,0,0,949,65535
2,7,738,735,17,0,0,950,65535
2,7,739,740,17,0,0,951,65535
2,7,740,741,17,0,0,952,65535
2,7,741,742,17,0,0,953,65535
2,7,742,739,17,0,0,954,65535
2,7,743,744,17,0,0,955,65535
2,7,744,745,17,0,0,956,65535
2,7,745,746,17,0,0,957,65535
2,7,746,743,17,0,0,958,65535
2,7,747,748,17,0,0,959,65535
2,7,748,749,17,0,0,960,65535
2,7,749,750,17,0,0,961,65535
2,7,750,747,17,0,0,962,65535
2,7,751,752,1,0,0,963,65535
2,7,717,753,1,0,0,964,65535
2,7,753,754,1,0,0,965,65535
2,7,754,755,1,0,0,966,65535
2,7,755,756,1,0,0,967,65535
2,7,756,757,1,0,0,968,65535
2,7,758,759,1,0,0,969,65535
2,7,760,758,1,0,0,970,65535
2,7,761,760,1,0,0,971,65535
2,7,762,761,1,0,0,972,65535
2,7,763,762,1,0,0,973,65535
2,7,764,763,1,0,0,974,65535
2,7,765,764,1,0,0,975,65535
2,7,766,767,1,0,0,976,65535
2,7,381,768,1,0,0,977,65535
2,7,769,378,1,0,0,978,65535
2,7,765,770,12,0,0,979,980
2,7,768,765,1,0,0,981,65535
2,7,770,751,1,0,0,982,65535
2,7,771,772,1,0,0,983,65535
2,7,752,773,1,0,0,984,65535
2,7,774,769,1,0,0,985,65535
2,7,775,774,1,0,0,986,65535
2,7,776,775,1,0,0,987,65535
2,7,777,778,1,0,0,988,65535
2,7,767,779,1,0,0,989,65535
2,7,751,768,4,0,0,990,991
2,7,773,774,13,0,0,992,993
2,7,769,752,5,0,0,994,995
2,7,779,772,4,0,0,996,997
2,7,753,758,4,0,0,998,999
2,7,754,760,4,0,0,1000,1001
2,7,755,761,4,0,0,1002,1003
2,7,756,762,4,0,0,1004,1005
2,7,717,759,4,0,0,1006,1007
2,7,773,780,1,0,0,1008,65535
2,7,780,771,1,0,0,1009,65535
2,7,781,780,4,0,0,1010,1011
2,7,782,781,4,0,0,1012,1013
2,7,783,782,4,0,0,1014,1015
2,7,783,784,1,0,0,1016,65535
2,7,784,776,1,0,0,1017,65535
2,7,785,773,4,0,0,1018,1019
2,7,786,785,4,0,0,1020,1021
2,7,784,786,4,0,0,1022,1023
2,7,691,787,4,0,0,1024,1025
2,7,787,684,4,0,0,1026,1027
2,7,692,788,1,0,0,1028,65535
2,7,688,789,4,0,0,1029,1030
2,7,789,685,4,0,0,1031,1032
2,7,790,687,1,0,0,1033,65535
2,7,788,787,4,0,0,1034,1035
2,7,789,790,4,0,0,1036,1037
2,7,788,791,1,0,0,1038,65535
2,7,791,792,1,0,0,1039,65535
2,7,792,683,1,0,0,1040,65535
2,7,686,793,1,0,0,1041,65535
2,7,793,794,1,0,0,1042,65535
2,7,794,790,1,0,0,1043,65535
2,7,275,795,1,0,0,1044,65535
2,7,795,796,1,0,0,1045,65535
2,7,796,797,1,0,0,1046,65535
2,7,797,798,1,0,0,1047,65535
2,7,799,800,1,0,0,1048,65535
2,7,800,801,1,0,0,1049,65535
2,7,801,802,1,0,0,1050,65535
2,7,802,289,1,0,0,1051,65535
2,7,800,797,4,0,0,1052,1053
2,7,801,796,4,0,0,1054,1055
2,7,802,795,12,0,0,1056,1057
2,7,798,803,1,0,0,1058,65535
2,7,803,804,1,0,0,1059,65535
2,7,804,805,1,0,0,1060,65535
2,7,805,806,1,0,0,1061,65535
2,7,806,51,1,0,0,1062,65535
2,7,46,807,1,0,0,1063,65535
2,7,807,808,1,0,0,1064,65535
2,7,808,809,1,0,0,1065,65535
2,7,809,810,1,0,0,1066,65535
2,7,810,799,1,0,0,1067,65535
2,7,810,807,28,0,0,1068,1069
2,7,806,803,28,0,0,1070,1071
2,7,341,342,17,0,0,1072,65535
2,7,811,812,1,0,0,1073,65535
2,7,812,813,1,0,0,1074,65535
2,7,813,814,1,0,0,1075,65535
2,7,814,811,1,0,0,1076,65535
2,7,81,82,76,0,0,1077,1078
2,7,253,815,1,0,0,1079,65535
2,7,815,247,1,0,0,1080,65535
2,7,246,816,1,0,0,1081,65535
2,7,816,252,1,0,0,1082,65535
2,7,816,815,4,0,0,1083,1084
2,7,246,247,4,0,0,1085,1086
2,7,817,818,0,0,0,1087,65535
2,7,818,819,0,0,0,1088,65535
2,7,819,820,0,0,0,1089,65535
2,7,820,817,0,0,0,1090,65535
2,7,817,821,132,0,0,1091,1092
2,7,819,822,132,0,0,1093,1094
2,7,376,822,1,0,0,1095,65535
2,7,822,823,1,0,0,1096,65535
2,7,823,821,1,0,0,1097,65535
2,7,821,375,1,0,0,1098,65535
2,7,824,777,1,0,0,1099,65535
2,7,779,825,1,0,0,1100,65535
2,7,826,827,1,0,0,1101,65535
2,7,824,825,12,0,0,1102,1103
2,7,828,829,1,0,0,1104,65535
2,7,830,828,4,0,0,1105,1106
2,7,831,824,1,0,0,1107,65535
2,7,825,832,1,0,0,1108,65535
2,7,831,832,4,0,0,1109,1110
2,7,830,833,1,0,0,1111,65535
2,7,833,834,1,0,0,1112,65535
2,7,834,835,1,0,0,1113,65535
2,7,835,836,1,0,0,1114,65535
2,7,836,837,1,0,0,1115,65535
2,7,837,838,1,0,0,1116,65535
2,7,838,839,1,0,0,1117,65535
2,7,839,840,1,0,0,1118,65535
2,7,840,831,1,0,0,1119,65535
2,7,832,841,1,0,0,1120,65535
2,7,841,842,1,0,0,1121,65535
2,7,842,843,1,0,0,1122,65535
2,7,843,844,1,0,0,1123,65535
2,7,844,845,1,0,0,1124,65535
2,7,845,846,1,0,0,1125,65535
2,7,846,847,1,0,0,1126,65535
2,7,847,848,1,0,0,1127,65535
2,7,848,828,1,0,0,1128,65535
2,7,833,848,4,0,0,1129,1130
2,7,834,847,4,0,0,1131,1132
2,7,835,846,4,0,0,1133,1134
2,7,836,845,4,0,0,1135,1136
2,7,837,844,4,0,0,1137,1138
2,7,838,843,4,0,0,1139,1140
2,7,839,842,4,0,0,1141,1142
2,7,840,841,4,0,0,1143,1144
2,7,778,783,1,0,0,1145,65535
2,7,829,849,1,0,0,1146,65535
2,7,849,850,1,0,0,1147,65535
2,7,850,851,1,103,2,1148,65535
2,7,851,852,1,0,0,1149,65535
2,7,852,826,1,0,0,1150,65535
2,7,853,697,1,0,0,1151,65535
2,7,854,853,1,0,0,1152,65535
2,7,855,854,1,0,0,1153,65535
2,7,654,855,1,0,0,1154,65535
2,7,32,44,4,1,0,1155,1156
2,7,43,33,4,1,0,1157,1158
2,7,856,300,1,0,0,1159,65535
2,7,44,856,1,0,0,1160,65535
2,7,857,32,1,0,0,1161,65535
2,7,31,857,1,0,0,1162,65535
2,7,858,34,1,0,0,1163,65535
2,7,33,858,1,0,0,1164,65535
2,7,365,859,1,0,0,1165,65535
2,7,859,43,1,0,0,1166,65535
2,7,859,858,4,0,0,1167,1168
2,7,857,856,4,0,0,1169,1170
2,7,323,132,4,0,0,1171,1172
2,7,134,860,4,0,0,1173,1174
2,7,327,861,1,0,0,1175,65535
2,7,861,862,1,0,0,1176,65535
2,7,863,328,1,0,0,1177,65535
2,7,145,861,132,0,0,1178,1179
2,7,320,145,12,0,0,1180,1181
2,7,144,321,76,0,0,1182,1183
2,7,864,865,1,0,0,1184,65535
2,7,865,866,1,0,0,1185,65535
2,7,866,867,1,0,0,1186,65535
2,7,867,326,1,0,0,1187,65535
2,7,862,868,1,0,0,1188,65535
2,7,868,863,1,0,0,1189,65535
2,7,205,869,1,0,0,1190,65535
2,7,870,206,1,0,0,1191,65535
2,7,208,869,68,0,0,1192,1193
2,7,870,210,68,0,0,1194,1195
2,7,560,871,65025,0,0,1196,65535
2,7,871,872,65041,0,0,1197,65535
2,7,872,225,65025,0,0,1198,65535
2,7,221,873,65025,0,0,1199,65535
2,7,873,874,65041,0,0,1200,65535
2,7,874,561,65025,0,0,1201,65535
2,7,873,872,4,32,0,1202,1203
2,7,871,874,4,32,0,1204,1205
2,7,561,560,12,0,0,1206,1207
2,7,215,875,1,0,0,1208,65535
2,7,875,876,1,0,0,1209,65535
2,7,876,877,1,0,0,1210,65535
2,7,877,878,1,0,0,1211,65535
2,7,878,879,1,0,0,1212,65535
2,7,879,880,1,0,0,1213,65535
2,7,880,216,1,0,0,1214,65535
2,7,881,882,65025,0,0,1215,65535
2,7,883,881,65025,0,0,1216,65535
2,7,884,883,65025,0,0,1217,65535
2,7,882,884,65025,0,0,1218,65535
2,7,885,886,65025,0,0,1219,65535
2,7,887,885,65025,0,0,1220,65535
2,7,888,887,65025,0,0,1221,65535
2,7,886,888,65025,0,0,1222,65535
2,7,889,890,65025,0,0,1223,65535
2,7,891,889,65025,0,0,1224,65535
2,7,892,891,65025,0,0,1225,65535
2,7,890,892,65025,0,0,1226,65535
2,7,893,894,65025,0,0,1227,65535
2,7,895,893,65025,0,0,1228,65535
2,7,896,895,65025,0,0,1229,65535
2,7,894,896,65025,0,0,1230,65535
2,7,897,898,65025,0,0,1231,65535
2,7,899,897,65025,0,0,1232,65535
2,7,900,899,65025,0,0,1233,65535
2,7,898,900,65025,0,0,1234,65535
2,7,901,902,65025,0,0,1235,65535
2,7,903,901,65025,0,0,1236,65535
2,7,904,903,65025,0,0,1237,65535
2,7,902,904,65025,0,0,1238,65535
2,7,905,906,1,0,0,1239,65535
2,7,906,907,1,0,0,1240,65535
2,7,907,908,1,0,0,1241,65535
2,7,908,909,1,0,0,1242,65535
2,7,909,910,1,0,0,1243,65535
2,7,910,911,1,0,0,1244,65535
2,7,911,912,1,0,0,1245,65535
2,7,913,830,1,0,0,1246,65535
2,7,912,905,4,0,0,1247,1248
2,7,911,906,4,0,0,1249,1250
2,7,910,907,4,0,0,1251,1252
2,7,827,914,1,0,0,1253,65535
2,7,914,905,1,0,0,1254,65535
2,7,912,915,1,0,0,1255,65535
2,7,915,913,1,0,0,1256,65535
2,7,827,913,4,0,0,1257,1258
2,7,915,914,4,0,0,1259,1260
2,7,916,917,1,0,0,1261,65535
2,7,918,919,1,0,0,1262,65535
2,7,919,916,4,0,0,1263,1264
2,7,917,918,4,0,0,1265,1266
2,7,920,921,1,0,0,1267,65535
2,7,922,923,1,0,0,1268,65535
2,7,923,920,4,0,0,1269,1270
2,7,921,922,4,0,0,1271,1272
2,7,924,925,1,0,0,1273,65535
2,7,926,927,1,0,0,1274,65535
2,7,927,924,4,0,0,1275,1276
2,7,925,926,4,0,0,1277,1278
2,7,928,929,1,0,0,1279,65535
2,7,930,931,1,0,0,1280,65535
2,7,931,928,4,0,0,1281,1282
2,7,929,930,4,0,0,1283,1284
2,7,932,933,1,0,0,1285,65535
2,7,934,935,1,0,0,1286,65535
2,7,935,932,4,0,0,1287,1288
2,7,933,934,4,0,0,1289,1290
2,7,869,934,1,0,0,1291,65535
2,7,935,926,1,0,0,1292,65535
2,7,927,918,1,0,0,1293,65535
2,7,919,922,1,0,0,1294,65535
2,7,923,930,1,0,0,1295,65535
2,7,931,870,1,0,0,1296,65535
2,7,210,928,1,0,0,1297,65535
2,7,929,920,1,0,0,1298,65535
2,7,921,916,1,0,0,1299,65535
2,7,917,924,1,0,0,1300,65535
2,7,925,932,1,0,0,1301,65535
2,7,933,208,1,0,0,1302,65535
2,7,709,936,17,0,0,1303,65535
2,7,937,710,17,0,0,1304,65535
2,7,937,936,4,1,0,1305,1306
2,7,938,939,1,0,0,1307,65535
2,7,939,940,1,0,0,1308,65535
2,7,941,942,1,0,0,1309,65535
2,7,942,943,1,0,0,1310,65535
2,7,940,944,1,0,0,1311,65535
2,7,945,946,1,0,0,1312,65535
2,7,946,947,1,0,0,1313,65535
2,7,948,949,1,0,0,1314,65535
2,7,949,950,1,0,0,1315,65535
2,7,950,941,1,0,0,1316,65535
2,7,951,952,4,0,0,1317,1318
2,7,952,953,4,0,0,1319,1320
2,7,953,954,4,0,0,1321,1322
2,7,954,955,4,0,0,1323,1324
2,7,955,956,4,0,0,1325,1326
2,7,956,957,4,0,0,1327,1328
2,7,957,958,4,0,0,1329,1330
2,7,958,951,4,0,0,1331,1332
2,7,959,960,4,0,0,1333,1334
2,7,960,961,4,0,0,1335,1336
2,7,961,962,4,0,0,1337,1338
2,7,962,963,4,0,0,1339,1340
2,7,963,964,4,0,0,1341,1342
2,7,964,965,4,0,0,1343,1344
2,7,965,966,4,0,0,1345,1346
2,7,966,959,4,0,0,1347,1348
2,7,967,968,1,0,0,1349,65535
2,7,968,969,1,0,0,1350,65535
2,7,969,970,1,0,0,1351,65535
2,7,970,967,1,0,0,1352,65535
2,7,936,971,1,0,0,1353,65535
2,7,971,938,1,0,0,1354,65535
2,7,943,972,1,0,0,1355,65535
2,7,972,937,1,0,0,1356,65535
2,7,972,971,4,0,0,1357,1358
2,7,943,938,4,0,0,1359,1360
2,7,942,939,4,0,0,1361,1362
2,7,941,940,4,0,0,1363,1364
2,7,973,945,1,0,0,1365,65535
2,7,952,961,4,0,0,1366,1367
2,7,960,951,4,0,0,1368,1369
2,7,958,959,4,0,0,1370,1371
2,7,966,957,4,0,0,1372,1373
2,7,956,965,4,0,0,1374,1375
2,7,964,955,4,0,0,1376,1377
2,7,954,963,4,0,0,1378,1379
2,7,962,953,4,0,0,1380,1381
2,7,947,948,1,0,0,1382,65535
2,7,944,973,1,0,0,1383,65535
2,7,607,974,65025,0,0,1384,65535
2,7,975,650,65025,0,0,1385,65535
2,7,648,976,65025,65535,0,1386,65535
2,7,977,608,65025,0,0,1387,65535
2,7,978,979,65025,0,0,1388,65535
2,7,980,981,65025,0,0,1389,65535
2,7,979,980,65025,0,0,1390,65535
2,7,982,983,65025,0,0,1391,65535
2,7,983,984,65025,0,0,1392,65535
2,7,984,985,65025,0,0,1393,65535
2,7,986,987,65025,0,0,1394,65535
2,7,987,988,65025,0,0,1395,65535
2,7,988,989,65025,0,0,1396,65535
2,7,974,990,65025,0,0,1397,65535
2,7,991,982,65025,0,0,1398,65535
2,7,981,992,65025,0,0,1399,65535
2,7,993,975,65025,0,0,1400,65535
2,7,976,994,65025,0,0,1401,65535
2,7,995,978,65025,0,0,1402,65535
2,7,989,996,65025,0,0,1403,65535
2,7,997,977,65025,0,0,1404,65535
2,7,990,991,65041,0,0,1405,65535
2,7,992,993,65041,0,0,1406,65535
2,7,994,995,65041,0,0,1407,65535
2,7,996,997,65041,0,0,1408,65535
2,7,990,993,4,1,0,1409,1410
2,7,992,991,4,1,0,1411,1412
2,7,994,997,4,1,0,1413,1414
2,7,996,995,4,1,0,1415,1416
2,7,976,977,4,0,0,1417,1418
2,7,974,975,4,0,0,1419,1420
2,7,981,982,4,0,0,1421,1422
2,7,989,978,4,0,0,1423,1424
2,7,998,999,4,0,0,1425,1426
2,7,1000,998,4,0,0,1427,1428
2,7,999,1001,4,0,0,1429,1430
2,7,1001,1002,4,0,0,1431,1432
2,7,1002,1003,4,0,0,1433,1434
2,7,985,1004,65025,0,0,1435,65535
2,7,1004,1005,65025,0,0,1436,65535
2,7,1005,986,65025,0,0,1437,65535
2,7,1000,1001,4,0,0,1438,1439
2,7,1006,1007,4,0,0,1440,1441
2,7,1007,1003,4,0,0,1442,1443
2,7,1002,1008,4,0,0,1444,1445
2,7,1008,1009,4,0,0,1446,1447
2,7,1007,1008,4,0,0,1448,1449
2,7,1006,1009,4,0,0,1450,1451
2,7,135,860,1,0,0,1452,65535
2,7,860,1010,1,0,0,1453,65535
2,7,1011,324,1,0,0,1454,65535
2,7,1010,1012,1,0,0,1455,65535
2,7,1013,1014,1,0,0,1456,65535
2,7,1012,1015,1,0,0,1457,65535
2,7,1015,1013,1,0,0,1458,65535
2,7,377,1016,1,0,0,1459,65535
2,7,1016,1011,1,0,0,1460,65535
2,7,1017,1018,1,0,0,1461,65535
2,7,1018,1019,1,0,0,1462,65535
2,7,1019,75,1,0,0,1463,65535
2,7,403,1020,1,0,0,1464,65535
2,7,1020,1021,1,0,0,1465,65535
2,7,1021,1022,1,0,0,1466,65535
2,7,1020,1019,4,1,0,1467,1468
2,7,1018,1021,4,1,0,1469,1470
2,7,317,1023,1,0,0,1471,65535
2,7,1023,1017,1,0,0,1472,65535
2,7,1022,1024,1,0,0,1473,65535
2,7,228,1025,1,0,0,1474,65535
2,7,1025,240,1,0,0,1475,65535
2,7,772,1026,1,0,0,1476,65535
2,7,1026,1027,1,0,0,1477,65535
2,7,1027,770,1,0,0,1478,65535
2,7,1028,718,1,0,0,1479,65535
2,7,759,1029,1,0,0,1480,65535
2,7,1029,254,1,0,0,1481,65535
2,7,757,1030,1,0,0,1482,65535
2,7,1030,766,1,0,0,1483,65535
2,7,1030,762,68,0,0,1484,1485
2,7,726,1031,17,0,0,1486,65535
2,7,1032,1033,17,0,0,1487,65535
2,7,1033,711,1,0,0,1488,65535
2,7,299,266,1,0,0,1489,65535
2,7,1034,1035,1,0,0,1490,65535
2,7,1035,1036,1,0,0,1491,65535
2,7,1036,1037,1,0,0,1492,65535
2,7,1037,1038,1,0,0,1493,65535
2,7,1039,1040,1,0,0,1494,65535
2,7,1041,1042,1,0,0,1495,65535
2,7,1043,1044,1,0,0,1496,65535
2,7,1045,1046,1,0,0,1497,65535
2,7,1047,1048,1,0,0,1498,65535
2,7,1049,1050,1,0,0,1499,65535
2,7,1038,1051,1,0,0,1500,65535
2,7,1052,1053,1,0,0,1501,65535
2,7,1054,1047,1,0,0,1502,65535
2,7,1050,1055,1,0,0,1503,65535
2,7,1051,1056,1,0,0,1504,65535
2,7,1056,1057,1,0,0,1505,65535
2,7,1057,1054,1,0,0,1506,65535
2,7,1055,1058,1,0,0,1507,65535
2,7,1058,1059,1,0,0,1508,65535
2,7,1059,1052,1,0,0,1509,65535
2,7,1053,1060,1,0,0,1510,65535
2,7,1060,1039,1,0,0,1511,65535
2,7,1061,1062,1,0,0,1512,65535
2,7,1063,1061,1,0,0,1513,65535
2,7,1042,1064,1,0,0,1514,65535
2,7,1064,1065,1,0,0,1515,65535
2,7,1065,1043,1,0,0,1516,65535
2,7,1066,1063,1,0,0,1517,65535
2,7,1067,1066,1,0,0,1518,65535
2,7,1062,1068,1,0,0,1519,65535
2,7,1068,1067,1,0,0,1520,65535
2,7,1069,1034,1,0,0,1521,65535
2,7,1070,1069,1,0,0,1522,65535
2,7,1071,1072,1,0,0,1523,65535
2,7,1072,1045,1,0,0,1524,65535
2,7,1063,1073,4,0,0,1525,1526
2,7,1046,1061,4,0,0,1527,1528
2,7,1048,1074,1,0,0,1529,65535
2,7,1074,1075,1,0,0,1530,65535
2,7,1075,1041,1,0,0,1531,65535
2,7,1044,1076,1,0,0,1532,65535
2,7,1076,1077,1,0,0,1533,65535
2,7,1077,1049,1,0,0,1534,65535
2,7,1046,1078,17,0,0,1535,65535
2,7,1079,1073,17,0,0,1536,65535
2,7,1080,1079,1,0,0,1537,65535
2,7,1081,1080,1,0,0,1538,65535
2,7,1078,1081,1,0,0,1539,65535
2,7,1040,1082,1,0,0,1540,65535
2,7,1082,1083,1,0,0,1541,65535
2,7,1083,1084,1,0,0,1542,65535
2,7,1084,397,1,0,0,1543,65535
2,7,1085,1071,1,0,0,1544,65535
2,7,396,1086,1,0,0,1545,65535
2,7,1086,1087,1,0,0,1546,65535
2,7,1087,1085,1,0,0,1547,65535
2,7,1082,1085,12,0,0,1548,1549
2,7,396,397,4,0,0,1550,1551
2,7,1083,1087,4,1,0,1552,1553
2,7,1086,1084,4,1,0,1554,1555
2,7,1088,1089,17,0,0,1556,65535
2,7,52,1090,1,0,0,1557,65535
2,7,1090,1091,1,0,0,1558,65535
2,7,1091,399,1,0,0,1559,65535
2,7,399,1092,1,0,0,1560,65535
2,7,1092,1093,17,0,0,1561,65535
2,7,1093,1094,1,0,0,1562,65535
2,7,1094,1095,1,0,0,1563,65535
2,7,1095,1096,1,0,0,1564,65535
2,7,1096,1097,1,0,0,1565,65535
2,7,293,1098,1,0,0,1566,65535
2,7,1098,1088,1,0,0,1567,65535
2,7,1089,398,1,0,0,1568,65535
2,7,398,294,1,0,0,1569,65535
2,7,1097,1099,1,0,0,1570,65535
2,7,1099,1100,1,0,0,1571,65535
2,7,1100,268,1,0,0,1572,65535
2,7,1088,1093,4,34,0,1573,1574
2,7,1092,1089,4,34,0,1575,1576
2,7,1098,1094,4,0,0,1577,1578
2,7,399,398,4,0,0,1579,1580
2,7,1101,1102,4,0,0,1581,1582
2,7,1103,1101,4,0,0,1583,1584
2,7,1104,1103,4,0,0,1585,1586
2,7,1102,1104,4,0,0,1587,1588
2,7,1105,1106,1,0,0,1589,65535
2,7,1106,1107,1,0,0,1590,65535
2,7,1107,1108,1,0,0,1591,65535
2,7,1108,1109,1,0,0,1592,65535
2,7,1109,1110,1,0,0,1593,65535
2,7,313,1111,1,0,0,1594,65535
2,7,1111,1112,1,0,0,1595,65535
2,7,1112,1113,1,0,0,1596,65535
2,7,1113,1105,1,0,0,1597,65535
2,7,1110,1114,1,0,0,1598,65535
2,7,1114,1115,1,0,0,1599,65535
2,7,1115,1116,1,0,0,1600,65535
2,7,1116,314,1,0,0,1601,65535
2,7,313,1113,29,0,0,1602,1603
2,7,1114,314,29,0,0,1604,1605
2,7,292,1117,1,0,0,1606,65535
2,7,1117,1118,1,0,0,1607,65535
2,7,1118,1119,1,0,0,1608,65535
2,7,1120,1121,1,0,0,1609,65535
2,7,1121,1122,1,0,0,1610,65535
2,7,1122,272,1,0,0,1611,65535
2,7,1119,341,1,0,0,1612,65535
2,7,342,1120,1,0,0,1613,65535
2,7,1073,1070,1,0,0,1614,65535
2,7,616,1123,65025,0,0,1615,65535
2,7,1123,1124,65025,0,0,1616,65535
2,7,1124,1125,65025,0,0,1617,65535
2,7,1125,1126,65025,0,0,1618,65535
2,7,1126,1127,65025,0,0,1619,65535
2,7,1127,618,65025,0,0,1620,65535
2,7,627,1128,65025,0,0,1621,65535
2,7,1128,1129,65025,0,0,1622,65535
2,7,1129,1130,65025,0,0,1623,65535
2,7,1130,617,65025,0,0,1624,65535
2,7,375,1131,1,0,0,1625,65535
2,7,1131,1132,1,0,0,1626,65535
2,7,1132,1133,1,0,0,1627,65535
2,7,1133,1134,1,0,0,1628,65535
2,7,1134,1135,1,0,0,1629,65535
2,7,235,1136,1,0,0,1630,65535
2,7,1136,236,1,0,0,1631,65535
2,7,1131,1134,12,0,0,1632,1633
2,7,237,233,12,0,0,1634,1635
2,7,229,240,12,0,0,1636,1637
2,7,1137,1138,0,0,0,1638,65535
2,7,1138,1139,0,0,0,1639,65535
2,7,1139,1140,0,0,0,1640,65535
2,7,1140,1137,0,0,0,1641,65535
2,7,1141,1142,0,0,0,1642,65535
2,7,1142,1143,0,0,0,1643,65535
2,7,1143,1144,0,0,0,1644,65535
2,7,1144,1141,0,0,0,1645,65535
2,7,1145,1146,0,0,0,1646,65535
2,7,1146,1147,0,0,0,1647,65535
2,7,1147,1148,0,0,0,1648,65535
2,7,1148,1145,0,0,0,1649,65535
2,7,478,1149,65025,0,0,1650,65535
2,7,1149,1150,65025,0,0,1651,65535
2,7,1150,630,65025,0,0,1652,65535
2,7,528,524,12,0,0,1653,1654
2,7,523,527,12,0,0,1655,1656
2,7,534,533,12,0,0,1657,1658
2,7,181,1151,17,0,0,1659,65535
2,7,1152,1153,17,0,0,1660,65535
2,7,1153,1154,17,0,0,1661,65535
2,7,1154,1155,17,0,0,1662,65535
2,7,1156,179,17,0,0,1663,65535
2,7,181,179,4,103,3,1664,1665
2,7,1151,1152,17,0,0,1666,65535
2,7,1155,1156,17,0,0,1667,65535
2,7,1156,1151,4,0,0,1668,1669
2,7,1157,1158,20,0,0,1670,1671
2,7,1158,1159,20,0,0,1672,1673
2,7,1159,1160,20,0,0,1674,1675
2,7,1160,1161,20,0,0,1676,1677
2,7,1161,1162,20,0,0,1678,1679
2,7,1162,1163,20,0,0,1680,1681
2,7,1163,1164,20,0,0,1682,1683
2,7,1164,1157,20,0,0,1684,1685
2,7,333,331,76,0,0,1686,1687
2,7,221,225,12,0,0,1688,1689
2,7,219,222,12,0,0,1690,1691
2,7,350,1165,1,0,0,1692,65535
2,7,1165,1166,1,0,0,1693,65535
2,7,1166,1167,1,0,0,1694,65535
2,7,1167,1168,1,0,0,1695,65535
2,7,1168,1169,1,0,0,1696,65535
2,7,1170,1171,1,0,0,1697,65535
2,7,1171,1172,1,0,0,1698,65535
2,7,1172,1173,1,0,0,1699,65535
2,7,1173,1174,1,0,0,1700,65535
2,7,1174,332,1,0,0,1701,65535
2,7,1165,1168,12,0,0,1702,1703
2,7,1171,1174,12,0,0,1704,1705
2,7,319,1175,4,0,0,1706,1707
2,7,1024,1176,1,0,0,1708,65535
2,7,1176,1177,1,0,0,1709,65535
2,7,1177,1178,1,0,0,1710,65535
2,7,1179,1180,1,0,0,1711,65535
2,7,1180,1181,17,0,0,1712,65535
2,7,1181,1182,1,0,0,1713,65535
2,7,1182,1183,1,0,0,1714,65535
2,7,1183,1184,1,0,0,1715,65535
2,7,1184,1185,1,0,0,1716,65535
2,7,1185,1186,1,0,0,1717,65535
2,7,1187,1188,1,0,0,1718,65535
2,7,1188,1189,1,0,0,1719,65535
2,7,1189,1190,1,0,0,1720,65535
2,7,1186,1191,1,0,0,1721,65535
2,7,1191,1192,1,11,0,1722,65535
2,7,1192,1187,1,0,0,1723,65535
2,7,1190,1193,1,0,0,1724,65535
2,7,1193,1194,1,0,0,1725,65535
2,7,1194,1195,17,0,0,1726,65535
2,7,1195,1196,1,0,0,1727,65535
2,7,1178,1197,28,0,0,1728,1729
2,7,1180,1195,4,1,0,1730,1731
2,7,1194,1181,4,1,0,1732,1733
2,7,1193,1182,4,0,0,1734,1735
2,7,1175,1198,4,0,0,1736,1737
2,7,1198,1024,4,0,0,1738,1739
2,7,1175,1197,132,0,0,1740,1741
2,7,1178,1198,132,0,0,1742,1743
2,7,1017,1022,12,0,0,1744,1745
2,7,377,1013,68,0,0,1746,1747
2,7,672,38,1,0,0,1748,65535
2,7,37,673,1,0,0,1749,65535
2,7,37,38,4,0,0,1750,1751
2,7,672,673,28,0,0,1752,1753
2,7,998,988,4,0,0,1754,1755
2,7,983,999,4,0,0,1756,1757
2,7,443,468,1,0,0,1758,65535
2,7,1199,1200,12,0,0,1759,1760
2,7,1201,1202,4,0,0,1761,1762
2,7,1202,1203,4,0,0,1763,1764
2,7,1203,1204,4,0,0,1765,1766
2,7,1200,1204,1,0,0,1767,65535
2,7,1204,1201,1,0,0,1768,65535
2,7,1201,1028,1,0,0,1769,65535
2,7,379,1205,1,0,0,1770,65535
2,7,1205,1206,1,0,0,1771,65535
2,7,1206,1207,1,0,0,1772,65535
2,7,1208,1205,4,0,0,1773,1774
2,7,1209,1208,4,0,0,1775,1776
2,7,1206,1209,4,0,0,1777,1778
2,7,452,455,4,97,9,1779,1780
2,7,165,1210,1,0,0,1781,65535
2,7,1210,1211,1,0,0,1782,65535
2,7,1211,1212,1,0,0,1783,65535
2,7,1212,1213,1,0,0,1784,65535
2,7,1213,1214,1,0,0,1785,65535
2,7,1214,1215,1,0,0,1786,65535
2,7,1215,160,1,0,0,1787,65535
2,7,161,1216,1,0,0,1788,65535
2,7,1216,1217,1,0,0,1789,65535
2,7,1217,1218,1,0,0,1790,65535
2,7,1218,1219,1,0,0,1791,65535
2,7,1219,1220,1,0,0,1792,65535
2,7,1220,1221,1,0,0,1793,65535
2,7,1221,156,1,0,0,1794,65535
2,7,157,1222,1,0,0,1795,65535
2,7,1222,1223,1,0,0,1796,65535
2,7,1223,1224,1,0,0,1797,65535
2,7,1224,1225,1,0,0,1798,65535
2,7,1225,1226,1,0,0,1799,65535
2,7,1226,1227,1,0,0,1800,65535
2,7,1227,152,1,0,0,1801,65535
2,7,153,1228,1,0,0,1802,65535
2,7,1228,1229,1,0,0,1803,65535
2,7,1229,1230,1,0,0,1804,65535
2,7,1230,1231,1,0,0,1805,65535
2,7,1231,1232,1,0,0,1806,65535
2,7,1232,1233,1,0,0,1807,65535
2,7,1233,150,1,0,0,1808,65535
2,7,151,1234,1,0,0,1809,65535
2,7,1234,1235,1,0,0,1810,65535
2,7,1235,1236,1,0,0,1811,65535
2,7,1236,1237,1,0,0,1812,65535
2,7,1237,1238,1,0,0,1813,65535
2,7,1238,1239,1,0,0,1814,65535
2,7,1239,530,1,0,0,1815,65535
2,7,159,1240,1,0,0,1816,65535
2,7,1240,1241,1,0,0,1817,65535
2,7,1241,1242,1,0,0,1818,65535
2,7,1242,1243,1,0,0,1819,65535
2,7,1243,1244,1,0,0,1820,65535
2,7,1244,1245,1,0,0,1821,65535
2,7,1245,162,1,0,0,1822,65535
2,7,533,1246,1,0,0,1823,65535
2,7,1246,1247,1,0,0,1824,65535
2,7,1247,1248,1,0,0,1825,65535
2,7,1248,1249,1,0,0,1826,65535
2,7,1249,1250,1,0,0,1827,65535
2,7,1250,1251,1,0,0,1828,65535
2,7,1251,158,1,0,0,1829,65535
2,7,155,1252,1,0,0,1830,65535
2,7,1252,1253,1,0,0,1831,65535
2,7,1253,1254,1,0,0,1832,65535
2,7,1254,1255,1,0,0,1833,65535
2,7,1255,1256,1,0,0,1834,65535
2,7,1256,1257,1,0,0,1835,65535
2,7,1257,534,1,0,0,1836,65535
2,7,149,1258,1,0,0,1837,65535
2,7,1258,1259,1,0,0,1838,65535
2,7,1259,1260,1,0,0,1839,65535
2,7,1260,1261,1,0,0,1840,65535
2,7,1261,1262,1,0,0,1841,65535
2,7,1262,1263,1,0,0,1842,65535
2,7,1263,154,1,0,0,1843,65535
2,7,526,1264,1,0,0,1844,65535
2,7,1264,1265,1,0,0,1845,65535
2,7,1265,1266,1,0,0,1846,65535
2,7,1266,1267,1,0,0,1847,65535
2,7,1267,1268,1,0,0,1848,65535
2,7,1268,1269,1,0,0,1849,65535
2,7,1269,148,1,0,0,1850,65535
2,7,1026,763,12,0,0,1851,1852
2,7,12,1270,4,0,0,1853,1854
2,7,1270,8,4,0,0,1855,1856
2,7,1271,1272,1,0,0,1857,65535
2,7,1272,1273,1,0,0,1858,65535
2,7,1273,1274,1,0,0,1859,65535
2,7,1271,1274,4,0,0,1860,1861
2,7,1275,1276,4,0,0,1862,1863
2,7,1276,1277,4,0,0,1864,1865
2,7,1277,1278,4,0,0,1866,1867
2,7,1278,1275,4,0,0,1868,1869
2,7,1279,1280,4,0,0,1870,1871
2,7,1280,1281,4,0,0,1872,1873
2,7,1281,1282,4,0,0,1874,1875
2,7,1282,1279,4,0,0,1876,1877
2,7,1283,1284,4,0,0,1878,1879
2,7,1284,1285,4,0,0,1880,1881
2,7,1285,1286,4,0,0,1882,1883
2,7,1286,1283,4,0,0,1884,1885
2,7,1287,1288,17,0,0,1886,65535
2,7,1288,1289,17,0,0,1887,65535
2,7,1289,1290,17,0,0,1888,65535
2,7,1290,1287,17,0,0,1889,65535
2,7,1291,1292,17,0,0,1890,65535
2,7,1292,1293,17,0,0,1891,65535
2,7,1293,1294,17,0,0,1892,65535
2,7,1294,1291,17,0,0,1893,65535
2,7,1295,1296,17,0,0,1894,65535
2,7,1296,1297,17,0,0,1895,65535
2,7,1297,1298,17,0,0,1896,65535
2,7,1298,1295,17,0,0,1897,65535
2,7,1207,1299,1,0,0,1898,65535
2,7,1299,1300,1,0,0,1899,65535
2,7,1300,1301,17,103,4,1900,65535
2,7,1301,1302,1,0,0,1901,65535
2,7,1302,1271,1,0,0,1902,65535
2,7,1299,1302,12,0,0,1903,1904
2,7,8,1303,1,0,0,1905,65535
2,7,1303,1304,17,0,0,1906,65535
2,7,1304,1200,1,0,0,1907,65535
2,7,1199,1305,1,0,0,1908,65535
2,7,1305,1306,17,0,0,1909,65535
2,7,1306,2,1,0,0,1910,65535
2,7,1305,1304,4,0,0,1911,1912
2,7,1303,1306,4,0,0,1913,1914
2,7,1169,1307,1,0,0,1915,65535
2,7,1307,1308,1,0,0,1916,65535
2,7,1308,1309,1,0,0,1917,65535
2,7,1309,1310,1,0,0,1918,65535
2,7,1310,1311,1,0,0,1919,65535
2,7,1311,1312,1,0,0,1920,65535
2,7,1312,1170,1,0,0,1921,65535
2,7,1307,1313,28,0,0,1922,1923
2,7,1313,1314,28,0,0,1924,1925
2,7,1314,1312,28,0,0,1926,1927
2,7,1310,1314,4,0,0,1928,1929
2,7,1313,1309,4,0,0,1930,1931
2,7,130,1315,1,0,0,1932,65535
2,7,1315,351,1,0,0,1933,65535
2,7,77,1316,1,0,0,1934,65535
2,7,1316,1317,1,0,0,1935,65535
2,7,1317,1318,1,0,0,1936,65535
2,7,1318,1319,1,0,0,1937,65535
2,7,1319,80,1,0,0,1938,65535
2,7,1316,1319,28,0,0,1939,1940
2,7,1014,1320,1,0,0,1941,65535
2,7,1320,1321,1,0,0,1942,65535
2,7,1321,1322,17,0,0,1943,65535
2,7,1322,1323,1,0,0,1944,65535
2,7,1324,1325,1,0,0,1945,65535
2,7,1325,1326,17,0,0,1946,65535
2,7,1326,316,1,0,0,1947,65535
2,7,1327,1328,1,0,0,1948,65535
2,7,1328,1329,4,103,5,1949,1950
2,7,1329,1324,1,0,0,1951,65535
2,7,1323,1330,1,0,0,1952,65535
2,7,1330,1327,1,0,0,1953,65535
2,7,1324,1323,4,0,0,1954,1955
2,7,1320,316,4,0,0,1956,1957
2,7,1321,1326,4,33,0,1958,1959
2,7,1325,1322,4,0,0,1960,1961
2,7,522,1331,1,0,0,1962,65535
2,7,1332,1333,1,0,0,1963,65535
2,7,1333,1334,1,0,0,1964,65535
2,7,1334,1335,1,0,0,1965,65535
2,7,1336,1337,1,0,0,1966,65535
2,7,522,1337,28,0,0,1967,1968
2,7,1331,1336,4,0,0,1969,1970
2,7,1335,1336,17,0,0,1971,65535
2,7,1331,1332,17,0,0,1972,65535
2,7,1335,1332,4,0,0,1973,1974
2,7,1274,1199,17,0,0,1975,65535
2,7,330,1338,1,0,0,1976,65535
2,7,1338,331,1,0,0,1977,65535
2,7,333,1339,1,0,0,1978,65535
2,7,1339,864,1,0,0,1979,65535
2,7,230,1340,1,0,0,1980,65535
2,7,1340,356,1,0,0,1981,65535
2,7,492,489,4,0,0,1982,1983
2,7,1003,1000,4,0,0,1984,1985
2,7,1341,1342,17,0,0,1986,65535
2,7,1343,1344,17,0,0,1987,65535
2,7,1344,1345,17,0,0,1988,65535
2,7,1346,1347,17,0,0,1989,65535
2,7,1347,1348,17,0,0,1990,65535
2,7,1342,1349,17,0,0,1991,65535
2,7,1349,1343,17,0,0,1992,65535
2,7,1348,1350,17,0,0,1993,65535
2,7,1350,1341,17,0,0,1994,65535
2,7,1351,1352,1,0,0,1995,65535
2,7,1352,1353,1,0,0,1996,65535
2,7,1353,1354,17,0,0,1997,65535
2,7,1354,1355,17,0,0,1998,65535
2,7,1355,1356,17,103,8,1999,65535
2,7,1356,1357,17,0,0,2000,65535
2,7,1357,1358,17,0,0,2001,65535
2,7,1358,1359,1,0,0,2002,65535
2,7,1359,1360,1,0,0,2003,65535
2,7,1353,1358,4,33,0,2004,2005
2,7,1357,1354,4,0,0,2006,2007
2,7,1345,1351,17,0,0,2008,65535
2,7,1360,1346,17,0,0,2009,65535
2,7,1352,1359,4,0,0,2010,2011
2,7,1350,1349,4,97,10,2012,2013
2,7,1361,1362,65029,0,0,2014,2015
2,7,1363,1361,65029,0,0,2016,2017
2,7,1364,1363,65029,0,0,2018,2019
2,7,1362,1364,65029,0,0,2020,2021
2,7,1365,1366,65029,0,0,2022,2023
2,7,1367,1365,65029,0,0,2024,2025
2,7,1368,1367,65029,0,0,2026,2027
2,7,1366,1368,65029,0,0,2028,2029
2,7,1369,1370,65029,0,0,2030,2031
2,7,1371,1369,65029,0,0,2032,2033
2,7,1372,1371,65029,0,0,2034,2035
2,7,1370,1372,65029,0,0,2036,2037
2,7,1373,1374,65029,0,0,2038,2039
2,7,1375,1373,65029,0,0,2040,2041
2,7,1376,1375,65029,0,0,2042,2043
2,7,1374,1377,65029,0,0,2044,2045
2,7,1378,1379,65028,0,0,2046,2047
2,7,1380,1381,65028,0,0,2048,2049
2,7,1382,1380,65028,0,0,2050,2051
2,7,1379,1383,65028,0,0,2052,2053
2,7,1384,1385,65029,0,0,2054,2055
2,7,1386,1384,65029,0,0,2056,2057
2,7,1387,1386,65029,0,0,2058,2059
2,7,1385,1387,65029,0,0,2060,2061
2,7,1388,1389,65029,0,0,2062,2063
2,7,1390,1388,65029,0,0,2064,2065
2,7,1391,1390,65029,0,0,2066,2067
2,7,1389,1391,65029,0,0,2068,2069
2,7,1392,1376,65029,0,0,2070,2071
2,7,1376,1393,65029,0,0,2072,2073
2,7,1393,1377,65029,0,0,2074,2075
2,7,1377,1392,65029,0,0,2076,2077
2,7,1394,1395,65028,0,0,2078,2079
2,7,1395,1396,65028,0,0,2080,2081
2,7,1397,1394,65028,0,0,2082,2083
2,7,1398,1399,65028,0,0,2084,2085
2,7,1400,1397,65028,0,0,2086,2087
2,7,1400,1395,65028,0,0,2088,2089
2,7,1401,1398,65028,0,0,2090,2091
2,7,1402,1401,65028,0,0,2092,2093
2,7,1399,1402,65028,0,0,2094,2095
2,7,1403,1404,65028,0,0,2096,2097
2,7,1404,1405,65028,0,0,2098,2099
2,7,1405,1406,65028,0,0,2100,2101
2,7,1406,1403,65028,0,0,2102,2103
2,7,1396,1407,65028,0,0,2104,2105
2,7,1135,1408,36,0,0,2106,2107
2,7,1408,231,1,0,0,2108,65535
2,7,1135,1409,17,0,0,2109,65535
2,7,1410,1408,17,0,0,2110,65535
2,7,1409,1411,1,0,0,2111,65535
2,7,1411,1412,36,0,0,2112,2113
2,7,1412,1410,1,0,0,2114,65535
2,7,1413,1414,36,0,0,2115,2116
2,7,1414,1415,1,0,0,2117,65535
2,7,1415,1416,1,0,0,2118,65535
2,7,1416,1413,1,0,0,2119,65535
2,7,1413,1412,17,0,0,2120,65535
2,7,1411,1414,17,0,0,2121,65535
2,7,1410,1409,36,0,0,2122,2123
2,7,133,1417,1,0,0,2124,65535
2,7,1418,134,1,0,0,2125,65535
2,7,1417,1419,1,0,0,2126,65535
2,7,1419,1418,1,0,0,2127,65535
2,7,136,143,76,0,0,2128,2129
2,7,1407,1400,65028,0,0,2130,2131
2,7,1383,1382,65028,0,0,2132,2133
2,7,1381,1378,65028,0,0,2134,2135
2,7,1420,1381,65028,0,0,2136,2137
2,7,1382,1421,65028,0,0,2138,2139
2,7,1421,1422,65028,0,0,2140,2141
2,7,1422,1420,65028,0,0,2142,2143
2,7,1423,1424,65028,0,0,2144,2145
2,7,1424,1425,65028,0,0,2146,2147
2,7,1425,1426,65028,0,0,2148,2149
2,7,1426,1427,65028,0,0,2150,2151
2,7,1427,1428,65028,0,0,2152,2153
2,7,1428,1423,65028,0,0,2154,2155
2,7,1429,1430,65028,0,0,2156,2157
2,7,1430,1431,65028,0,0,2158,2159
2,7,1431,1432,65028,0,0,2160,2161
2,7,1432,1429,65028,0,0,2162,2163
2,7,1433,1434,65028,0,0,2164,2165
2,7,1434,1435,65028,0,0,2166,2167
2,7,1435,1436,65028,0,0,2168,2169
2,7,1436,1433,65028,0,0,2170,2171
2,7,537,538,1,0,0,2172,65535
2,7,1337,318,1,0,0,2173,65535
2,7,1197,521,1,0,0,2174,65535
2,7,1179,1196,4,0,0,2175,2176
2,7,1196,1197,1,0,0,2177,65535
2,7,1178,1179,1,0,0,2178,65535
2,7,1437,1438,4,0,0,2179,2180
2,7,1438,1439,4,0,0,2181,2182
2,7,1439,1440,4,0,0,2183,2184
2,7,1440,1437,4,0,0,2185,2186
2,7,1441,1442,5,0,0,2187,2188
2,7,1064,1441,5,0,0,2189,2190
2,7,1442,1065,5,0,0,2191,2192
2,7,1441,1067,5,0,0,2193,2194
2,7,1068,1442,5,0,0,2195,2196
2,7,1047,1042,29,0,0,2197,2198
2,7,1043,1050,29,0,0,2199,2200
2,7,1051,1054,13,0,0,2201,2202
2,7,1055,1052,13,0,0,2203,2204
2,7,1032,1031,68,0,0,2205,2206
2,7,726,1033,4,0,0,2207,2208
2,7,1328,1443,17,0,0,2209,65535
2,7,1443,1444,1,0,0,2210,65535
2,7,1444,1445,1,20,6,2211,65535
2,7,1445,1446,1,0,0,2212,65535
2,7,1446,1329,17,0,0,2213,65535
2,7,1446,1443,4,0,0,2214,2215
2,7,428,448,28,0,0,2216,2217
2,7,343,348,28,0,0,2218,2219
2,7,410,415,28,0,0,2220,2221
2,7,423,138,28,0,0,2222,2223
2,7,417,422,28,0,0,2224,2225
2,7,433,438,28,0,0,2226,2227
2,7,141,432,28,0,0,2228,2229
2,7,406,405,28,0,0,2230,2231
2,7,532,531,4,0,0,2232,2233
2,7,849,852,28,0,0,2234,2235
2,7,174,168,1,0,0,2236,65535
2,7,535,170,1,0,0,2237,65535
2,7,1029,718,4,0,0,2238,2239
2,7,1028,254,76,0,0,2240,2241
2,7,380,1032,1,0,0,2242,65535
2,7,1031,662,1,0,0,2243,65535
2,7,1447,1448,4,102,12,2244,2245
2,7,1448,1449,4,0,0,2246,2247
2,7,1449,1450,4,102,12,2248,2249
2,7,1450,1447,4,0,0,2250,2251
