episode,mission,vertex_1,vertex_2,flags,action_special,sector_tag,front_side,back_side
2,9,0,1,17,0,0,0,65535
2,9,1,2,17,0,0,1,65535
2,9,2,3,17,0,0,2,65535
2,9,3,4,17,0,0,3,65535
2,9,4,5,17,0,0,4,65535
2,9,5,6,17,0,0,5,65535
2,9,6,7,17,0,0,6,65535
2,9,7,8,17,0,0,7,65535
2,9,8,9,17,0,0,8,65535
2,9,9,10,17,0,0,9,65535
2,9,10,11,17,0,0,10,65535
2,9,11,12,17,0,0,11,65535
2,9,12,13,17,0,0,12,65535
2,9,13,14,17,0,0,13,65535
2,9,14,15,17,0,0,14,65535
2,9,15,16,17,0,0,15,65535
2,9,16,17,17,0,0,16,65535
2,9,17,18,17,0,0,17,65535
2,9,18,19,17,0,0,18,65535
2,9,19,20,17,0,0,19,65535
2,9,20,21,17,0,0,20,65535
2,9,21,22,17,0,0,21,65535
2,9,22,23,17,0,0,22,65535
2,9,23,24,17,0,0,23,65535
2,9,24,25,17,0,0,24,65535
2,9,25,26,17,0,0,25,65535
2,9,26,27,17,0,0,26,65535
2,9,27,28,17,0,0,27,65535
2,9,28,29,17,0,0,28,65535
2,9,29,30,17,0,0,29,65535
2,9,30,31,17,0,0,30,65535
2,9,31,32,17,0,0,31,65535
2,9,32,33,17,0,0,32,65535
2,9,33,34,17,0,0,33,65535
2,9,34,35,17,0,0,34,65535
2,9,35,36,17,0,0,35,65535
2,9,36,37,17,0,0,36,65535
2,9,37,38,17,0,0,37,65535
2,9,38,39,17,0,0,38,65535
2,9,39,40,17,0,0,39,65535
2,9,40,41,17,0,0,40,65535
2,9,41,42,17,0,0,41,65535
2,9,42,43,17,0,0,42,65535
2,9,43,44,17,0,0,43,65535
2,9,44,45,17,0,0,44,65535
2,9,45,46,17,0,0,45,65535
2,9,46,47,17,0,0,46,65535
2,9,47,48,17,0,0,47,65535
2,9,48,49,17,0,0,48,65535
2,9,49,50,17,0,0,49,65535
2,9,50,51,17,0,0,50,65535
2,9,51,52,17,0,0,51,65535
2,9,52,53,17,0,0,52,65535
2,9,53,54,17,0,0,53,65535
2,9,54,55,17,0,0,54,65535
2,9,55,56,17,0,0,55,65535
2,9,56,57,17,0,0,56,65535
2,9,57,58,17,0,0,57,65535
2,9,58,59,17,0,0,58,65535
2,9,59,60,17,0,0,59,65535
2,9,60,61,17,0,0,60,65535
2,9,61,62,17,0,0,61,65535
2,9,62,63,17,0,0,62,65535
2,9,63,64,17,0,0,63,65535
2,9,64,65,17,0,0,64,65535
2,9,66,67,17,0,0,65,65535
2,9,67,68,17,0,0,66,65535
2,9,68,0,17,0,0,67,65535
2,9,65,69,17,0,0,68,65535
2,9,69,70,17,0,0,69,65535
2,9,70,71,1,0,0,70,65535
2,9,71,72,1,0,0,71,65535
2,9,72,73,1,0,0,72,65535
2,9,73,74,1,0,0,73,65535
2,9,75,76,1,0,0,74,65535
2,9,76,77,1,0,0,75,65535
2,9,77,78,1,0,0,76,65535
2,9,79,80,1,0,0,77,65535
2,9,80,81,1,0,0,78,65535
2,9,81,82,1,0,0,79,65535
2,9,83,84,1,0,0,80,65535
2,9,84,85,1,0,0,81,65535
2,9,85,86,1,0,0,82,65535
2,9,86,87,1,0,0,83,65535
2,9,87,88,17,0,0,84,65535
2,9,88,66,17,0,0,85,65535
2,9,69,88,4,31,0,86,87
2,9,87,70,4,31,0,88,89
2,9,89,90,20,0,0,90,91
2,9,91,89,20,0,0,92,93
2,9,92,91,20,0,0,94,95
2,9,90,92,20,0,0,96,97
2,9,78,93,1,0,0,98,65535
2,9,93,94,1,0,0,99,65535
2,9,95,96,1,0,0,100,65535
2,9,96,79,1,0,0,101,65535
2,9,94,97,17,0,0,102,65535
2,9,97,98,1,103,26,103,65535
2,9,99,95,17,0,0,104,65535
2,9,100,99,17,0,0,105,65535
2,9,101,100,20,32,0,106,107
2,9,94,95,4,31,0,108,109
2,9,99,97,4,0,0,110,111
2,9,98,102,20,0,0,112,113
2,9,102,103,1,0,0,114,65535
2,9,104,101,17,0,0,115,65535
2,9,74,105,1,0,0,116,65535
2,9,105,106,1,0,0,117,65535
2,9,106,107,1,0,0,118,65535
2,9,107,75,1,0,0,119,65535
2,9,105,75,5,0,0,120,121
2,9,108,83,1,0,0,122,65535
2,9,109,108,1,0,0,123,65535
2,9,110,109,1,0,0,124,65535
2,9,82,110,1,0,0,125,65535
2,9,82,108,5,0,0,126,127
2,9,98,111,17,0,0,128,65535
2,9,112,102,17,0,0,129,65535
2,9,101,113,17,0,0,130,65535
2,9,114,100,17,0,0,131,65535
2,9,114,113,28,0,0,132,133
2,9,111,112,20,0,0,134,135
2,9,113,115,1,0,0,136,65535
2,9,115,116,20,0,0,137,138
2,9,116,114,1,0,0,139,65535
2,9,103,117,17,0,0,140,65535
2,9,117,118,17,0,0,141,65535
2,9,119,120,17,0,0,142,65535
2,9,121,122,17,0,0,143,65535
2,9,122,123,17,0,0,144,65535
2,9,124,104,17,0,0,145,65535
2,9,125,124,17,0,0,146,65535
2,9,126,125,20,33,0,147,148
2,9,127,126,17,0,0,149,65535
2,9,123,127,1,0,0,150,65535
2,9,120,121,17,0,0,151,65535
2,9,118,119,17,0,0,152,65535
2,9,117,122,4,34,0,153,154
2,9,126,128,17,0,0,155,65535
2,9,128,129,17,0,0,156,65535
2,9,129,130,20,0,0,157,158
2,9,130,131,17,0,0,159,65535
2,9,131,125,17,0,0,160,65535
2,9,131,128,28,0,0,161,162
2,9,118,121,4,52,0,163,164
2,9,132,133,20,0,0,165,166
2,9,134,135,20,0,0,167,168
2,9,136,134,20,0,0,169,170
2,9,137,136,20,0,0,171,172
2,9,138,132,20,0,0,173,174
2,9,139,138,20,0,0,175,176
2,9,135,139,20,0,0,177,178
2,9,140,141,20,0,0,179,180
2,9,141,142,20,0,0,181,182
2,9,142,137,20,0,0,183,184
2,9,133,143,20,0,0,185,186
2,9,143,140,20,0,0,187,188
2,9,111,144,1,0,0,189,65535
2,9,144,145,1,0,0,190,65535
2,9,145,112,1,0,0,191,65535
2,9,129,146,1,0,0,192,65535
2,9,146,147,1,0,0,193,65535
2,9,147,130,1,0,0,194,65535
2,9,148,116,1,0,0,195,65535
2,9,149,148,1,0,0,196,65535
2,9,115,149,1,0,0,197,65535
