episode,mission,vertex_1,vertex_2,flags,action_special,sector_tag,front_side,back_side
3,2,0,1,1,0,0,0,65535
3,2,2,3,1,0,0,1,65535
3,2,4,2,1,0,0,2,65535
3,2,5,4,1,0,0,3,65535
3,2,6,5,1,0,0,4,65535
3,2,7,8,1,0,0,5,65535
3,2,9,7,1,0,0,6,65535
3,2,10,11,1,0,0,7,65535
3,2,12,13,1,0,0,8,65535
3,2,14,12,1,0,0,9,65535
3,2,15,14,36,0,0,10,11
3,2,16,17,1,0,0,12,65535
3,2,18,16,1,0,0,13,65535
3,2,19,18,1,0,0,14,65535
3,2,20,21,1,0,0,15,65535
3,2,22,23,1,0,0,16,65535
3,2,24,25,17,103,6,17,65535
3,2,26,24,1,0,0,18,65535
3,2,27,26,1,0,0,19,65535
3,2,28,29,1,0,0,20,65535
3,2,30,28,1,0,0,21,65535
3,2,31,32,1,0,0,22,65535
3,2,33,34,1,0,0,23,65535
3,2,35,33,1,0,0,24,65535
3,2,36,35,1,0,0,25,65535
3,2,37,36,1,0,0,26,65535
3,2,38,39,1,0,0,27,65535
3,2,40,38,1,0,0,28,65535
3,2,41,40,1,0,0,29,65535
3,2,42,41,1,0,0,30,65535
3,2,43,42,36,0,0,31,32
3,2,44,43,1,0,0,33,65535
3,2,45,44,1,0,0,34,65535
3,2,46,47,1,0,0,35,65535
3,2,48,49,1,0,0,36,65535
3,2,50,48,1,0,0,37,65535
3,2,51,52,1,0,0,38,65535
3,2,1,51,5,0,0,39,40
3,2,1,53,1,0,0,41,65535
3,2,53,54,1,0,0,42,65535
3,2,54,55,1,0,0,43,65535
3,2,55,56,5,0,0,44,45
3,2,56,57,1,0,0,46,65535
3,2,57,58,1,0,0,47,65535
3,2,58,51,1,0,0,48,65535
3,2,53,58,5,0,0,49,50
3,2,54,57,5,0,0,51,52
3,2,55,59,1,0,0,53,65535
3,2,59,60,129,0,0,54,65535
3,2,60,56,1,0,0,55,65535
3,2,3,61,1,0,0,56,65535
3,2,61,62,1,0,0,57,65535
3,2,62,0,1,0,0,58,65535
3,2,52,63,1,0,0,59,65535
3,2,63,64,1,0,0,60,65535
3,2,65,66,1,0,0,61,65535
3,2,66,67,1,0,0,62,65535
3,2,67,68,1,0,0,63,65535
3,2,68,69,1,0,0,64,65535
3,2,69,70,1,0,0,65,65535
3,2,70,65,1,0,0,66,65535
3,2,64,50,1,0,0,67,65535
3,2,71,72,1,0,0,68,65535
3,2,72,73,1,0,0,69,65535
3,2,73,74,1,0,0,70,65535
3,2,74,75,1,0,0,71,65535
3,2,75,76,1,0,0,72,65535
3,2,76,77,1,0,0,73,65535
3,2,77,71,1,0,0,74,65535
3,2,78,79,1,0,0,75,65535
3,2,80,78,1,0,0,76,65535
3,2,81,80,1,0,0,77,65535
3,2,82,81,1,0,0,78,65535
3,2,79,82,1,0,0,79,65535
3,2,83,84,1,0,0,80,65535
3,2,85,83,1,0,0,81,65535
3,2,86,85,1,0,0,82,65535
3,2,87,86,1,0,0,83,65535
3,2,88,87,1,0,0,84,65535
3,2,89,88,1,0,0,85,65535
3,2,84,89,1,0,0,86,65535
3,2,90,91,1,0,0,87,65535
3,2,92,90,1,0,0,88,65535
3,2,93,92,1,0,0,89,65535
3,2,94,93,1,0,0,90,65535
3,2,95,94,1,0,0,91,65535
3,2,96,95,1,0,0,92,65535
3,2,97,96,1,0,0,93,65535
3,2,98,97,1,0,0,94,65535
3,2,99,98,1,0,0,95,65535
3,2,100,99,1,0,0,96,65535
3,2,101,100,1,0,0,97,65535
3,2,102,101,1,0,0,98,65535
3,2,103,102,1,0,0,99,65535
3,2,104,103,1,0,0,100,65535
3,2,91,104,1,0,0,101,65535
3,2,105,106,1,0,0,102,65535
3,2,106,107,1,0,0,103,65535
3,2,107,108,1,0,0,104,65535
3,2,108,109,1,0,0,105,65535
3,2,109,110,1,0,0,106,65535
3,2,110,111,1,0,0,107,65535
3,2,111,112,1,0,0,108,65535
3,2,112,113,1,0,0,109,65535
3,2,113,114,1,0,0,110,65535
3,2,114,115,1,0,0,111,65535
3,2,115,116,1,0,0,112,65535
3,2,116,117,1,0,0,113,65535
3,2,117,118,1,0,0,114,65535
3,2,118,119,1,0,0,115,65535
3,2,119,120,1,0,0,116,65535
3,2,120,121,1,0,0,117,65535
3,2,121,122,1,0,0,118,65535
3,2,122,123,1,0,0,119,65535
3,2,123,124,1,0,0,120,65535
3,2,124,125,1,0,0,121,65535
3,2,125,126,1,0,0,122,65535
3,2,126,127,1,0,0,123,65535
3,2,127,128,1,0,0,124,65535
3,2,128,129,1,0,0,125,65535
3,2,129,130,1,0,0,126,65535
3,2,130,131,1,0,0,127,65535
3,2,131,132,1,0,0,128,65535
3,2,132,133,1,0,0,129,65535
3,2,133,134,1,0,0,130,65535
3,2,134,135,1,0,0,131,65535
3,2,135,105,1,0,0,132,65535
3,2,76,3,68,0,0,133,134
3,2,48,82,68,0,0,135,136
3,2,81,87,68,0,0,137,138
3,2,89,65,68,0,0,139,140
3,2,70,73,68,0,0,141,142
3,2,136,137,1,0,0,143,65535
3,2,138,136,1,0,0,144,65535
3,2,139,138,1,0,0,145,65535
3,2,140,139,1,0,0,146,65535
3,2,137,140,1,0,0,147,65535
3,2,139,2,68,0,0,148,149
3,2,117,140,68,0,0,150,151
3,2,49,141,1,0,0,152,65535
3,2,49,135,68,0,0,153,154
3,2,7,4,4,0,0,155,156
3,2,142,143,4,0,0,157,158
3,2,143,144,4,0,0,159,160
3,2,144,145,4,0,0,161,162
3,2,145,142,4,0,0,163,164
3,2,8,146,5,0,0,165,166
3,2,146,6,1,0,0,167,65535
3,2,146,147,4,0,0,168,169
3,2,147,148,4,38,1,170,171
3,2,148,149,4,38,1,172,173
3,2,149,8,4,0,0,174,175
3,2,8,150,129,0,0,176,65535
3,2,151,152,129,0,0,177,65535
3,2,153,146,129,0,0,178,65535
3,2,152,154,129,0,0,179,65535
3,2,154,153,129,0,0,180,65535
3,2,150,155,129,0,0,181,65535
3,2,155,151,129,0,0,182,65535
3,2,150,153,4,0,0,183,184
3,2,156,157,4,0,0,185,186
3,2,157,158,4,0,0,187,188
3,2,158,159,4,0,0,189,190
3,2,159,160,4,0,0,191,192
3,2,160,161,4,0,0,193,194
3,2,161,162,4,0,0,195,196
3,2,162,163,4,0,0,197,198
3,2,163,156,4,0,0,199,200
3,2,164,165,4,0,0,201,202
3,2,165,166,4,0,0,203,204
3,2,166,167,4,0,0,205,206
3,2,167,164,4,0,0,207,208
3,2,168,169,1,0,0,209,65535
3,2,169,170,1,0,0,210,65535
3,2,170,171,1,0,0,211,65535
3,2,171,172,1,0,0,212,65535
3,2,172,173,1,0,0,213,65535
3,2,173,174,1,0,0,214,65535
3,2,174,175,1,0,0,215,65535
3,2,175,176,1,0,0,216,65535
3,2,176,177,1,0,0,217,65535
3,2,177,178,1,0,0,218,65535
3,2,178,179,1,0,0,219,65535
3,2,179,180,1,0,0,220,65535
3,2,180,168,1,0,0,221,65535
3,2,181,182,1,0,0,222,65535
3,2,182,183,1,0,0,223,65535
3,2,183,184,1,0,0,224,65535
3,2,184,181,1,0,0,225,65535
3,2,123,168,68,0,0,226,227
3,2,172,9,68,0,0,228,229
3,2,185,186,1,0,0,230,65535
3,2,186,187,1,0,0,231,65535
3,2,187,188,1,0,0,232,65535
3,2,188,189,1,0,0,233,65535
3,2,189,190,1,0,0,234,65535
3,2,190,191,1,0,0,235,65535
3,2,191,192,1,0,0,236,65535
3,2,192,193,1,0,0,237,65535
3,2,193,194,1,0,0,238,65535
3,2,194,195,1,0,0,239,65535
3,2,195,196,1,0,0,240,65535
3,2,196,197,1,0,0,241,65535
3,2,198,199,1,0,0,242,65535
3,2,200,201,1,0,0,243,65535
3,2,201,202,1,0,0,244,65535
3,2,202,203,1,0,0,245,65535
3,2,203,204,1,0,0,246,65535
3,2,204,205,1,0,0,247,65535
3,2,205,206,1,0,0,248,65535
3,2,206,207,1,0,0,249,65535
3,2,207,208,1,0,0,250,65535
3,2,208,209,1,0,0,251,65535
3,2,209,210,1,0,0,252,65535
3,2,210,211,1,0,0,253,65535
3,2,211,212,1,0,0,254,65535
3,2,212,213,1,0,0,255,65535
3,2,213,214,1,0,0,256,65535
3,2,214,215,1,0,0,257,65535
3,2,215,216,1,0,0,258,65535
3,2,216,217,1,0,0,259,65535
3,2,217,218,1,0,0,260,65535
3,2,218,219,1,0,0,261,65535
3,2,219,220,1,0,0,262,65535
3,2,220,221,1,0,0,263,65535
3,2,221,222,1,0,0,264,65535
3,2,222,185,1,0,0,265,65535
3,2,141,46,1,0,0,266,65535
3,2,141,187,68,0,0,267,268
3,2,188,128,68,0,0,269,270
3,2,201,174,68,0,0,271,272
3,2,46,218,68,0,0,273,274
3,2,46,223,68,0,0,275,276
3,2,38,28,68,38,12,277,278
3,2,28,21,68,0,0,279,280
3,2,224,225,1,0,0,281,65535
3,2,226,227,1,0,0,282,65535
3,2,227,228,1,0,0,283,65535
3,2,228,229,1,0,0,284,65535
3,2,229,230,1,0,0,285,65535
3,2,230,231,1,0,0,286,65535
3,2,231,232,1,0,0,287,65535
3,2,232,226,1,0,0,288,65535
3,2,233,234,17,0,0,289,65535
3,2,234,235,17,0,0,290,65535
3,2,235,236,36,31,0,291,292
3,2,236,237,17,0,0,293,65535
3,2,237,238,17,0,0,294,65535
3,2,238,239,17,0,0,295,65535
3,2,239,240,17,0,0,296,65535
3,2,240,241,17,0,0,297,65535
3,2,241,242,17,0,0,298,65535
3,2,242,243,17,0,0,299,65535
3,2,243,244,17,0,0,300,65535
3,2,244,245,17,0,0,301,65535
3,2,245,246,17,0,0,302,65535
3,2,246,233,17,0,0,303,65535
3,2,247,248,1,0,0,304,65535
3,2,248,249,1,0,0,305,65535
3,2,249,250,1,0,0,306,65535
3,2,250,251,1,0,0,307,65535
3,2,251,247,1,0,0,308,65535
3,2,252,253,1,0,0,309,65535
3,2,254,255,1,0,0,310,65535
3,2,255,256,1,0,0,311,65535
3,2,256,252,1,0,0,312,65535
3,2,257,258,1,0,0,313,65535
3,2,259,257,1,0,0,314,65535
3,2,260,259,1,0,0,315,65535
3,2,261,260,1,0,0,316,65535
3,2,262,261,1,0,0,317,65535
3,2,263,262,1,0,0,318,65535
3,2,264,263,1,0,0,319,65535
3,2,265,264,1,0,0,320,65535
3,2,266,265,1,0,0,321,65535
3,2,267,266,1,0,0,322,65535
3,2,268,267,1,0,0,323,65535
3,2,223,268,1,0,0,324,65535
3,2,269,223,1,0,0,325,65535
3,2,258,269,1,0,0,326,65535
3,2,235,270,17,0,0,327,65535
3,2,271,270,36,0,0,328,329
3,2,272,273,17,0,0,330,65535
3,2,273,274,17,0,0,331,65535
3,2,274,275,17,0,0,332,65535
3,2,275,271,17,0,0,333,65535
3,2,271,236,17,0,0,334,65535
3,2,173,228,68,0,0,335,336
3,2,276,9,1,0,0,337,65535
3,2,229,276,68,0,0,338,339
3,2,242,226,68,0,0,340,341
3,2,11,276,1,0,0,342,65535
3,2,230,11,68,0,0,343,344
3,2,260,234,68,0,0,345,346
3,2,197,198,1,0,0,347,65535
3,2,199,200,1,0,0,348,65535
3,2,18,277,68,3,4,349,350
3,2,16,12,68,0,0,351,352
3,2,21,278,1,0,0,353,65535
3,2,278,279,1,0,0,354,65535
3,2,279,280,1,0,0,355,65535
3,2,280,281,1,0,0,356,65535
3,2,281,282,1,0,0,357,65535
3,2,282,283,1,46,3,358,65535
3,2,283,284,1,0,0,359,65535
3,2,284,285,1,0,0,360,65535
3,2,285,286,1,0,0,361,65535
3,2,286,287,1,46,3,362,65535
3,2,287,288,1,0,0,363,65535
3,2,288,289,1,0,0,364,65535
3,2,289,290,1,0,0,365,65535
3,2,290,291,1,46,3,366,65535
3,2,291,292,1,0,0,367,65535
3,2,292,293,1,0,0,368,65535
3,2,293,294,1,0,0,369,65535
3,2,294,295,1,46,3,370,65535
3,2,295,296,1,0,0,371,65535
3,2,296,297,1,0,0,372,65535
3,2,297,298,1,0,0,373,65535
3,2,298,299,1,46,3,374,65535
3,2,299,300,1,0,0,375,65535
3,2,300,301,1,0,0,376,65535
3,2,301,302,1,0,0,377,65535
3,2,302,303,1,46,3,378,65535
3,2,303,304,1,0,0,379,65535
3,2,304,305,1,0,0,380,65535
3,2,305,19,1,0,0,381,65535
3,2,280,284,4,0,0,382,383
3,2,285,288,4,0,0,384,385
3,2,289,292,4,0,0,386,387
3,2,293,296,4,0,0,388,389
3,2,297,300,4,0,0,390,391
3,2,301,304,4,0,0,392,393
3,2,306,307,1,0,0,394,65535
3,2,307,277,1,0,0,395,65535
3,2,277,224,1,0,0,396,65535
3,2,308,309,4,38,2,397,398
3,2,309,310,4,38,2,399,400
3,2,310,308,4,38,2,401,402
3,2,311,312,36,0,0,403,404
3,2,13,313,36,0,0,405,406
3,2,313,311,36,0,0,407,408
3,2,225,10,17,0,0,409,65535
3,2,225,279,4,0,0,410,411
3,2,278,10,68,0,0,412,413
3,2,13,312,17,0,0,414,65535
3,2,312,306,1,0,0,415,65535
3,2,314,315,4,0,0,416,417
3,2,315,316,4,0,0,418,419
3,2,316,317,4,0,0,420,421
3,2,317,318,4,0,0,422,423
3,2,318,314,4,0,0,424,425
3,2,319,320,4,0,0,426,427
3,2,320,321,4,0,0,428,429
3,2,321,322,4,0,0,430,431
3,2,322,323,4,0,0,432,433
3,2,323,319,4,0,0,434,435
3,2,324,325,4,0,0,436,437
3,2,326,324,4,0,0,438,439
3,2,327,326,4,0,0,440,441
3,2,325,327,4,0,0,442,443
3,2,17,328,1,0,0,444,65535
3,2,328,329,1,0,0,445,65535
3,2,330,14,1,0,0,446,65535
3,2,331,330,1,0,0,447,65535
3,2,329,331,1,0,0,448,65535
3,2,330,328,36,0,0,449,450
3,2,17,332,36,0,0,451,452
3,2,332,15,36,103,4,453,454
3,2,29,333,1,0,0,455,65535
3,2,333,334,1,0,0,456,65535
3,2,334,335,1,0,0,457,65535
3,2,335,336,1,0,0,458,65535
3,2,336,337,1,0,0,459,65535
3,2,337,338,1,0,0,460,65535
3,2,338,339,1,0,0,461,65535
3,2,339,340,1,0,0,462,65535
3,2,340,341,1,0,0,463,65535
3,2,341,342,1,0,0,464,65535
3,2,342,343,1,0,0,465,65535
3,2,343,344,1,0,0,466,65535
3,2,344,345,1,0,0,467,65535
3,2,345,346,1,0,0,468,65535
3,2,346,347,1,0,0,469,65535
3,2,347,348,1,0,0,470,65535
3,2,348,349,1,0,0,471,65535
3,2,349,350,1,0,0,472,65535
3,2,350,27,1,0,0,473,65535
3,2,351,20,1,0,0,474,65535
3,2,352,351,1,0,0,475,65535
3,2,353,352,1,0,0,476,65535
3,2,354,353,1,0,0,477,65535
3,2,355,354,1,0,0,478,65535
3,2,356,355,1,0,0,479,65535
3,2,357,356,1,0,0,480,65535
3,2,358,357,1,0,0,481,65535
3,2,359,358,1,0,0,482,65535
3,2,360,359,1,0,0,483,65535
3,2,361,362,1,0,0,484,65535
3,2,363,361,1,0,0,485,65535
3,2,364,363,1,0,0,486,65535
3,2,365,364,1,0,0,487,65535
3,2,23,365,1,0,0,488,65535
3,2,334,20,68,0,0,489,490
3,2,348,363,68,0,0,491,492
3,2,366,367,4,2,8,493,494
3,2,367,368,4,2,8,495,496
3,2,368,369,4,2,8,497,498
3,2,369,370,4,2,8,499,500
3,2,370,366,4,2,8,501,502
3,2,371,254,1,0,0,503,65535
3,2,372,373,1,0,0,504,65535
3,2,373,374,1,0,0,505,65535
3,2,374,375,1,0,0,506,65535
3,2,375,371,1,0,0,507,65535
3,2,253,372,1,0,0,508,65535
3,2,350,364,4,2,5,509,510
3,2,362,360,36,0,0,511,512
3,2,376,360,17,0,0,513,65535
3,2,376,377,36,0,0,514,515
3,2,362,377,17,0,0,516,65535
3,2,377,378,1,0,0,517,65535
3,2,378,379,1,0,0,518,65535
3,2,379,380,1,0,0,519,65535
3,2,380,376,1,0,0,520,65535
3,2,381,382,4,0,0,521,522
3,2,383,22,17,103,7,523,65535
3,2,25,383,36,0,0,524,525
3,2,384,385,36,0,0,526,527
3,2,385,381,1,0,0,528,65535
3,2,382,384,1,0,0,529,65535
3,2,25,385,17,0,0,530,65535
3,2,384,383,17,0,0,531,65535
3,2,386,387,4,52,0,532,533
3,2,387,388,4,52,0,534,535
3,2,388,389,4,52,0,536,537
3,2,389,386,4,52,0,538,539
3,2,36,34,68,0,0,540,541
3,2,45,40,68,36,9,542,543
3,2,44,41,68,0,0,544,545
3,2,390,391,4,0,0,546,547
3,2,47,390,4,0,0,548,549
3,2,391,392,4,0,0,550,551
3,2,393,394,1,0,0,552,65535
3,2,392,45,1,0,0,553,65535
3,2,43,395,17,0,0,554,65535
3,2,395,396,17,0,0,555,65535
3,2,396,397,17,0,0,556,65535
3,2,397,398,17,0,0,557,65535
3,2,398,42,17,0,0,558,65535
3,2,398,395,36,0,0,559,560
3,2,34,31,4,0,0,561,562
3,2,34,399,17,0,0,563,65535
3,2,399,400,4,32,0,564,565
3,2,400,31,17,0,0,566,65535
3,2,399,401,17,0,0,567,65535
3,2,402,400,17,0,0,568,65535
3,2,402,401,4,0,0,569,570
3,2,401,403,1,0,0,571,65535
3,2,403,404,17,23,11,572,65535
3,2,404,402,1,0,0,573,65535
3,2,32,37,4,0,0,574,575
3,2,39,30,4,0,0,576,577
3,2,32,30,17,0,0,578,65535
3,2,39,37,17,0,0,579,65535
3,2,405,406,4,0,0,580,581
3,2,407,405,4,0,0,582,583
3,2,408,407,4,0,0,584,585
3,2,409,408,4,0,0,586,587
3,2,410,409,4,0,0,588,589
3,2,411,410,4,0,0,590,591
3,2,406,411,4,0,0,592,593
3,2,47,393,17,0,0,594,65535
3,2,394,412,4,30,13,595,596
3,2,412,413,4,0,0,597,598
3,2,413,393,4,0,0,599,600
3,2,394,392,17,0,0,601,65535
3,2,414,415,4,0,0,602,603
3,2,416,414,4,0,0,604,605
3,2,415,416,4,103,10,606,607
3,2,253,371,36,0,0,608,609
3,2,375,372,36,0,0,610,611
3,2,381,417,17,0,0,612,65535
3,2,417,418,1,0,0,613,65535
3,2,418,419,1,0,0,614,65535
3,2,419,420,1,0,0,615,65535
3,2,420,421,1,0,0,616,65535
3,2,421,422,1,0,0,617,65535
3,2,422,423,1,0,0,618,65535
3,2,423,424,1,0,0,619,65535
3,2,424,425,1,0,0,620,65535
3,2,425,382,17,0,0,621,65535
3,2,425,417,20,0,0,622,623
3,2,270,272,17,0,0,624,65535
