episode,mission,vertex_1,vertex_2,flags,action_special,sector_tag,front_side,back_side
3,3,0,1,17,0,0,0,65535
3,3,2,3,17,0,0,1,65535
3,3,4,5,1,0,0,2,65535
3,3,6,7,17,0,0,3,65535
3,3,8,9,17,0,0,4,65535
3,3,10,11,1,0,0,5,65535
3,3,12,10,1,0,0,6,65535
3,3,13,14,1,0,0,7,65535
3,3,15,13,1,0,0,8,65535
3,3,16,17,17,0,0,9,65535
3,3,18,19,1,0,0,10,65535
3,3,20,21,1,0,0,11,65535
3,3,22,23,1,0,0,12,65535
3,3,1,24,28,0,0,13,14
3,3,17,0,28,0,0,15,16
3,3,3,16,28,0,0,17,18
3,3,25,2,28,0,0,19,20
3,3,24,8,92,0,0,21,22
3,3,7,25,92,0,0,23,24
3,3,1,20,17,0,0,25,65535
3,3,5,0,17,0,0,26,65535
3,3,17,4,17,0,0,27,65535
3,3,19,16,17,0,0,28,65535
3,3,3,18,17,0,0,29,65535
3,3,23,2,17,0,0,30,65535
3,3,26,12,1,0,0,31,65535
3,3,14,27,1,0,0,32,65535
3,3,15,11,12,0,0,33,34
3,3,13,10,4,0,0,35,36
3,3,14,12,4,0,0,37,38
3,3,9,28,17,0,0,39,65535
3,3,29,15,17,0,0,40,65535
3,3,11,30,17,0,0,41,65535
3,3,31,6,17,0,0,42,65535
3,3,28,32,1,0,0,43,65535
3,3,32,33,1,0,0,44,65535
3,3,34,35,1,0,0,45,65535
3,3,35,36,1,0,0,46,65535
3,3,36,37,1,0,0,47,65535
3,3,37,29,1,0,0,48,65535
3,3,30,38,1,0,0,49,65535
3,3,38,39,1,0,0,50,65535
3,3,39,40,1,0,0,51,65535
3,3,40,41,1,0,0,52,65535
3,3,42,43,1,0,0,53,65535
3,3,43,31,1,0,0,54,65535
3,3,44,42,1,0,0,55,65535
3,3,41,45,1,0,0,56,65535
3,3,45,46,1,0,0,57,65535
3,3,46,47,1,0,0,58,65535
3,3,47,48,1,0,0,59,65535
3,3,49,50,1,0,0,60,65535
3,3,50,51,1,0,0,61,65535
3,3,51,52,1,0,0,62,65535
3,3,53,54,1,0,0,63,65535
3,3,54,55,1,0,0,64,65535
3,3,48,56,1,0,0,65,65535
3,3,57,49,1,0,0,66,65535
3,3,58,44,1,0,0,67,65535
3,3,52,58,1,0,0,68,65535
3,3,59,60,4,0,0,69,70
3,3,60,61,4,0,0,71,72
3,3,61,62,4,0,0,73,74
3,3,63,64,4,0,0,75,76
3,3,65,66,4,0,0,77,78
3,3,67,68,4,0,0,79,80
3,3,69,70,4,0,0,81,82
3,3,60,65,4,0,0,83,84
3,3,65,67,4,0,0,85,86
3,3,67,70,4,0,0,87,88
3,3,70,71,4,0,0,89,90
3,3,71,72,4,0,0,91,92
3,3,73,74,4,0,0,93,94
3,3,74,69,4,0,0,95,96
3,3,69,68,4,0,0,97,98
3,3,68,66,4,0,0,99,100
3,3,66,61,4,0,0,101,102
3,3,75,76,1,0,0,103,65535
3,3,76,77,1,0,0,104,65535
3,3,77,78,1,0,0,105,65535
3,3,64,79,1,0,0,106,65535
3,3,79,80,1,0,0,107,65535
3,3,80,81,1,0,0,108,65535
3,3,82,83,1,0,0,109,65535
3,3,84,85,1,0,0,110,65535
3,3,86,84,1,0,0,111,65535
3,3,87,88,1,0,0,112,65535
3,3,83,87,1,0,0,113,65535
3,3,89,90,1,0,0,114,65535
3,3,90,91,1,0,0,115,65535
3,3,92,86,1,0,0,116,65535
3,3,78,93,4,0,0,117,118
3,3,81,94,1,0,0,119,65535
3,3,95,75,1,0,0,120,65535
3,3,96,97,1,0,0,121,65535
3,3,97,98,1,0,0,122,65535
3,3,98,99,1,0,0,123,65535
3,3,100,101,1,0,0,124,65535
3,3,102,103,17,0,0,125,65535
3,3,103,104,17,0,0,126,65535
3,3,104,105,17,0,0,127,65535
3,3,105,106,17,0,0,128,65535
3,3,106,107,17,0,0,129,65535
3,3,107,108,17,0,0,130,65535
3,3,108,109,17,0,0,131,65535
3,3,109,110,17,0,0,132,65535
3,3,110,111,17,0,0,133,65535
3,3,111,112,17,0,0,134,65535
3,3,112,113,17,0,0,135,65535
3,3,113,114,17,0,0,136,65535
3,3,115,116,17,0,0,137,65535
3,3,116,117,17,0,0,138,65535
3,3,117,118,17,0,0,139,65535
3,3,118,119,17,0,0,140,65535
3,3,119,120,17,0,0,141,65535
3,3,120,121,17,0,0,142,65535
3,3,121,122,17,0,0,143,65535
3,3,122,123,17,0,0,144,65535
3,3,123,124,17,0,0,145,65535
3,3,124,125,17,0,0,146,65535
3,3,125,126,17,0,0,147,65535
3,3,126,127,17,0,0,148,65535
3,3,128,129,17,0,0,149,65535
3,3,114,130,17,0,0,150,65535
3,3,130,131,17,0,0,151,65535
3,3,131,128,17,0,0,152,65535
3,3,132,115,17,0,0,153,65535
3,3,133,132,17,0,0,154,65535
3,3,134,135,1,0,0,155,65535
3,3,136,137,17,0,0,156,65535
3,3,137,134,1,0,0,157,65535
3,3,129,138,17,0,0,158,65535
3,3,138,139,1,0,0,159,65535
3,3,140,136,17,0,0,160,65535
3,3,141,140,1,0,0,161,65535
3,3,142,141,1,0,0,162,65535
3,3,143,142,1,0,0,163,65535
3,3,139,144,1,0,0,164,65535
3,3,144,145,1,0,0,165,65535
3,3,146,147,1,0,0,166,65535
3,3,147,148,1,0,0,167,65535
3,3,149,143,1,0,0,168,65535
3,3,150,146,17,0,0,169,65535
3,3,145,151,17,0,0,170,65535
3,3,145,146,12,0,0,171,172
3,3,102,127,4,0,0,173,174
3,3,94,152,1,0,0,175,65535
3,3,152,133,1,0,0,176,65535
3,3,153,154,1,0,0,177,65535
3,3,155,156,1,0,0,178,65535
3,3,157,158,1,0,0,179,65535
3,3,159,160,1,0,0,180,65535
3,3,161,162,12,0,0,181,182
3,3,163,164,1,0,0,183,65535
3,3,165,166,17,0,0,184,65535
3,3,166,167,17,102,1,185,65535
3,3,167,168,17,0,0,186,65535
3,3,169,170,1,0,0,187,65535
3,3,171,163,1,0,0,188,65535
3,3,170,172,1,0,0,189,65535
3,3,172,173,1,0,0,190,65535
3,3,173,174,1,0,0,191,65535
3,3,174,175,1,0,0,192,65535
3,3,175,176,1,0,0,193,65535
3,3,177,178,1,0,0,194,65535
3,3,178,179,1,0,0,195,65535
3,3,179,180,1,0,0,196,65535
3,3,180,181,1,0,0,197,65535
3,3,182,183,1,0,0,198,65535
3,3,183,184,1,0,0,199,65535
3,3,184,171,1,0,0,200,65535
3,3,185,186,1,0,0,201,65535
3,3,186,187,1,0,0,202,65535
3,3,187,188,1,0,0,203,65535
3,3,188,182,4,0,0,204,205
3,3,186,184,4,0,0,206,207
3,3,185,171,68,0,0,208,209
3,3,188,189,1,0,0,210,65535
3,3,190,182,1,0,0,211,65535
3,3,191,192,1,0,0,212,65535
3,3,193,191,1,0,0,213,65535
3,3,194,195,17,0,0,214,65535
3,3,195,196,1,0,0,215,65535
3,3,197,198,1,0,0,216,65535
3,3,199,200,17,0,0,217,65535
3,3,201,202,17,0,0,218,65535
3,3,148,149,12,0,0,219,220
3,3,91,203,1,0,0,221,65535
3,3,203,204,1,0,0,222,65535
3,3,204,205,1,0,0,223,65535
3,3,206,207,1,0,0,224,65535
3,3,208,92,1,0,0,225,65535
3,3,209,210,17,0,0,226,65535
3,3,210,211,17,0,0,227,65535
3,3,212,213,1,0,0,228,65535
3,3,213,214,17,18,2,229,65535
3,3,206,205,68,0,0,230,231
3,3,215,216,4,0,0,232,233
3,3,217,218,17,0,0,234,65535
3,3,219,220,1,0,0,235,65535
3,3,221,217,1,0,0,236,65535
3,3,222,223,1,0,0,237,65535
3,3,223,224,17,0,0,238,65535
3,3,225,226,17,0,0,239,65535
3,3,227,228,4,0,0,240,241
3,3,228,229,4,0,0,242,243
3,3,229,230,4,0,0,244,245
3,3,231,230,1,0,0,246,65535
3,3,230,227,12,0,0,247,248
3,3,227,222,1,0,0,249,65535
3,3,232,233,1,0,0,250,65535
3,3,234,221,1,0,0,251,65535
3,3,176,235,1,0,0,252,65535
3,3,236,237,1,0,0,253,65535
3,3,238,177,1,0,0,254,65535
3,3,239,240,1,0,0,255,65535
3,3,241,239,1,0,0,256,65535
3,3,242,243,1,0,0,257,65535
3,3,244,190,1,0,0,258,65535
3,3,243,245,1,0,0,259,65535
3,3,189,246,1,0,0,260,65535
3,3,246,247,1,0,0,261,65535
3,3,247,248,1,0,0,262,65535
3,3,248,249,1,0,0,263,65535
3,3,249,250,1,0,0,264,65535
3,3,251,242,1,0,0,265,65535
3,3,252,251,1,0,0,266,65535
3,3,253,254,1,0,0,267,65535
3,3,255,256,1,0,0,268,65535
3,3,257,258,1,0,0,269,65535
3,3,258,259,1,0,0,270,65535
3,3,259,252,1,0,0,271,65535
3,3,260,244,1,0,0,272,65535
3,3,261,185,1,0,0,273,65535
3,3,158,261,1,0,0,274,65535
3,3,181,262,1,0,0,275,65535
3,3,262,159,1,0,0,276,65535
3,3,263,225,1,48,0,277,65535
3,3,264,265,1,48,0,278,65535
3,3,266,264,1,48,0,279,65535
3,3,267,266,17,0,0,280,65535
3,3,268,269,17,0,0,281,65535
3,3,270,268,1,48,0,282,65535
3,3,271,272,1,48,0,283,65535
3,3,224,271,1,48,0,284,65535
3,3,273,274,1,0,0,285,65535
3,3,275,276,1,0,0,286,65535
3,3,277,278,1,0,0,287,65535
3,3,278,279,1,0,0,288,65535
3,3,279,280,1,0,0,289,65535
3,3,281,282,1,0,0,290,65535
3,3,282,283,1,0,0,291,65535
3,3,283,284,1,0,0,292,65535
3,3,284,285,1,0,0,293,65535
3,3,286,287,1,0,0,294,65535
3,3,287,288,1,0,0,295,65535
3,3,288,289,1,0,0,296,65535
3,3,290,291,1,0,0,297,65535
3,3,291,292,17,0,0,298,65535
3,3,292,293,1,0,0,299,65535
3,3,294,295,1,0,0,300,65535
3,3,296,297,1,0,0,301,65535
3,3,297,298,1,0,0,302,65535
3,3,298,299,1,0,0,303,65535
3,3,300,277,1,0,0,304,65535
3,3,276,301,1,0,0,305,65535
3,3,302,303,1,0,0,306,65535
3,3,304,273,1,0,0,307,65535
3,3,301,305,1,0,0,308,65535
3,3,305,306,1,48,0,309,65535
3,3,306,302,1,0,0,310,65535
3,3,303,307,1,0,0,311,65535
3,3,307,308,17,48,0,312,65535
3,3,308,304,1,0,0,313,65535
3,3,301,302,4,0,0,314,315
3,3,303,304,4,0,0,316,317
3,3,295,300,4,0,0,318,319
3,3,289,294,4,0,0,320,321
3,3,156,309,1,0,0,322,65535
3,3,309,310,1,0,0,323,65535
3,3,310,311,1,48,0,324,65535
3,3,311,312,1,0,0,325,65535
3,3,312,161,1,0,0,326,65535
3,3,162,313,1,0,0,327,65535
3,3,313,314,1,0,0,328,65535
3,3,314,315,1,48,0,329,65535
3,3,315,316,1,0,0,330,65535
3,3,316,153,1,0,0,331,65535
3,3,160,317,1,0,0,332,65535
3,3,318,155,1,0,0,333,65535
3,3,154,319,1,0,0,334,65535
3,3,320,157,1,0,0,335,65535
3,3,319,320,68,0,0,336,337
3,3,317,318,4,0,0,338,339
3,3,321,322,1,0,0,340,65535
3,3,322,323,1,0,0,341,65535
3,3,324,325,1,0,0,342,65535
3,3,325,326,1,0,0,343,65535
3,3,129,136,4,0,0,344,345
3,3,130,132,4,0,0,346,347
3,3,114,115,4,0,0,348,349
3,3,111,118,4,0,0,350,351
3,3,110,119,4,0,0,352,353
3,3,107,122,4,0,0,354,355
3,3,106,123,4,0,0,356,357
3,3,103,126,4,0,0,358,359
3,3,327,328,4,0,0,360,361
3,3,329,330,4,0,0,362,363
3,3,331,332,4,0,0,364,365
3,3,333,334,4,0,0,366,367
3,3,335,336,4,0,0,368,369
3,3,337,338,4,0,0,370,371
3,3,339,340,4,0,0,372,373
3,3,341,342,4,0,0,374,375
3,3,343,344,4,0,0,376,377
3,3,57,56,4,0,0,378,379
3,3,323,345,1,0,0,380,65535
3,3,346,324,12,0,0,381,382
3,3,329,327,1,0,0,383,65535
3,3,331,329,1,0,0,384,65535
3,3,333,331,1,0,0,385,65535
3,3,335,333,1,0,0,386,65535
3,3,337,335,1,0,0,387,65535
3,3,339,337,1,0,0,388,65535
3,3,341,339,1,0,0,389,65535
3,3,343,341,1,0,0,390,65535
3,3,342,344,1,0,0,391,65535
3,3,340,342,1,0,0,392,65535
3,3,338,340,1,0,0,393,65535
3,3,336,338,1,0,0,394,65535
3,3,334,336,1,0,0,395,65535
3,3,332,334,1,0,0,396,65535
3,3,330,332,1,0,0,397,65535
3,3,328,330,1,0,0,398,65535
3,3,327,57,1,0,0,399,65535
3,3,56,328,1,0,0,400,65535
3,3,237,347,1,0,0,401,65535
3,3,348,241,1,0,0,402,65535
3,3,349,348,1,0,0,403,65535
3,3,350,351,1,0,0,404,65535
3,3,351,352,1,0,0,405,65535
3,3,347,353,1,0,0,406,65535
3,3,353,354,1,0,0,407,65535
3,3,354,350,1,0,0,408,65535
3,3,345,355,1,0,0,409,65535
3,3,355,356,1,0,0,410,65535
3,3,356,357,1,0,0,411,65535
3,3,357,358,1,0,0,412,65535
3,3,358,359,1,0,0,413,65535
3,3,360,361,1,0,0,414,65535
3,3,361,362,1,0,0,415,65535
3,3,362,363,1,0,0,416,65535
3,3,363,364,1,0,0,417,65535
3,3,364,365,1,0,0,418,65535
3,3,365,366,1,0,0,419,65535
3,3,366,367,1,0,0,420,65535
3,3,367,368,1,0,0,421,65535
3,3,368,369,1,0,0,422,65535
3,3,369,343,1,0,0,423,65535
3,3,344,370,1,0,0,424,65535
3,3,370,371,1,0,0,425,65535
3,3,371,346,1,0,0,426,65535
3,3,205,372,1,0,0,427,65535
3,3,372,373,1,0,0,428,65535
3,3,373,374,1,0,0,429,65535
3,3,374,375,1,0,0,430,65535
3,3,375,376,1,0,0,431,65535
3,3,376,377,1,0,0,432,65535
3,3,377,378,1,0,0,433,65535
3,3,378,379,1,0,0,434,65535
3,3,380,381,1,0,0,435,65535
3,3,381,215,1,0,0,436,65535
3,3,216,382,1,0,0,437,65535
3,3,382,383,1,0,0,438,65535
3,3,383,384,1,0,0,439,65535
3,3,384,385,1,0,0,440,65535
3,3,385,386,1,0,0,441,65535
3,3,386,387,1,0,0,442,65535
3,3,387,388,1,0,0,443,65535
3,3,388,389,1,0,0,444,65535
3,3,390,391,1,0,0,445,65535
3,3,391,392,1,0,0,446,65535
3,3,392,393,1,0,0,447,65535
3,3,393,394,1,0,0,448,65535
3,3,394,395,1,0,0,449,65535
3,3,395,396,1,0,0,450,65535
3,3,396,206,1,0,0,451,65535
3,3,389,397,4,0,0,452,453
3,3,397,398,4,0,0,454,455
3,3,398,390,4,0,0,456,457
3,3,389,399,4,0,0,458,459
3,3,399,400,4,0,0,460,461
3,3,400,390,4,0,0,462,463
3,3,389,401,1,0,0,464,65535
3,3,401,402,1,0,0,465,65535
3,3,403,404,1,0,0,466,65535
3,3,404,405,1,0,0,467,65535
3,3,405,390,1,0,0,468,65535
3,3,192,406,1,0,0,469,65535
3,3,406,403,1,0,0,470,65535
3,3,211,407,1,0,0,471,65535
3,3,407,408,1,0,0,472,65535
3,3,408,409,1,0,0,473,65535
3,3,196,410,1,0,0,474,65535
3,3,410,212,1,0,0,475,65535
3,3,408,196,4,0,0,476,477
3,3,409,411,0,0,0,478,65535
3,3,412,413,17,0,0,479,65535
3,3,413,414,17,0,0,480,65535
3,3,415,416,17,0,0,481,65535
3,3,416,417,17,0,0,482,65535
3,3,418,419,17,0,0,483,65535
3,3,419,420,1,0,0,484,65535
3,3,420,415,1,0,0,485,65535
3,3,421,418,17,0,0,486,65535
3,3,422,421,17,0,0,487,65535
3,3,414,423,1,0,0,488,65535
3,3,423,424,1,0,0,489,65535
3,3,425,422,17,0,0,490,65535
3,3,424,426,17,0,0,491,65535
3,3,426,427,17,0,0,492,65535
3,3,428,425,17,0,0,493,65535
3,3,427,429,17,0,0,494,65535
3,3,429,430,17,0,0,495,65535
3,3,431,428,17,0,0,496,65535
3,3,432,431,17,0,0,497,65535
3,3,430,433,17,0,0,498,65535
3,3,434,435,17,0,0,499,65535
3,3,436,437,17,0,0,500,65535
3,3,437,432,17,0,0,501,65535
3,3,422,424,68,0,0,502,503
3,3,432,438,4,0,0,504,505
3,3,438,430,4,0,0,506,507
3,3,439,436,17,0,0,508,65535
3,3,435,440,1,0,0,509,65535
3,3,436,435,4,0,0,510,511
3,3,414,415,4,0,0,512,513
3,3,428,441,4,0,0,514,515
3,3,441,427,4,0,0,516,517
3,3,269,442,4,0,0,518,519
3,3,442,267,4,0,0,520,521
3,3,443,444,4,0,0,522,523
3,3,444,445,4,0,0,524,525
3,3,446,447,4,0,0,526,527
3,3,447,448,4,0,0,528,529
3,3,449,450,4,0,0,530,531
3,3,450,451,4,0,0,532,533
3,3,452,453,4,0,0,534,535
3,3,453,454,4,0,0,536,537
3,3,269,443,1,0,0,538,65535
3,3,443,446,1,0,0,539,65535
3,3,446,449,1,0,0,540,65535
3,3,449,452,1,0,0,541,65535
3,3,454,451,1,0,0,542,65535
3,3,451,448,1,0,0,543,65535
3,3,448,445,1,0,0,544,65535
3,3,445,267,1,0,0,545,65535
3,3,452,455,17,0,0,546,65535
3,3,455,456,17,0,0,547,65535
3,3,457,458,17,0,0,548,65535
3,3,459,457,17,0,0,549,65535
3,3,456,460,17,0,0,550,65535
3,3,460,461,17,0,0,551,65535
3,3,461,462,17,0,0,552,65535
3,3,463,459,17,0,0,553,65535
3,3,464,465,17,0,0,554,65535
3,3,465,466,17,0,0,555,65535
3,3,467,468,17,0,0,556,65535
3,3,469,470,17,0,0,557,65535
3,3,468,471,1,0,0,558,65535
3,3,471,472,1,0,0,559,65535
3,3,472,473,1,0,0,560,65535
3,3,474,475,1,0,0,561,65535
3,3,475,476,1,0,0,562,65535
3,3,476,469,1,0,0,563,65535
3,3,477,478,4,0,0,564,565
3,3,479,480,4,0,0,566,567
3,3,481,463,17,0,0,568,65535
3,3,482,483,1,0,0,569,65535
3,3,483,484,1,0,0,570,65535
3,3,485,486,1,0,0,571,65535
3,3,487,488,17,0,0,572,65535
3,3,489,487,1,0,0,573,65535
3,3,490,491,1,0,0,574,65535
3,3,492,493,1,0,0,575,65535
3,3,493,494,1,0,0,576,65535
3,3,490,493,76,0,0,577,578
3,3,495,474,17,0,0,579,65535
3,3,466,496,9,0,0,580,65535
3,3,496,490,1,0,0,581,65535
3,3,494,497,1,0,0,582,65535
3,3,497,467,1,0,0,583,65535
3,3,498,489,1,0,0,584,65535
3,3,486,498,1,0,0,585,65535
3,3,470,499,1,0,0,586,65535
3,3,499,482,1,0,0,587,65535
3,3,500,501,5,0,0,588,589
3,3,501,502,5,0,0,590,591
3,3,497,503,4,0,0,592,593
3,3,503,496,4,0,0,594,595
3,3,504,505,4,0,0,596,597
3,3,506,481,1,0,0,598,65535
3,3,507,506,1,0,0,599,65535
3,3,508,507,1,0,0,600,65535
3,3,509,508,1,0,0,601,65535
3,3,510,509,1,0,0,602,65535
3,3,511,510,1,0,0,603,65535
3,3,512,511,1,0,0,604,65535
3,3,513,512,1,0,0,605,65535
3,3,514,513,1,0,0,606,65535
3,3,515,514,1,0,0,607,65535
3,3,516,515,1,0,0,608,65535
3,3,517,516,1,0,0,609,65535
3,3,518,517,1,0,0,610,65535
3,3,519,518,1,0,0,611,65535
3,3,520,519,1,0,0,612,65535
3,3,521,520,1,0,0,613,65535
3,3,522,521,1,0,0,614,65535
3,3,523,522,1,0,0,615,65535
3,3,524,523,1,0,0,616,65535
3,3,525,524,1,0,0,617,65535
3,3,526,525,1,0,0,618,65535
3,3,527,526,1,0,0,619,65535
3,3,528,527,1,0,0,620,65535
3,3,529,528,1,0,0,621,65535
3,3,530,529,1,0,0,622,65535
3,3,531,530,1,0,0,623,65535
3,3,532,531,1,0,0,624,65535
3,3,533,532,1,0,0,625,65535
3,3,534,533,1,0,0,626,65535
3,3,535,534,1,0,0,627,65535
3,3,536,535,1,0,0,628,65535
3,3,481,536,4,0,0,629,630
3,3,506,535,4,0,0,631,632
3,3,507,534,4,0,0,633,634
3,3,508,533,4,0,0,635,636
3,3,509,532,4,0,0,637,638
3,3,510,531,4,0,0,639,640
3,3,511,530,4,0,0,641,642
3,3,512,529,4,0,0,643,644
3,3,513,528,4,0,0,645,646
3,3,527,537,4,0,0,647,648
3,3,526,537,4,0,0,649,650
3,3,537,521,4,0,0,651,652
3,3,537,520,4,0,0,653,654
3,3,538,539,1,0,0,655,65535
3,3,540,541,1,0,0,656,65535
3,3,538,540,84,0,0,657,658
3,3,542,536,1,0,0,659,65535
3,3,488,542,12,0,0,660,661
3,3,485,543,4,0,0,662,663
3,3,473,544,1,0,0,664,65535
3,3,544,545,1,0,0,665,65535
3,3,546,547,1,0,0,666,65535
3,3,545,548,1,0,0,667,65535
3,3,548,549,1,0,0,668,65535
3,3,550,551,1,0,0,669,65535
3,3,551,546,1,0,0,670,65535
3,3,552,550,1,0,0,671,65535
3,3,553,552,1,0,0,672,65535
3,3,554,553,36,0,0,673,674
3,3,555,554,1,0,0,675,65535
3,3,556,555,1,0,0,676,65535
3,3,557,556,1,0,0,677,65535
3,3,558,557,1,0,0,678,65535
3,3,559,560,1,0,0,679,65535
3,3,561,559,1,0,0,680,65535
3,3,562,561,1,0,0,681,65535
3,3,563,562,1,0,0,682,65535
3,3,564,563,1,0,0,683,65535
3,3,565,564,1,0,0,684,65535
3,3,566,565,1,0,0,685,65535
3,3,567,566,1,0,0,686,65535
3,3,568,567,1,0,0,687,65535
3,3,569,570,1,0,0,688,65535
3,3,571,569,1,0,0,689,65535
3,3,572,571,1,0,0,690,65535
3,3,573,572,1,0,0,691,65535
3,3,574,573,36,0,0,692,693
3,3,575,574,1,0,0,694,65535
3,3,549,575,1,0,0,695,65535
3,3,545,546,4,0,0,696,697
3,3,548,551,4,0,0,698,699
3,3,549,550,76,0,0,700,701
3,3,256,257,4,0,0,702,703
3,3,55,576,1,0,0,704,65535
3,3,34,55,4,0,0,705,706
3,3,272,577,1,48,0,707,65535
3,3,577,270,1,48,0,708,65535
3,3,578,263,1,48,0,709,65535
3,3,268,266,76,48,0,710,711
3,3,225,224,68,0,0,712,713
3,3,274,275,1,0,0,714,65535
3,3,411,197,17,0,0,715,65535
3,3,402,194,1,0,0,716,65535
3,3,196,411,4,0,0,717,718
3,3,406,194,4,0,0,719,720
3,3,215,579,17,0,0,721,65535
3,3,579,209,17,0,0,722,65535
3,3,207,580,1,0,0,723,65535
3,3,580,208,1,0,0,724,65535
3,3,203,208,68,0,0,725,726
3,3,198,581,1,0,0,727,65535
3,3,581,193,1,0,0,728,65535
3,3,214,582,17,0,0,729,65535
3,3,582,583,17,0,0,730,65535
3,3,583,216,17,0,0,731,65535
3,3,151,584,17,0,0,732,65535
3,3,584,585,17,0,0,733,65535
3,3,585,586,17,0,0,734,65535
3,3,587,588,1,0,0,735,65535
3,3,588,589,1,0,0,736,65535
3,3,589,590,1,0,0,737,65535
3,3,590,591,1,0,0,738,65535
3,3,591,592,1,0,0,739,65535
3,3,593,594,1,0,0,740,65535
3,3,594,595,1,0,0,741,65535
3,3,595,596,1,0,0,742,65535
3,3,596,597,1,0,0,743,65535
3,3,597,598,1,0,0,744,65535
3,3,598,599,1,0,0,745,65535
3,3,599,600,1,0,0,746,65535
3,3,600,601,1,0,0,747,65535
3,3,601,602,1,0,0,748,65535
3,3,603,604,1,0,0,749,65535
3,3,604,605,1,0,0,750,65535
3,3,598,602,20,0,0,751,752
3,3,604,587,84,0,0,753,754
3,3,605,606,17,0,0,755,65535
3,3,606,150,17,0,0,756,65535
3,3,602,607,1,0,0,757,65535
3,3,607,603,1,0,0,758,65535
3,3,608,609,1,0,0,759,65535
3,3,440,593,1,0,0,760,65535
3,3,592,608,1,0,0,761,65535
3,3,592,593,92,0,0,762,763
3,3,440,608,28,0,0,764,765
3,3,610,611,17,0,0,766,65535
3,3,612,610,1,0,0,767,65535
3,3,609,613,1,0,0,768,65535
3,3,614,615,17,0,0,769,65535
3,3,615,616,1,0,0,770,65535
3,3,547,617,1,0,0,771,65535
3,3,618,495,1,0,0,772,65535
3,3,616,619,17,0,0,773,65535
3,3,619,620,17,0,0,774,65535
3,3,620,618,17,0,0,775,65535
3,3,617,621,17,0,0,776,65535
3,3,621,622,17,0,0,777,65535
3,3,622,612,17,0,0,778,65535
3,3,621,620,4,1,0,779,780
3,3,619,622,4,1,0,781,782
3,3,439,613,4,0,0,783,784
3,3,616,612,12,0,0,785,786
3,3,570,623,1,0,0,787,65535
3,3,623,624,1,0,0,788,65535
3,3,569,567,68,0,0,789,790
3,3,492,491,68,0,0,791,792
3,3,491,625,1,0,0,793,65535
3,3,625,626,1,0,0,794,65535
3,3,626,627,1,0,0,795,65535
3,3,627,628,1,0,0,796,65535
3,3,629,630,1,0,0,797,65535
3,3,630,631,1,0,0,798,65535
3,3,631,632,1,0,0,799,65535
3,3,632,492,1,0,0,800,65535
3,3,624,629,1,0,0,801,65535
3,3,632,625,4,0,0,802,803
3,3,631,626,4,0,0,804,805
3,3,630,627,4,0,0,806,807
3,3,629,628,4,0,0,808,809
3,3,633,634,1,0,0,810,65535
3,3,634,568,1,0,0,811,65535
3,3,635,636,17,7,3,812,65535
3,3,636,637,1,0,0,813,65535
3,3,637,633,1,0,0,814,65535
3,3,635,633,12,0,0,815,816
3,3,628,638,1,0,0,817,65535
3,3,638,635,1,0,0,818,65535
3,3,624,638,4,0,0,819,820
3,3,256,639,17,0,0,821,65535
3,3,640,257,17,0,0,822,65535
3,3,639,641,1,0,0,823,65535
3,3,641,34,1,0,0,824,65535
3,3,640,639,4,88,6,825,826
3,3,642,641,4,0,0,827,828
3,3,265,578,1,48,0,829,65535
3,3,643,26,1,0,0,830,65535
3,3,27,644,1,0,0,831,65535
3,3,27,26,4,0,0,832,833
3,3,644,643,4,0,0,834,835
3,3,645,643,1,0,0,836,65535
3,3,644,646,1,0,0,837,65535
3,3,25,22,17,0,0,838,65535
3,3,21,24,17,0,0,839,65535
3,3,647,648,17,0,0,840,65535
3,3,649,650,17,0,0,841,65535
3,3,651,201,4,0,0,842,843
3,3,652,201,1,0,0,844,65535
3,3,653,652,1,0,0,845,65535
3,3,654,655,1,0,0,846,65535
3,3,651,654,1,0,0,847,65535
3,3,200,651,17,0,0,848,65535
3,3,148,653,1,0,0,849,65535
3,3,655,149,1,0,0,850,65535
3,3,202,656,17,0,0,851,65535
3,3,657,658,17,0,0,852,65535
3,3,659,660,17,0,0,853,65535
3,3,661,662,1,48,0,854,65535
3,3,662,663,1,48,0,855,65535
3,3,663,664,1,48,0,856,65535
3,3,664,665,1,48,0,857,65535
3,3,665,666,1,48,0,858,65535
3,3,666,667,1,48,0,859,65535
3,3,667,668,1,48,0,860,65535
3,3,668,669,1,48,0,861,65535
3,3,669,670,1,48,0,862,65535
3,3,670,671,1,48,0,863,65535
3,3,671,672,1,48,0,864,65535
3,3,672,661,1,48,0,865,65535
3,3,660,199,17,0,0,866,65535
3,3,656,657,17,0,0,867,65535
3,3,673,674,1,48,0,868,65535
3,3,674,675,1,48,0,869,65535
3,3,675,676,1,48,0,870,65535
3,3,676,677,1,48,0,871,65535
3,3,677,678,1,48,0,872,65535
3,3,678,679,1,48,0,873,65535
3,3,679,680,1,48,0,874,65535
3,3,680,681,1,48,0,875,65535
3,3,681,682,1,48,0,876,65535
3,3,682,683,1,48,0,877,65535
3,3,683,684,1,48,0,878,65535
3,3,684,673,1,48,0,879,65535
3,3,685,686,1,48,0,880,65535
3,3,686,687,1,48,0,881,65535
3,3,687,688,1,48,0,882,65535
3,3,688,689,1,48,0,883,65535
3,3,689,690,1,48,0,884,65535
3,3,690,691,1,48,0,885,65535
3,3,691,692,1,48,0,886,65535
3,3,692,693,1,48,0,887,65535
3,3,693,694,1,48,0,888,65535
3,3,694,695,1,48,0,889,65535
3,3,695,696,1,48,0,890,65535
3,3,696,685,1,48,0,891,65535
3,3,586,697,17,0,0,892,65535
3,3,697,587,1,0,0,893,65535
3,3,488,485,1,0,0,894,65535
3,3,543,542,1,0,0,895,65535
3,3,485,539,68,0,0,896,897
3,3,539,698,1,0,0,898,65535
3,3,698,543,1,0,0,899,65535
3,3,505,699,1,0,0,900,65535
3,3,699,538,1,0,0,901,65535
3,3,541,700,1,0,0,902,65535
3,3,700,701,1,0,0,903,65535
3,3,701,702,1,0,0,904,65535
3,3,702,703,1,0,0,905,65535
3,3,703,704,1,0,0,906,65535
3,3,705,706,1,0,0,907,65535
3,3,706,707,1,0,0,908,65535
3,3,707,708,1,0,0,909,65535
3,3,708,709,1,0,0,910,65535
3,3,709,710,1,0,0,911,65535
3,3,710,711,1,0,0,912,65535
3,3,711,712,1,0,0,913,65535
3,3,713,714,1,0,0,914,65535
3,3,714,715,1,0,0,915,65535
3,3,715,716,1,0,0,916,65535
3,3,716,717,1,0,0,917,65535
3,3,717,718,1,0,0,918,65535
3,3,718,719,1,0,0,919,65535
3,3,720,721,1,0,0,920,65535
3,3,721,722,1,0,0,921,65535
3,3,722,723,1,0,0,922,65535
3,3,723,724,1,0,0,923,65535
3,3,725,504,1,0,0,924,65535
3,3,726,720,1,0,0,925,65535
3,3,727,699,20,0,0,926,927
3,3,504,727,20,0,0,928,929
3,3,719,726,1,0,0,930,65535
3,3,726,722,20,0,0,931,932
3,3,709,713,20,0,0,933,934
3,3,724,728,1,0,0,935,65535
3,3,728,725,1,0,0,936,65535
3,3,226,232,1,0,0,937,65535
3,3,729,231,1,0,0,938,65535
3,3,560,730,1,0,0,939,65535
3,3,731,558,1,0,0,940,65535
3,3,732,731,17,0,0,941,65535
3,3,730,733,17,0,0,942,65535
3,3,733,734,17,0,0,943,65535
3,3,734,735,17,0,0,944,65535
3,3,736,732,17,0,0,945,65535
3,3,735,737,1,0,0,946,65535
3,3,738,739,1,0,0,947,65535
3,3,739,736,17,0,0,948,65535
3,3,740,738,1,0,0,949,65535
3,3,741,740,1,0,0,950,65535
3,3,742,741,1,0,0,951,65535
3,3,743,744,1,0,0,952,65535
3,3,745,743,1,0,0,953,65535
3,3,746,745,1,0,0,954,65535
3,3,747,748,1,0,0,955,65535
3,3,749,747,1,0,0,956,65535
3,3,750,749,1,0,0,957,65535
3,3,737,750,1,0,0,958,65535
3,3,733,732,4,26,0,959,960
3,3,736,734,4,26,0,961,962
3,3,739,735,12,0,0,963,964
3,3,748,751,1,0,0,965,65535
3,3,751,752,4,1,0,966,967
3,3,752,746,1,0,0,968,65535
3,3,751,753,17,0,0,969,65535
3,3,754,752,17,0,0,970,65535
3,3,754,753,4,1,0,971,972
3,3,753,755,1,0,0,973,65535
3,3,755,756,1,0,0,974,65535
3,3,756,757,1,0,0,975,65535
3,3,758,759,1,0,0,976,65535
3,3,759,760,17,0,0,977,65535
3,3,760,754,1,0,0,978,65535
3,3,748,746,4,0,0,979,980
3,3,761,349,1,0,0,981,65535
3,3,352,762,1,0,0,982,65535
3,3,761,762,4,62,8,983,984
3,3,349,352,4,88,8,985,986
3,3,359,763,1,0,0,987,65535
3,3,763,761,1,0,0,988,65535
3,3,762,764,1,0,0,989,65535
3,3,764,360,1,0,0,990,65535
3,3,765,766,1,0,0,991,65535
3,3,766,767,1,0,0,992,65535
3,3,767,768,1,0,0,993,65535
3,3,768,769,1,0,0,994,65535
3,3,769,770,1,0,0,995,65535
3,3,770,771,1,0,0,996,65535
3,3,771,772,1,0,0,997,65535
3,3,772,773,1,0,0,998,65535
3,3,773,774,1,0,0,999,65535
3,3,774,775,1,0,0,1000,65535
3,3,775,776,1,0,0,1001,65535
3,3,776,777,1,0,0,1002,65535
3,3,777,778,1,0,0,1003,65535
3,3,778,779,1,0,0,1004,65535
3,3,779,236,1,0,0,1005,65535
3,3,780,781,36,0,0,1006,1007
3,3,782,780,36,0,0,1008,1009
3,3,783,782,36,0,0,1010,1011
3,3,37,32,5,0,0,1012,1013
3,3,28,29,93,0,0,1014,1015
3,3,43,38,29,0,0,1016,1017
3,3,30,31,29,0,0,1018,1019
3,3,784,785,21,0,0,1020,1021
3,3,786,787,21,0,0,1022,1023
3,3,7,784,1,0,0,1024,65535
3,3,785,788,1,0,0,1025,65535
3,3,789,786,1,0,0,1026,65535
3,3,787,25,1,0,0,1027,65535
3,3,784,790,1,0,0,1028,65535
3,3,790,791,1,0,0,1029,65535
3,3,791,785,1,0,0,1030,65535
3,3,786,792,1,0,0,1031,65535
3,3,792,793,1,0,0,1032,65535
3,3,793,787,1,0,0,1033,65535
3,3,794,795,1,0,0,1034,65535
3,3,795,796,1,0,0,1035,65535
3,3,797,798,1,0,0,1036,65535
3,3,798,799,1,0,0,1037,65535
3,3,800,801,1,0,0,1038,65535
3,3,801,96,1,0,0,1039,65535
3,3,99,802,1,0,0,1040,65535
3,3,802,803,1,0,0,1041,65535
3,3,804,805,1,0,0,1042,65535
3,3,805,806,1,0,0,1043,65535
3,3,806,807,1,0,0,1044,65535
3,3,648,102,1,0,0,1045,65535
3,3,127,649,1,0,0,1046,65535
3,3,650,808,1,0,0,1047,65535
3,3,809,647,1,0,0,1048,65535
3,3,810,811,4,0,0,1049,1050
3,3,812,810,4,0,0,1051,1052
3,3,813,814,4,0,0,1053,1054
3,3,811,815,4,0,0,1055,1056
3,3,781,783,36,0,0,1057,1058
3,3,309,312,5,0,0,1059,1060
3,3,313,316,5,0,0,1061,1062
3,3,187,183,4,0,0,1063,1064
3,3,816,260,1,0,0,1065,65535
3,3,250,253,1,0,0,1066,65535
3,3,319,255,1,0,0,1067,65535
3,3,254,320,1,0,0,1068,65535
3,3,245,817,1,0,0,1069,65535
3,3,164,165,17,0,0,1070,65535
3,3,168,169,17,0,0,1071,65535
3,3,818,168,4,0,0,1072,1073
3,3,819,818,4,0,0,1074,1075
3,3,165,819,4,0,0,1076,1077
3,3,33,53,1,0,0,1078,65535
3,3,173,180,4,0,0,1079,1080
3,3,174,179,4,0,0,1081,1082
3,3,175,178,4,0,0,1083,1084
3,3,176,177,4,0,0,1085,1086
3,3,172,181,4,0,0,1087,1088
3,3,240,238,1,0,0,1089,65535
3,3,235,765,1,0,0,1090,65535
3,3,326,318,1,0,0,1091,65535
3,3,317,321,1,0,0,1092,65535
3,3,324,323,12,0,0,1093,1094
3,3,346,345,4,0,7,1095,1096
3,3,646,162,1,0,0,1097,65535
3,3,161,645,1,0,0,1098,65535
3,3,702,820,132,0,0,1099,1100
3,3,820,821,132,0,0,1101,1102
3,3,821,822,132,0,0,1103,1104
3,3,822,823,132,0,0,1105,1106
3,3,823,708,132,0,0,1107,1108
3,3,484,540,1,0,0,1109,65535
3,3,824,825,4,0,0,1110,1111
3,3,826,824,5,0,0,1112,1113
3,3,59,76,4,0,0,1114,1115
3,3,80,62,4,0,0,1116,1117
3,3,78,827,1,0,0,1118,65535
3,3,827,89,1,0,0,1119,65535
3,3,88,82,1,0,0,1120,65535
3,3,85,828,1,0,0,1121,65535
3,3,828,64,1,0,0,1122,65535
3,3,73,72,4,0,0,1123,1124
3,3,74,71,4,0,0,1125,1126
3,3,93,59,4,0,0,1127,1128
3,3,62,63,4,0,0,1129,1130
3,3,72,93,4,0,0,1131,1132
3,3,63,73,4,0,0,1133,1134
3,3,206,216,4,0,0,1135,1136
3,3,215,205,4,0,0,1137,1138
3,3,483,486,76,0,0,1139,1140
3,3,829,380,1,0,0,1141,65535
3,3,830,829,1,0,0,1142,65535
3,3,831,830,1,0,0,1143,65535
3,3,832,831,1,0,0,1144,65535
3,3,379,832,1,0,0,1145,65535
3,3,213,211,4,0,0,1146,1147
3,3,833,834,1,48,0,1148,65535
3,3,834,835,1,48,0,1149,65535
3,3,835,836,1,48,0,1150,65535
3,3,836,837,1,48,0,1151,65535
3,3,837,838,1,48,0,1152,65535
3,3,838,839,1,48,0,1153,65535
3,3,839,840,1,48,0,1154,65535
3,3,840,841,1,48,0,1155,65535
3,3,841,842,1,48,0,1156,65535
3,3,842,843,1,48,0,1157,65535
3,3,843,844,1,48,0,1158,65535
3,3,844,833,1,48,0,1159,65535
3,3,845,412,17,0,0,1160,65535
3,3,846,659,17,0,0,1161,65535
3,3,658,845,17,0,0,1162,65535
3,3,847,848,4,0,0,1163,1164
3,3,848,849,4,0,0,1165,1166
3,3,849,850,4,0,0,1167,1168
3,3,850,847,4,0,0,1169,1170
3,3,851,852,4,0,0,1171,1172
3,3,852,853,4,0,0,1173,1174
3,3,853,854,4,0,0,1175,1176
3,3,854,851,4,0,0,1177,1178
3,3,433,855,17,0,0,1179,65535
3,3,855,434,17,0,0,1180,65535
3,3,611,439,1,0,0,1181,65535
3,3,613,614,1,0,0,1182,65535
3,3,218,8,1,0,0,1183,65535
3,3,217,729,68,0,0,1184,1185
3,3,856,857,4,0,0,1186,1187
3,3,230,858,129,0,0,1188,65535
3,3,858,859,129,0,0,1189,65535
3,3,859,227,129,0,0,1190,65535
3,3,234,856,4,0,0,1191,1192
3,3,857,233,4,0,0,1193,1194
3,3,223,226,4,0,0,1195,1196
3,3,276,277,4,0,0,1197,1198
3,3,288,273,4,0,0,1199,1200
3,3,280,281,1,0,0,1201,65535
3,3,285,286,1,0,0,1202,65535
3,3,299,300,1,0,0,1203,65535
3,3,293,294,1,0,0,1204,65535
3,3,295,296,1,0,0,1205,65535
3,3,289,290,1,0,0,1206,65535
3,3,458,454,17,0,0,1207,65535
3,3,788,789,76,0,0,1208,1209
3,3,24,219,1,0,0,1210,65535
3,3,220,729,17,0,0,1211,65535
3,3,466,860,4,0,0,1212,1213
3,3,860,467,4,0,0,1214,1215
3,3,487,463,4,0,0,1216,1217
3,3,803,794,12,0,0,1218,1219
3,3,96,99,13,0,0,1220,1221
3,3,804,807,13,0,0,1222,1223
3,3,794,796,28,0,0,1224,1225
3,3,99,803,28,0,0,1226,1227
3,3,800,96,28,0,0,1228,1229
3,3,797,799,28,0,0,1230,1231
3,3,796,789,1,0,0,1232,65535
3,3,808,800,1,0,0,1233,65535
3,3,861,797,1,0,0,1234,65535
3,3,799,804,1,0,0,1235,65535
3,3,807,809,1,0,0,1236,65535
3,3,788,861,1,0,0,1237,65535
3,3,803,100,17,0,0,1238,65535
3,3,101,794,17,0,0,1239,65535
3,3,478,472,4,0,0,1240,1241
3,3,475,479,4,0,0,1242,1243
3,3,480,476,4,0,0,1244,1245
3,3,471,477,4,0,0,1246,1247
3,3,479,478,4,0,0,1248,1249
3,3,477,480,68,0,0,1250,1251
3,3,81,75,76,0,0,1252,1253
3,3,89,88,12,0,0,1254,1255
3,3,82,85,12,0,0,1256,1257
3,3,862,863,4,0,0,1258,1259
3,3,864,862,4,0,0,1260,1261
3,3,865,864,4,0,0,1262,1263
3,3,863,865,4,0,0,1264,1265
3,3,866,867,4,0,0,1266,1267
3,3,868,866,4,0,0,1268,1269
3,3,869,868,4,0,0,1270,1271
3,3,867,869,4,0,0,1272,1273
3,3,870,871,4,0,0,1274,1275
3,3,872,870,4,0,0,1276,1277
3,3,873,872,4,0,0,1278,1279
3,3,873,871,5,0,0,1280,1281
3,3,874,873,5,0,0,1282,1283
3,3,875,874,5,0,0,1284,1285
3,3,876,877,5,0,0,1286,1287
3,3,871,876,5,0,0,1288,1289
3,3,878,875,5,0,0,1290,1291
3,3,879,878,5,0,0,1292,1293
3,3,877,879,5,0,0,1294,1295
3,3,877,875,4,19,4,1296,1297
3,3,554,880,1,0,0,1298,65535
3,3,881,553,1,0,0,1299,65535
3,3,574,882,1,0,0,1300,65535
3,3,883,573,1,0,0,1301,65535
3,3,880,884,1,0,0,1302,65535
3,3,884,885,1,0,0,1303,65535
3,3,885,881,1,0,0,1304,65535
3,3,882,886,1,0,0,1305,65535
3,3,886,887,1,0,0,1306,65535
3,3,887,883,1,0,0,1307,65535
3,3,881,880,36,0,0,1308,1309
3,3,883,882,36,0,0,1310,1311
3,3,730,731,12,0,0,1312,1313
3,3,744,742,1,0,0,1314,65535
3,3,555,552,132,19,5,1315,1316
3,3,457,456,4,0,0,1317,1318
3,3,233,234,12,0,0,1319,1320
3,3,233,888,145,0,0,1321,65535
3,3,888,889,137,0,0,1322,65535
3,3,889,234,145,0,0,1323,65535
3,3,642,640,1,0,0,1324,65535
3,3,346,890,1,0,0,1325,65535
3,3,890,891,1,18,7,1326,65535
3,3,891,324,1,0,0,1327,65535
3,3,757,758,1,0,0,1328,65535
3,3,892,758,4,52,0,1329,1330
3,3,893,892,4,52,0,1331,1332
3,3,757,893,4,52,0,1333,1334
3,3,617,618,4,0,0,1335,1336
3,3,135,95,1,0,0,1337,65535
3,3,417,846,17,0,0,1338,65535
3,3,815,813,4,0,0,1339,1340
3,3,814,812,4,0,0,1341,1342
3,3,576,894,1,0,0,1343,65535
3,3,894,895,17,62,6,1344,65535
3,3,895,642,1,0,0,1345,65535
3,3,576,642,12,0,0,1346,1347
3,3,704,896,1,0,0,1348,65535
3,3,896,705,1,0,0,1349,65535
3,3,897,898,4,0,0,1350,1351
3,3,898,899,4,0,0,1352,1353
3,3,899,900,4,0,0,1354,1355
3,3,900,897,4,0,0,1356,1357
3,3,246,242,4,0,0,1358,1359
3,3,243,244,4,0,0,1360,1361
3,3,189,190,4,0,0,1362,1363
3,3,237,238,4,0,0,1364,1365
3,3,765,236,4,0,0,1366,1367
3,3,809,808,76,0,0,1368,1369
3,3,260,817,4,0,0,1370,1371
3,3,817,901,1,0,0,1372,65535
3,3,901,505,1,0,0,1373,65535
3,3,504,816,1,0,0,1374,65535
3,3,712,902,1,0,0,1375,65535
3,3,902,713,1,0,0,1376,65535
3,3,498,500,5,0,0,1377,1378
3,3,502,499,5,0,0,1379,1380
3,3,470,826,5,0,0,1381,1382
3,3,461,903,20,0,0,1383,1384
3,3,903,464,20,0,0,1385,1386
3,3,462,464,17,0,0,1387,65535
3,3,825,489,5,0,0,1388,1389
3,3,410,904,4,18,2,1390,1391
3,3,904,407,4,0,0,1392,1393
