episode,mission,vertex_1,vertex_2,flags,action_special,sector_tag,front_side,back_side
3,5,0,1,1,0,0,0,65535
3,5,1,2,1,0,0,1,65535
3,5,2,3,1,0,0,2,65535
3,5,4,0,1,0,0,3,65535
3,5,3,5,1,0,0,4,65535
3,5,5,6,1,0,0,5,65535
3,5,6,7,1,0,0,6,65535
3,5,8,4,1,0,0,7,65535
3,5,9,8,1,0,0,8,65535
3,5,10,9,1,0,0,9,65535
3,5,11,10,1,0,0,10,65535
3,5,7,12,1,0,0,11,65535
3,5,13,14,1,0,0,12,65535
3,5,14,15,1,0,0,13,65535
3,5,15,16,1,0,0,14,65535
3,5,16,17,1,0,0,15,65535
3,5,17,18,4,0,0,16,17
3,5,18,19,1,0,0,18,65535
3,5,19,20,1,0,0,19,65535
3,5,20,21,1,0,0,20,65535
3,5,21,22,1,0,0,21,65535
3,5,22,23,1,0,0,22,65535
3,5,23,24,4,0,0,23,24
3,5,24,25,1,0,0,25,65535
3,5,25,26,1,0,0,26,65535
3,5,26,27,1,0,0,27,65535
3,5,27,28,1,0,0,28,65535
3,5,28,29,1,0,0,29,65535
3,5,30,31,1,0,0,30,65535
3,5,31,32,1,0,0,31,65535
3,5,32,11,1,0,0,32,65535
3,5,12,33,1,0,0,33,65535
3,5,33,34,1,0,0,34,65535
3,5,34,35,1,0,0,35,65535
3,5,35,36,1,0,0,36,65535
3,5,37,38,1,0,0,37,65535
3,5,39,40,1,0,0,38,65535
3,5,40,13,1,0,0,39,65535
3,5,38,41,1,0,0,40,65535
3,5,41,42,1,0,0,41,65535
3,5,42,39,1,0,0,42,65535
3,5,43,44,1,0,0,43,65535
3,5,45,46,1,0,0,44,65535
3,5,44,47,17,0,0,45,65535
3,5,48,45,17,0,0,46,65535
3,5,47,49,1,0,0,47,65535
3,5,50,48,1,0,0,48,65535
3,5,36,51,1,0,0,49,65535
3,5,51,43,1,0,0,50,65535
3,5,46,52,1,0,0,51,65535
3,5,52,37,1,0,0,52,65535
3,5,49,53,1,0,0,53,65535
3,5,54,55,36,31,0,54,55
3,5,56,57,1,0,0,56,65535
3,5,57,58,1,0,0,57,65535
3,5,58,59,17,0,0,58,65535
3,5,60,61,17,0,0,59,65535
3,5,61,62,1,0,0,60,65535
3,5,62,63,1,0,0,61,65535
3,5,64,65,1,0,0,62,65535
3,5,65,50,1,0,0,63,65535
3,5,17,66,1,0,0,64,65535
3,5,66,67,17,0,0,65,65535
3,5,67,68,1,0,0,66,65535
3,5,68,69,1,0,0,67,65535
3,5,70,71,1,0,0,68,65535
3,5,71,72,1,0,0,69,65535
3,5,72,73,1,0,0,70,65535
3,5,73,74,1,0,0,71,65535
3,5,74,75,1,0,0,72,65535
3,5,75,76,17,0,0,73,65535
3,5,77,78,17,0,0,74,65535
3,5,78,79,1,0,0,75,65535
3,5,79,80,1,0,0,76,65535
3,5,80,81,1,0,0,77,65535
3,5,81,82,1,0,0,78,65535
3,5,82,83,17,0,0,79,65535
3,5,83,84,1,0,0,80,65535
3,5,84,85,1,0,0,81,65535
3,5,85,86,1,0,0,82,65535
3,5,86,87,1,0,0,83,65535
3,5,87,88,17,0,0,84,65535
3,5,88,89,1,0,0,85,65535
3,5,89,90,1,0,0,86,65535
3,5,90,91,1,0,0,87,65535
3,5,91,92,1,0,0,88,65535
3,5,92,93,17,0,0,89,65535
3,5,93,94,1,0,0,90,65535
3,5,94,95,1,0,0,91,65535
3,5,95,96,1,0,0,92,65535
3,5,96,77,1,0,0,93,65535
3,5,77,76,4,1,0,94,95
3,5,59,97,1,0,0,96,65535
3,5,98,60,1,0,0,97,65535
3,5,76,99,1,0,0,98,65535
3,5,99,100,1,0,0,99,65535
3,5,100,98,1,0,0,100,65535
3,5,97,101,1,0,0,101,65535
3,5,101,102,1,0,0,102,65535
3,5,102,103,1,0,0,103,65535
3,5,103,104,1,0,0,104,65535
3,5,104,105,17,0,0,105,65535
3,5,105,106,1,0,0,106,65535
3,5,75,78,4,1,0,107,108
3,5,104,93,4,1,0,109,110
3,5,92,105,4,1,0,111,112
3,5,107,108,1,0,0,113,65535
3,5,108,109,17,0,0,114,65535
3,5,109,110,1,0,0,115,65535
3,5,110,111,1,0,0,116,65535
3,5,111,112,1,0,0,117,65535
3,5,112,113,1,0,0,118,65535
3,5,113,114,1,0,0,119,65535
3,5,115,116,1,0,0,120,65535
3,5,23,117,1,0,0,121,65535
3,5,117,118,17,0,0,122,65535
3,5,118,119,1,0,0,123,65535
3,5,119,120,1,0,0,124,65535
3,5,121,122,1,0,0,125,65535
3,5,122,123,1,0,0,126,65535
3,5,123,124,17,0,0,127,65535
3,5,124,18,1,0,0,128,65535
3,5,60,59,4,1,0,129,130
3,5,58,61,4,1,0,131,132
3,5,125,126,1,0,0,133,65535
3,5,126,127,1,0,0,134,65535
3,5,127,128,1,0,0,135,65535
3,5,128,129,1,0,0,136,65535
3,5,129,130,1,0,0,137,65535
3,5,130,131,1,0,0,138,65535
3,5,131,132,17,0,0,139,65535
3,5,132,133,1,0,0,140,65535
3,5,134,135,1,0,0,141,65535
3,5,135,136,17,0,0,142,65535
3,5,136,137,1,0,0,143,65535
3,5,137,138,1,0,0,144,65535
3,5,139,140,1,0,0,145,65535
3,5,140,141,1,0,0,146,65535
3,5,141,142,1,0,0,147,65535
3,5,142,143,1,0,0,148,65535
3,5,143,144,17,0,0,149,65535
3,5,144,24,1,0,0,150,65535
3,5,138,145,1,0,0,151,65535
3,5,145,146,1,0,0,152,65535
3,5,146,147,17,0,0,153,65535
3,5,147,148,1,0,0,154,65535
3,5,148,149,17,0,0,155,65535
3,5,149,150,17,0,0,156,65535
3,5,150,151,1,0,0,157,65535
3,5,151,152,17,0,0,158,65535
3,5,152,153,1,0,0,159,65535
3,5,153,154,1,0,0,160,65535
3,5,154,155,1,0,0,161,65535
3,5,155,156,1,0,0,162,65535
3,5,156,157,17,0,0,163,65535
3,5,157,158,1,0,0,164,65535
3,5,158,159,1,0,0,165,65535
3,5,159,134,1,0,0,166,65535
3,5,160,139,1,0,0,167,65535
3,5,161,162,1,0,0,168,65535
3,5,162,163,17,0,0,169,65535
3,5,163,160,1,0,0,170,65535
3,5,131,136,4,1,0,171,172
3,5,130,137,12,0,0,173,174
3,5,145,160,12,0,0,175,176
3,5,146,163,4,1,0,177,178
3,5,162,147,4,1,0,179,180
3,5,161,148,28,0,0,181,182
3,5,81,110,12,0,0,183,184
3,5,82,109,4,1,0,185,186
3,5,74,79,12,0,0,187,188
3,5,96,99,12,0,0,189,190
3,5,103,94,12,0,0,191,192
3,5,91,106,12,0,0,193,194
3,5,57,62,12,0,0,195,196
3,5,98,97,12,0,0,197,198
3,5,66,124,4,1,0,199,200
3,5,123,67,4,1,0,201,202
3,5,117,144,4,1,0,203,204
3,5,143,118,4,1,0,205,206
3,5,142,119,4,0,0,207,208
3,5,164,165,17,0,0,209,65535
3,5,166,164,1,0,0,210,65535
3,5,167,166,17,0,0,211,65535
3,5,165,161,17,0,0,212,65535
3,5,168,169,1,0,0,213,65535
3,5,169,170,17,0,0,214,65535
3,5,170,171,1,0,0,215,65535
3,5,172,173,1,0,0,216,65535
3,5,173,174,1,0,0,217,65535
3,5,174,175,1,0,0,218,65535
3,5,175,176,1,0,0,219,65535
3,5,177,178,1,0,0,220,65535
3,5,178,179,1,0,0,221,65535
3,5,179,180,1,0,0,222,65535
3,5,181,182,1,0,0,223,65535
3,5,182,183,17,0,0,224,65535
3,5,183,184,1,0,0,225,65535
3,5,184,185,1,0,0,226,65535
3,5,185,186,1,0,0,227,65535
3,5,186,187,1,0,0,228,65535
3,5,187,188,1,0,0,229,65535
3,5,188,189,1,0,0,230,65535
3,5,189,190,1,0,0,231,65535
3,5,190,191,1,0,0,232,65535
3,5,191,192,1,0,0,233,65535
3,5,192,168,1,0,0,234,65535
3,5,168,89,12,0,0,235,236
3,5,169,88,4,1,0,237,238
3,5,87,170,4,2,5,239,240
3,5,193,194,1,0,0,241,65535
3,5,194,195,1,0,0,242,65535
3,5,195,196,17,0,0,243,65535
3,5,196,197,1,0,0,244,65535
3,5,197,198,1,0,0,245,65535
3,5,198,199,1,0,0,246,65535
3,5,199,200,1,0,0,247,65535
3,5,201,202,1,0,0,248,65535
3,5,202,203,1,0,0,249,65535
3,5,203,204,1,0,0,250,65535
3,5,204,205,1,0,0,251,65535
3,5,205,206,17,0,0,252,65535
3,5,206,207,1,0,0,253,65535
3,5,207,208,1,0,0,254,65535
3,5,208,209,1,0,0,255,65535
3,5,209,210,1,0,0,256,65535
3,5,210,211,1,0,0,257,65535
3,5,211,212,1,0,0,258,65535
3,5,212,213,1,0,0,259,65535
3,5,213,214,1,0,0,260,65535
3,5,214,215,1,0,0,261,65535
3,5,215,216,1,0,0,262,65535
3,5,216,217,1,0,0,263,65535
3,5,217,218,1,0,0,264,65535
3,5,219,220,1,0,0,265,65535
3,5,221,222,1,0,0,266,65535
3,5,222,223,1,0,0,267,65535
3,5,223,224,17,0,0,268,65535
3,5,224,225,1,0,0,269,65535
3,5,108,83,4,2,5,270,271
3,5,200,201,4,0,0,272,273
3,5,226,227,1,0,0,274,65535
3,5,227,228,17,1,0,275,65535
3,5,228,201,1,0,0,276,65535
3,5,200,229,1,0,0,277,65535
3,5,229,230,17,1,0,278,65535
3,5,230,231,1,0,0,279,65535
3,5,229,228,4,1,0,280,281
3,5,227,230,4,0,0,282,283
3,5,226,231,4,0,0,284,285
3,5,231,232,1,0,0,286,65535
3,5,232,233,1,0,0,287,65535
3,5,233,234,1,0,0,288,65535
3,5,234,235,1,0,0,289,65535
3,5,235,236,1,0,0,290,65535
3,5,237,238,1,0,0,291,65535
3,5,238,239,1,0,0,292,65535
3,5,239,240,1,0,0,293,65535
3,5,240,241,1,0,0,294,65535
3,5,242,243,1,0,0,295,65535
3,5,243,244,1,0,0,296,65535
3,5,244,245,1,0,0,297,65535
3,5,245,246,1,0,0,298,65535
3,5,246,247,1,0,0,299,65535
3,5,247,248,1,0,0,300,65535
3,5,249,250,1,0,0,301,65535
3,5,250,251,1,0,0,302,65535
3,5,251,252,1,0,0,303,65535
3,5,252,253,1,0,0,304,65535
3,5,253,254,1,0,0,305,65535
3,5,254,255,1,0,0,306,65535
3,5,256,257,1,0,0,307,65535
3,5,257,258,1,0,0,308,65535
3,5,258,259,1,0,0,309,65535
3,5,259,260,1,0,0,310,65535
3,5,261,262,1,0,0,311,65535
3,5,262,263,1,0,0,312,65535
3,5,263,264,1,0,0,313,65535
3,5,264,265,1,0,0,314,65535
3,5,265,226,1,0,0,315,65535
3,5,236,266,1,0,0,316,65535
3,5,266,237,1,0,0,317,65535
3,5,260,267,1,0,0,318,65535
3,5,267,261,1,0,0,319,65535
3,5,255,268,1,0,0,320,65535
3,5,268,256,1,0,0,321,65535
3,5,241,269,1,0,0,322,65535
3,5,269,242,1,0,0,323,65535
3,5,248,270,1,0,0,324,65535
3,5,270,271,1,61,11,325,65535
3,5,272,273,1,0,0,326,65535
3,5,273,274,1,0,0,327,65535
3,5,274,275,1,0,0,328,65535
3,5,275,249,1,0,0,329,65535
3,5,204,197,4,0,0,330,331
3,5,194,207,4,0,0,332,333
3,5,195,206,4,1,0,334,335
3,5,205,196,4,0,0,336,337
3,5,63,64,1,0,0,338,65535
3,5,135,132,4,2,15,339,340
3,5,122,68,4,0,0,341,342
3,5,12,276,132,0,0,343,344
3,5,276,277,132,0,0,345,346
3,5,277,13,132,0,0,347,348
3,5,33,36,29,0,0,349,350
3,5,37,40,29,0,0,351,352
3,5,51,52,4,0,0,353,354
3,5,278,279,4,0,0,355,356
3,5,43,278,4,0,0,357,358
3,5,279,46,4,0,0,359,360
3,5,48,47,4,1,0,361,362
3,5,44,45,4,1,0,363,364
3,5,280,281,132,0,0,365,366
3,5,281,282,132,0,0,367,368
3,5,282,283,132,0,0,369,370
3,5,284,285,132,0,0,371,372
3,5,285,286,132,0,0,373,374
3,5,286,287,132,0,0,375,376
3,5,288,289,132,0,0,377,378
3,5,289,290,132,0,0,379,380
3,5,290,291,132,0,0,381,382
3,5,26,288,157,0,0,383,384
3,5,291,27,157,0,0,385,386
3,5,287,21,157,0,0,387,388
3,5,20,284,157,0,0,389,390
3,5,283,15,133,0,0,391,392
3,5,14,280,133,0,0,393,394
3,5,280,283,157,0,0,395,396
3,5,284,287,157,0,0,397,398
3,5,288,291,157,0,0,399,400
3,5,10,6,12,0,0,401,402
3,5,9,5,4,0,0,403,404
3,5,4,2,4,0,0,405,406
3,5,292,121,129,0,0,407,65535
3,5,120,293,129,0,0,408,65535
3,5,294,295,28,0,0,409,410
3,5,295,296,28,0,0,411,412
3,5,296,297,28,0,0,413,414
3,5,297,121,28,0,0,415,416
3,5,298,297,132,0,0,417,418
3,5,299,295,132,0,0,419,420
3,5,296,300,132,0,0,421,422
3,5,116,301,1,0,0,423,65535
3,5,301,302,28,0,0,424,425
3,5,302,303,28,0,0,426,427
3,5,303,304,28,0,0,428,429
3,5,304,305,28,0,0,430,431
3,5,306,307,28,0,0,432,433
3,5,307,308,28,0,0,434,435
3,5,308,125,1,0,0,436,65535
3,5,301,309,129,0,0,437,65535
3,5,310,305,129,0,0,438,65535
3,5,306,311,132,0,0,439,440
3,5,302,312,132,0,0,441,442
3,5,313,303,132,0,0,443,444
3,5,304,314,132,0,0,445,446
3,5,315,307,132,0,0,447,448
3,5,316,308,129,0,0,449,65535
3,5,305,317,1,0,0,450,65535
3,5,317,318,129,0,0,451,65535
3,5,317,319,28,0,0,452,453
3,5,319,320,28,0,0,454,455
3,5,320,306,28,0,0,456,457
3,5,321,319,132,0,0,458,459
3,5,320,322,132,0,0,460,461
3,5,106,323,1,0,0,462,65535
3,5,323,324,1,0,0,463,65535
3,5,325,326,1,0,0,464,65535
3,5,326,327,1,0,0,465,65535
3,5,327,328,1,0,0,466,65535
3,5,328,329,1,0,0,467,65535
3,5,329,330,1,0,0,468,65535
3,5,330,331,1,0,0,469,65535
3,5,331,332,1,0,0,470,65535
3,5,332,325,1,0,0,471,65535
3,5,333,334,1,0,0,472,65535
3,5,334,335,1,0,0,473,65535
3,5,335,336,1,0,0,474,65535
3,5,336,337,1,0,0,475,65535
3,5,337,338,1,0,0,476,65535
3,5,338,339,1,0,0,477,65535
3,5,339,340,1,0,0,478,65535
3,5,340,333,1,0,0,479,65535
3,5,341,342,1,0,0,480,65535
3,5,342,343,1,0,0,481,65535
3,5,343,344,1,0,0,482,65535
3,5,344,345,1,0,0,483,65535
3,5,345,346,1,0,0,484,65535
3,5,346,347,1,0,0,485,65535
3,5,347,348,1,0,0,486,65535
3,5,348,341,1,0,0,487,65535
3,5,349,350,1,0,0,488,65535
3,5,350,351,1,0,0,489,65535
3,5,351,352,1,0,0,490,65535
3,5,352,353,1,0,0,491,65535
3,5,353,354,1,0,0,492,65535
3,5,354,355,1,0,0,493,65535
3,5,355,356,1,0,0,494,65535
3,5,356,349,1,0,0,495,65535
3,5,324,357,1,0,0,496,65535
3,5,357,358,129,0,0,497,65535
3,5,359,360,129,0,0,498,65535
3,5,361,362,1,0,0,499,65535
3,5,362,363,129,0,0,500,65535
3,5,364,365,129,0,0,501,65535
3,5,365,193,1,0,0,502,65535
3,5,362,366,28,0,0,503,504
3,5,366,367,28,0,0,505,506
3,5,367,368,28,0,0,507,508
3,5,368,369,28,0,0,509,510
3,5,369,365,28,0,0,511,512
3,5,370,369,132,0,0,513,514
3,5,371,368,132,0,0,515,516
3,5,372,367,132,0,0,517,518
3,5,373,366,132,0,0,519,520
3,5,357,374,28,0,0,521,522
3,5,374,375,28,0,0,523,524
3,5,375,376,28,0,0,525,526
3,5,376,377,28,0,0,527,528
3,5,377,360,28,0,0,529,530
3,5,378,377,132,0,0,531,532
3,5,379,376,132,0,0,533,534
3,5,380,375,132,0,0,535,536
3,5,381,374,132,0,0,537,538
3,5,381,358,132,0,0,539,540
3,5,380,381,132,0,0,541,542
3,5,379,380,132,0,0,543,544
3,5,378,379,132,0,0,545,546
3,5,359,378,132,0,0,547,548
3,5,358,382,129,0,0,549,65535
3,5,382,383,129,0,0,550,65535
3,5,383,384,129,0,0,551,65535
3,5,384,385,129,0,0,552,65535
3,5,385,359,129,0,0,553,65535
3,5,363,386,129,0,0,554,65535
3,5,386,387,129,0,0,555,65535
3,5,387,388,129,0,0,556,65535
3,5,388,389,129,0,0,557,65535
3,5,389,364,129,0,0,558,65535
3,5,373,363,132,0,0,559,560
3,5,372,373,132,0,0,561,562
3,5,371,372,132,0,0,563,564
3,5,370,371,132,0,0,565,566
3,5,364,370,132,0,0,567,568
3,5,390,294,132,0,0,569,570
3,5,120,294,28,0,0,571,572
3,5,293,391,129,0,0,573,65535
3,5,391,392,129,0,0,574,65535
3,5,392,393,129,0,0,575,65535
3,5,393,394,129,0,0,576,65535
3,5,394,292,129,0,0,577,65535
3,5,299,390,132,0,0,578,579
3,5,300,299,132,0,0,580,581
3,5,298,300,132,0,0,582,583
3,5,292,298,132,0,0,584,585
3,5,390,293,132,0,0,586,587
3,5,318,395,129,0,0,588,65535
3,5,395,396,129,0,0,589,65535
3,5,396,397,129,0,0,590,65535
3,5,397,398,129,0,0,591,65535
3,5,398,316,129,0,0,592,65535
3,5,315,311,132,0,0,593,594
3,5,316,315,132,0,0,595,596
3,5,321,318,132,0,0,597,598
3,5,322,321,132,0,0,599,600
3,5,311,322,132,0,0,601,602
3,5,399,400,129,0,0,603,65535
3,5,400,401,129,0,0,604,65535
3,5,401,402,129,0,0,605,65535
3,5,402,310,129,0,0,606,65535
3,5,309,399,129,0,0,607,65535
3,5,312,309,132,0,0,608,609
3,5,313,312,132,0,0,610,611
3,5,314,313,132,0,0,612,613
3,5,310,314,132,0,0,614,615
3,5,403,404,129,0,0,616,65535
3,5,405,361,129,0,0,617,65535
3,5,406,407,132,0,0,618,619
3,5,408,409,132,0,0,620,621
3,5,410,411,132,0,0,622,623
3,5,412,413,132,0,0,624,625
3,5,404,414,129,0,0,626,65535
3,5,414,415,129,0,0,627,65535
3,5,415,416,129,0,0,628,65535
3,5,416,417,129,0,0,629,65535
3,5,417,405,129,0,0,630,65535
3,5,412,404,132,0,0,631,632
3,5,410,412,132,0,0,633,634
3,5,408,410,132,0,0,635,636
3,5,406,408,132,0,0,637,638
3,5,405,406,132,0,0,639,640
3,5,360,403,1,0,0,641,65535
3,5,403,413,28,0,0,642,643
3,5,413,411,28,0,0,644,645
3,5,411,409,28,0,0,646,647
3,5,409,407,28,0,0,648,649
3,5,407,361,28,0,0,650,651
3,5,418,419,1,0,0,652,65535
3,5,420,421,1,0,0,653,65535
3,5,421,422,1,0,0,654,65535
3,5,422,423,1,0,0,655,65535
3,5,423,424,17,0,0,656,65535
3,5,424,425,1,0,0,657,65535
3,5,425,426,1,0,0,658,65535
3,5,426,427,1,0,0,659,65535
3,5,427,428,1,0,0,660,65535
3,5,428,429,17,0,0,661,65535
3,5,429,430,1,0,0,662,65535
3,5,430,431,1,0,0,663,65535
3,5,431,432,1,0,0,664,65535
3,5,432,433,1,0,0,665,65535
3,5,433,434,17,0,0,666,65535
3,5,434,435,1,0,0,667,65535
3,5,435,436,1,0,0,668,65535
3,5,436,418,1,0,0,669,65535
3,5,437,438,1,0,0,670,65535
3,5,439,437,17,0,0,671,65535
3,5,440,439,1,0,0,672,65535
3,5,441,440,1,0,0,673,65535
3,5,442,420,1,0,0,674,65535
3,5,419,442,17,0,0,675,65535
3,5,418,184,12,0,0,676,677
3,5,182,442,4,1,0,678,679
3,5,419,183,4,1,0,680,681
3,5,222,435,12,0,0,682,683
3,5,223,434,4,1,0,684,685
3,5,433,224,4,1,0,686,687
3,5,432,225,12,0,0,688,689
3,5,440,430,12,0,0,690,691
3,5,439,429,4,1,0,692,693
3,5,428,437,4,1,0,694,695
3,5,427,438,12,74,18,696,697
3,5,443,444,1,0,0,698,65535
3,5,445,443,17,0,0,699,65535
3,5,446,445,1,0,0,700,65535
3,5,447,446,1,0,0,701,65535
3,5,446,425,12,74,18,702,703
3,5,423,443,4,1,0,704,705
3,5,445,424,4,1,0,706,707
3,5,225,448,1,0,0,708,65535
3,5,449,450,1,0,0,709,65535
3,5,451,452,1,0,0,710,65535
3,5,452,453,1,0,0,711,65535
3,5,454,455,1,0,0,712,65535
3,5,455,456,1,0,0,713,65535
3,5,220,457,1,0,0,714,65535
3,5,457,458,17,0,0,715,65535
3,5,458,449,1,0,0,716,65535
3,5,459,221,1,0,0,717,65535
3,5,460,459,17,0,0,718,65535
3,5,448,460,1,0,0,719,65535
3,5,220,221,12,0,0,720,721
3,5,457,459,4,1,0,722,723
3,5,460,458,4,1,0,724,725
3,5,448,449,12,0,0,726,727
3,5,461,462,1,0,0,728,65535
3,5,462,463,156,0,0,729,730
3,5,464,465,132,0,0,731,732
3,5,465,466,1,0,0,733,65535
3,5,467,468,1,0,0,734,65535
3,5,469,467,1,0,0,735,65535
3,5,470,469,17,0,0,736,65535
3,5,471,470,1,0,0,737,65535
3,5,155,467,12,0,0,738,739
3,5,470,157,4,2,15,740,741
3,5,156,469,4,1,0,742,743
3,5,151,472,4,1,0,744,745
3,5,473,152,4,1,0,746,747
3,5,150,474,28,0,0,748,749
3,5,474,475,17,0,0,750,65535
3,5,472,474,1,0,0,751,65535
3,5,473,472,17,0,0,752,65535
3,5,476,473,1,0,0,753,65535
3,5,477,476,1,0,0,754,65535
3,5,476,153,12,0,0,755,756
3,5,475,478,17,0,0,757,65535
3,5,478,479,17,0,0,758,65535
3,5,479,480,1,0,0,759,65535
3,5,480,481,17,0,0,760,65535
3,5,481,482,1,0,0,761,65535
3,5,483,167,1,0,0,762,65535
3,5,484,483,17,0,0,763,65535
3,5,485,484,17,0,0,764,65535
3,5,486,487,17,0,0,765,65535
3,5,487,485,17,0,0,766,65535
3,5,482,488,17,0,0,767,65535
3,5,488,489,17,0,0,768,65535
3,5,489,490,17,0,0,769,65535
3,5,490,491,1,0,0,770,65535
3,5,491,30,17,0,0,771,65535
3,5,29,492,1,0,0,772,65535
3,5,492,493,17,0,0,773,65535
3,5,493,486,1,0,0,774,65535
3,5,29,31,4,0,0,775,776
3,5,490,486,20,0,0,777,778
3,5,492,30,4,1,0,779,780
3,5,491,493,4,1,0,781,782
3,5,483,482,12,0,0,783,784
3,5,479,164,12,0,0,785,786
3,5,167,481,4,1,0,787,788
3,5,480,166,4,1,0,789,790
3,5,468,494,1,0,0,791,65535
3,5,494,495,1,0,0,792,65535
3,5,495,496,1,0,0,793,65535
3,5,496,497,1,0,0,794,65535
3,5,497,498,1,0,0,795,65535
3,5,498,499,1,0,0,796,65535
3,5,499,500,1,0,0,797,65535
3,5,500,501,1,0,0,798,65535
3,5,501,502,1,1,0,799,65535
3,5,502,503,17,0,0,800,65535
3,5,503,504,1,1,0,801,65535
3,5,504,505,1,0,0,802,65535
3,5,506,507,1,0,0,803,65535
3,5,507,508,1,0,0,804,65535
3,5,508,509,1,0,0,805,65535
3,5,509,510,1,0,0,806,65535
3,5,511,512,36,34,0,807,808
3,5,512,513,1,0,0,809,65535
3,5,513,514,1,0,0,810,65535
3,5,515,516,1,0,0,811,65535
3,5,516,517,156,0,0,812,813
3,5,518,519,156,0,0,814,815
3,5,519,520,1,0,0,816,65535
3,5,521,522,1,0,0,817,65535
3,5,522,523,1,0,0,818,65535
3,5,523,524,17,0,0,819,65535
3,5,524,525,1,0,0,820,65535
3,5,525,526,1,0,0,821,65535
3,5,526,527,1,0,0,822,65535
3,5,527,528,1,0,0,823,65535
3,5,528,529,1,0,0,824,65535
3,5,529,530,1,0,0,825,65535
3,5,530,531,1,0,0,826,65535
3,5,531,532,1,0,0,827,65535
3,5,532,447,1,0,0,828,65535
3,5,533,534,1,0,0,829,65535
3,5,534,535,17,0,0,830,65535
3,5,535,536,1,0,0,831,65535
3,5,536,537,1,0,0,832,65535
3,5,537,538,1,0,0,833,65535
3,5,538,539,1,0,0,834,65535
3,5,539,540,17,0,0,835,65535
3,5,540,541,1,0,0,836,65535
3,5,541,542,1,0,0,837,65535
3,5,542,543,1,0,0,838,65535
3,5,543,544,1,0,0,839,65535
3,5,544,545,17,0,0,840,65535
3,5,545,546,1,0,0,841,65535
3,5,546,547,1,0,0,842,65535
3,5,547,548,1,0,0,843,65535
3,5,548,549,1,0,0,844,65535
3,5,549,550,17,0,0,845,65535
3,5,550,551,1,0,0,846,65535
3,5,551,552,1,0,0,847,65535
3,5,552,533,1,0,0,848,65535
3,5,501,536,12,0,0,849,850
3,5,548,525,12,74,18,851,852
3,5,543,553,12,0,0,853,854
3,5,538,554,12,0,0,855,856
3,5,555,541,12,0,0,857,858
3,5,534,503,4,2,3,859,860
3,5,502,535,4,1,0,861,862
3,5,523,550,4,2,3,863,864
3,5,549,524,4,1,0,865,866
3,5,556,545,12,0,0,867,868
3,5,544,557,4,1,0,869,870
3,5,539,558,12,0,0,871,872
3,5,559,540,4,1,0,873,874
3,5,560,546,12,74,18,875,876
3,5,560,556,1,0,0,877,65535
3,5,557,553,1,0,0,878,65535
3,5,555,559,1,0,0,879,65535
3,5,558,554,1,0,0,880,65535
3,5,556,557,17,0,0,881,65535
3,5,559,558,17,0,0,882,65535
3,5,554,561,1,0,0,883,65535
3,5,562,477,1,0,0,884,65535
3,5,563,560,1,0,0,885,65535
3,5,564,563,1,0,0,886,65535
3,5,438,565,1,0,0,887,65535
3,5,566,567,1,0,0,888,65535
3,5,553,566,1,0,0,889,65535
3,5,568,555,1,0,0,890,65535
3,5,569,570,4,0,0,891,892
3,5,571,569,4,0,0,893,894
3,5,572,571,4,0,0,895,896
3,5,570,572,4,0,0,897,898
3,5,573,574,1,0,0,899,65535
3,5,574,575,1,0,0,900,65535
3,5,575,576,1,0,0,901,65535
3,5,576,577,1,0,0,902,65535
3,5,577,578,1,0,0,903,65535
3,5,578,573,1,0,0,904,65535
3,5,579,580,1,0,0,905,65535
3,5,580,581,1,0,0,906,65535
3,5,581,582,1,0,0,907,65535
3,5,582,583,1,0,0,908,65535
3,5,583,584,1,0,0,909,65535
3,5,584,579,1,0,0,910,65535
3,5,585,586,1,0,0,911,65535
3,5,586,587,1,0,0,912,65535
3,5,587,588,1,0,0,913,65535
3,5,588,589,1,0,0,914,65535
3,5,589,590,1,0,0,915,65535
3,5,590,585,1,0,0,916,65535
3,5,591,592,1,0,0,917,65535
3,5,593,591,1,0,0,918,65535
3,5,594,593,1,0,0,919,65535
3,5,595,594,1,0,0,920,65535
3,5,596,595,1,0,0,921,65535
3,5,592,596,1,0,0,922,65535
3,5,505,506,1,0,0,923,65535
3,5,520,521,1,0,0,924,65535
3,5,597,505,4,97,1,925,926
3,5,521,597,4,97,1,927,928
3,5,504,533,12,97,1,929,930
3,5,133,598,1,0,0,931,65535
3,5,598,461,1,0,0,932,65535
3,5,514,599,1,0,0,933,65535
3,5,599,471,1,0,0,934,65535
3,5,599,600,4,97,1,935,936
3,5,600,598,4,97,1,937,938
3,5,466,601,1,0,0,939,65535
3,5,601,107,1,0,0,940,65535
3,5,171,602,1,0,0,941,65535
3,5,602,172,1,0,0,942,65535
3,5,603,602,4,97,1,943,944
3,5,601,603,4,97,1,945,946
3,5,171,86,12,97,1,947,948
3,5,180,604,1,0,0,949,65535
3,5,604,181,1,0,0,950,65535
3,5,444,605,1,0,0,951,65535
3,5,605,515,1,0,0,952,65535
3,5,604,606,4,97,2,953,954
3,5,606,605,4,97,2,955,956
3,5,420,181,12,97,2,957,958
3,5,444,422,12,97,2,959,960
3,5,607,608,1,0,0,961,65535
3,5,608,609,1,0,0,962,65535
3,5,609,610,1,0,0,963,65535
3,5,610,611,1,0,0,964,65535
3,5,611,612,1,0,0,965,65535
3,5,612,613,1,0,0,966,65535
3,5,614,615,1,0,0,967,65535
3,5,615,616,1,0,0,968,65535
3,5,616,617,1,0,0,969,65535
3,5,617,618,1,0,0,970,65535
3,5,618,619,1,0,0,971,65535
3,5,619,620,1,0,0,972,65535
3,5,621,622,1,0,0,973,65535
3,5,622,623,1,0,0,974,65535
3,5,623,624,1,0,0,975,65535
3,5,624,625,1,0,0,976,65535
3,5,625,626,1,0,0,977,65535
3,5,626,627,1,0,0,978,65535
3,5,628,629,1,0,0,979,65535
3,5,629,630,1,0,0,980,65535
3,5,630,631,1,0,0,981,65535
3,5,631,632,1,0,0,982,65535
3,5,632,633,1,0,0,983,65535
3,5,633,634,1,0,0,984,65535
3,5,635,607,1,0,0,985,65535
3,5,636,635,17,0,0,986,65535
3,5,613,637,1,0,0,987,65535
3,5,637,638,17,0,0,988,65535
3,5,638,639,1,0,0,989,65535
3,5,639,640,1,0,0,990,65535
3,5,640,641,1,0,0,991,65535
3,5,641,642,1,0,0,992,65535
3,5,642,643,1,0,0,993,65535
3,5,643,644,1,0,0,994,65535
3,5,644,645,1,0,0,995,65535
3,5,645,636,1,0,0,996,65535
3,5,636,638,36,0,0,997,998
3,5,637,635,36,0,0,999,1000
3,5,634,646,1,0,0,1001,65535
3,5,646,647,17,0,0,1002,65535
3,5,647,648,1,0,0,1003,65535
3,5,648,649,1,0,0,1004,65535
3,5,649,650,1,0,0,1005,65535
3,5,650,651,1,0,0,1006,65535
3,5,651,652,1,0,0,1007,65535
3,5,652,653,1,0,0,1008,65535
3,5,653,654,1,0,0,1009,65535
3,5,654,655,1,0,0,1010,65535
3,5,655,656,17,0,0,1011,65535
3,5,656,628,1,0,0,1012,65535
3,5,646,656,36,0,0,1013,1014
3,5,655,647,36,0,0,1015,1016
3,5,627,657,1,0,0,1017,65535
3,5,657,658,17,0,0,1018,65535
3,5,658,659,1,0,0,1019,65535
3,5,659,660,1,0,0,1020,65535
3,5,660,661,1,0,0,1021,65535
3,5,661,662,1,0,0,1022,65535
3,5,662,663,1,0,0,1023,65535
3,5,663,664,1,0,0,1024,65535
3,5,664,665,1,0,0,1025,65535
3,5,665,666,1,0,0,1026,65535
3,5,666,667,17,0,0,1027,65535
3,5,667,621,1,0,0,1028,65535
3,5,657,667,36,0,0,1029,1030
3,5,666,658,36,0,0,1031,1032
3,5,620,668,1,0,0,1033,65535
3,5,668,669,17,0,0,1034,65535
3,5,669,670,1,0,0,1035,65535
3,5,670,671,1,0,0,1036,65535
3,5,671,672,1,0,0,1037,65535
3,5,672,673,1,0,0,1038,65535
3,5,673,674,1,0,0,1039,65535
3,5,674,675,1,0,0,1040,65535
3,5,675,676,1,0,0,1041,65535
3,5,676,677,1,0,0,1042,65535
3,5,677,678,17,0,0,1043,65535
3,5,678,614,1,0,0,1044,65535
3,5,668,678,36,0,0,1045,1046
3,5,677,669,36,0,0,1047,1048
3,5,567,568,1,0,0,1049,65535
3,5,114,679,129,0,0,1050,65535
3,5,679,680,129,0,0,1051,65535
3,5,680,681,129,0,0,1052,65535
3,5,681,682,129,0,0,1053,65535
3,5,682,683,129,0,0,1054,65535
3,5,683,684,129,0,0,1055,65535
3,5,684,685,129,0,0,1056,65535
3,5,685,115,1,0,0,1057,65535
3,5,114,686,28,0,0,1058,1059
3,5,686,687,132,0,0,1060,1061
3,5,687,679,132,0,0,1062,1063
3,5,686,685,28,0,0,1064,1065
3,5,684,687,132,0,0,1066,1067
3,5,69,688,129,0,0,1068,65535
3,5,688,689,129,0,0,1069,65535
3,5,689,690,129,0,0,1070,65535
3,5,690,691,129,0,0,1071,65535
3,5,692,693,129,0,0,1072,65535
3,5,693,694,129,0,0,1073,65535
3,5,694,70,1,0,0,1074,65535
3,5,691,692,129,0,0,1075,65535
3,5,69,695,28,0,0,1076,1077
3,5,695,696,132,0,0,1078,1079
3,5,696,688,132,0,0,1080,1081
3,5,693,696,132,0,0,1082,1083
3,5,695,694,28,0,0,1084,1085
3,5,613,614,12,0,0,1086,1087
3,5,620,621,12,0,0,1088,1089
3,5,627,628,12,0,0,1090,1091
3,5,634,607,12,0,0,1092,1093
3,5,516,697,1,0,0,1094,65535
3,5,697,698,1,0,0,1095,65535
3,5,698,517,1,0,0,1096,65535
3,5,518,699,1,0,0,1097,65535
3,5,699,700,1,0,0,1098,65535
3,5,700,519,1,0,0,1099,65535
3,5,464,701,1,0,0,1100,65535
3,5,702,703,1,0,0,1101,65535
3,5,704,465,1,0,0,1102,65535
3,5,701,702,1,0,0,1103,65535
3,5,703,704,1,0,0,1104,65535
3,5,462,705,1,0,0,1105,65535
3,5,706,707,1,0,0,1106,65535
3,5,708,463,1,0,0,1107,65535
3,5,705,706,1,0,0,1108,65535
3,5,707,708,1,0,0,1109,65535
3,5,709,177,1,0,0,1110,65535
3,5,176,710,1,0,0,1111,65535
3,5,710,711,1,0,0,1112,65535
3,5,711,709,1,0,0,1113,65535
3,5,176,709,156,0,0,1114,1115
3,5,510,712,129,0,0,1116,65535
3,5,712,713,129,0,0,1117,65535
3,5,713,714,129,0,0,1118,65535
3,5,714,715,129,0,0,1119,65535
3,5,716,717,129,0,0,1120,65535
3,5,717,718,129,0,0,1121,65535
3,5,718,511,1,0,0,1122,65535
3,5,510,719,28,0,0,1123,1124
3,5,719,720,28,0,0,1125,1126
3,5,720,721,28,0,0,1127,1128
3,5,722,723,132,0,0,1129,1130
3,5,723,724,132,0,0,1131,1132
3,5,724,712,132,0,0,1133,1134
3,5,719,724,132,0,0,1135,1136
3,5,720,723,132,0,0,1137,1138
3,5,722,721,129,0,0,1139,65535
3,5,721,725,1,0,0,1140,65535
3,5,725,726,129,0,0,1141,65535
3,5,726,722,129,0,0,1142,65535
3,5,725,727,28,0,0,1143,1144
3,5,727,728,28,0,0,1145,1146
3,5,728,729,28,0,0,1147,1148
3,5,730,731,132,0,0,1149,1150
3,5,731,732,132,0,0,1151,1152
3,5,732,726,132,0,0,1153,1154
3,5,728,731,132,0,0,1155,1156
3,5,727,732,132,0,0,1157,1158
3,5,730,729,129,0,0,1159,65535
3,5,729,733,1,0,0,1160,65535
3,5,733,734,129,0,0,1161,65535
3,5,734,735,129,0,0,1162,65535
3,5,733,718,28,0,0,1163,1164
3,5,736,716,129,0,0,1165,65535
3,5,737,736,129,0,0,1166,65535
3,5,735,737,129,0,0,1167,65535
3,5,734,730,129,0,0,1168,65535
3,5,715,734,129,0,0,1169,65535
3,5,735,716,156,0,0,1170,1171
3,5,54,738,17,0,0,1172,65535
3,5,738,739,1,0,0,1173,65535
3,5,739,740,1,0,0,1174,65535
3,5,740,741,1,0,0,1175,65535
3,5,741,742,1,0,0,1176,65535
3,5,742,743,1,0,0,1177,65535
3,5,743,744,1,0,0,1178,65535
3,5,744,745,1,0,0,1179,65535
3,5,745,746,1,0,0,1180,65535
3,5,746,747,1,0,0,1181,65535
3,5,747,748,1,0,0,1182,65535
3,5,748,749,1,0,0,1183,65535
3,5,749,750,1,0,0,1184,65535
3,5,750,751,1,0,0,1185,65535
3,5,751,752,1,0,0,1186,65535
3,5,752,753,1,0,0,1187,65535
3,5,753,754,1,0,0,1188,65535
3,5,754,755,1,0,0,1189,65535
3,5,755,756,1,0,0,1190,65535
3,5,756,55,17,0,0,1191,65535
3,5,756,738,36,0,0,1192,1193
3,5,744,749,20,0,0,1194,1195
3,5,750,743,20,0,0,1196,1197
3,5,740,755,4,0,0,1198,1199
3,5,53,757,129,0,0,1200,65535
3,5,757,758,129,0,0,1201,65535
3,5,758,759,129,0,0,1202,65535
3,5,759,760,129,0,0,1203,65535
3,5,760,761,129,0,0,1204,65535
3,5,761,762,129,0,0,1205,65535
3,5,762,763,129,0,0,1206,65535
3,5,763,54,1,0,0,1207,65535
3,5,55,764,1,0,0,1208,65535
3,5,764,765,129,0,0,1209,65535
3,5,765,766,129,0,0,1210,65535
3,5,766,767,129,0,0,1211,65535
3,5,767,768,129,0,0,1212,65535
3,5,768,769,129,0,0,1213,65535
3,5,769,770,129,0,0,1214,65535
3,5,770,56,129,0,0,1215,65535
3,5,764,771,28,0,0,1216,1217
3,5,771,772,28,0,0,1218,1219
3,5,772,56,28,0,0,1220,1221
3,5,770,773,132,0,0,1222,1223
3,5,773,774,132,0,0,1224,1225
3,5,774,765,132,0,0,1226,1227
3,5,774,771,132,0,0,1228,1229
3,5,773,772,132,0,0,1230,1231
3,5,53,775,28,0,0,1232,1233
3,5,776,757,132,0,0,1234,1235
3,5,775,776,132,0,0,1236,1237
3,5,777,776,132,0,0,1238,1239
3,5,762,777,132,0,0,1240,1241
3,5,778,763,28,0,0,1242,1243
3,5,775,778,28,0,0,1244,1245
3,5,777,778,132,0,0,1246,1247
3,5,450,779,1,0,0,1248,65535
3,5,779,780,1,0,0,1249,65535
3,5,781,782,1,0,0,1250,65535
3,5,782,783,1,0,0,1251,65535
3,5,783,441,1,0,0,1252,65535
3,5,780,784,1,0,0,1253,65535
3,5,784,785,1,0,0,1254,65535
3,5,785,786,1,0,0,1255,65535
3,5,786,787,1,0,0,1256,65535
3,5,787,788,17,0,0,1257,65535
3,5,788,789,1,0,0,1258,65535
3,5,790,791,1,0,0,1259,65535
3,5,791,792,17,0,0,1260,65535
3,5,792,793,1,0,0,1261,65535
3,5,793,781,1,0,0,1262,65535
3,5,787,794,4,0,0,1263,1264
3,5,794,795,4,0,0,1265,1266
3,5,795,796,4,0,0,1267,1268
3,5,796,797,4,0,0,1269,1270
3,5,797,798,4,0,0,1271,1272
3,5,798,799,4,0,0,1273,1274
3,5,799,800,4,0,0,1275,1276
3,5,800,792,4,0,0,1277,1278
3,5,791,801,4,0,0,1279,1280
3,5,801,802,4,0,0,1281,1282
3,5,802,803,4,0,0,1283,1284
3,5,803,804,4,0,0,1285,1286
3,5,804,805,4,0,0,1287,1288
3,5,805,806,4,0,0,1289,1290
3,5,806,807,4,0,0,1291,1292
3,5,807,788,4,0,0,1293,1294
3,5,803,798,4,0,0,1295,1296
3,5,805,796,4,0,0,1297,1298
3,5,806,795,4,0,0,1299,1300
3,5,807,794,4,0,0,1301,1302
3,5,789,808,1,0,0,1303,65535
3,5,808,809,1,0,0,1304,65535
3,5,809,810,1,0,0,1305,65535
3,5,810,451,1,0,0,1306,65535
3,5,811,790,1,0,0,1307,65535
3,5,812,811,1,0,0,1308,65535
3,5,813,812,1,0,0,1309,65535
3,5,814,815,36,1,0,1310,1311
3,5,816,814,1,0,0,1312,65535
3,5,456,817,1,0,0,1313,65535
3,5,817,818,129,0,0,1314,65535
3,5,818,819,129,0,0,1315,65535
3,5,819,820,129,0,0,1316,65535
3,5,820,821,129,0,0,1317,65535
3,5,821,822,129,0,0,1318,65535
3,5,822,823,129,0,0,1319,65535
3,5,823,816,129,0,0,1320,65535
3,5,817,824,28,0,0,1321,1322
3,5,824,825,28,0,0,1323,1324
3,5,825,816,28,0,0,1325,1326
3,5,823,826,132,0,0,1327,1328
3,5,826,827,132,0,0,1329,1330
3,5,827,818,132,0,0,1331,1332
3,5,827,824,132,0,0,1333,1334
3,5,826,825,132,0,0,1335,1336
3,5,828,829,1,0,0,1337,65535
3,5,815,830,1,0,0,1338,65535
3,5,830,831,129,0,0,1339,65535
3,5,831,832,129,0,0,1340,65535
3,5,832,833,129,0,0,1341,65535
3,5,833,834,129,0,0,1342,65535
3,5,834,835,129,0,0,1343,65535
3,5,835,836,129,0,0,1344,65535
3,5,836,828,129,0,0,1345,65535
3,5,830,837,28,0,0,1346,1347
3,5,837,838,28,0,0,1348,1349
3,5,838,828,28,0,0,1350,1351
3,5,836,839,132,0,0,1352,1353
3,5,839,840,132,0,0,1354,1355
3,5,840,831,132,0,0,1356,1357
3,5,840,837,132,0,0,1358,1359
3,5,839,838,132,0,0,1360,1361
3,5,814,841,17,0,0,1362,65535
3,5,842,815,17,0,0,1363,65535
3,5,842,841,36,1,0,1364,1365
3,5,841,843,1,0,0,1366,65535
3,5,843,844,1,0,0,1367,65535
3,5,844,842,1,0,0,1368,65535
3,5,565,845,1,0,0,1369,65535
3,5,845,846,17,40,6,1370,65535
3,5,846,847,1,0,0,1371,65535
3,5,847,848,1,0,0,1372,65535
3,5,848,849,1,0,0,1373,65535
3,5,850,851,1,0,0,1374,65535
3,5,851,852,28,0,0,1375,1376
3,5,852,853,1,0,0,1377,65535
3,5,854,855,1,0,0,1378,65535
3,5,851,813,1,40,6,1379,65535
3,5,829,852,1,40,6,1380,65535
3,5,829,813,28,0,0,1381,1382
3,5,855,856,1,0,0,1383,65535
3,5,856,857,1,0,0,1384,65535
3,5,857,858,1,0,0,1385,65535
3,5,858,859,1,0,0,1386,65535
3,5,859,860,1,0,0,1387,65535
3,5,860,861,17,40,6,1388,65535
3,5,861,862,1,0,0,1389,65535
3,5,862,863,1,0,0,1390,65535
3,5,845,861,36,31,0,1391,1392
3,5,860,846,52,0,0,1393,1394
3,5,864,564,1,0,0,1395,65535
3,5,865,866,1,0,0,1396,65535
3,5,867,868,1,0,0,1397,65535
3,5,869,864,1,0,0,1398,65535
3,5,870,869,1,0,0,1399,65535
3,5,871,870,1,0,0,1400,65535
3,5,872,873,17,102,10,1401,65535
3,5,874,875,1,0,0,1402,65535
3,5,868,876,1,0,0,1403,65535
3,5,877,878,20,97,2,1404,1405
3,5,878,879,17,0,0,1406,65535
3,5,879,880,1,0,0,1407,65535
3,5,880,881,1,0,0,1408,65535
3,5,882,883,1,0,0,1409,65535
3,5,883,884,17,0,0,1410,65535
3,5,884,885,17,102,9,1411,65535
3,5,886,887,1,0,0,1412,65535
3,5,888,874,1,0,0,1413,65535
3,5,873,889,17,0,0,1414,65535
3,5,889,890,1,0,0,1415,65535
3,5,890,891,1,0,0,1416,65535
3,5,892,893,1,0,0,1417,65535
3,5,893,894,17,0,0,1418,65535
3,5,894,895,17,103,20,1419,65535
3,5,896,897,1,0,0,1420,65535
3,5,897,898,1,0,0,1421,65535
3,5,883,899,4,0,0,1422,1423
3,5,899,886,4,0,0,1424,1425
3,5,875,900,4,0,0,1426,1427
3,5,900,889,4,0,0,1428,1429
3,5,893,901,4,0,0,1430,1431
3,5,901,896,4,0,0,1432,1433
3,5,876,902,4,0,0,1434,1435
3,5,902,879,4,0,0,1436,1437
3,5,866,903,17,0,0,1438,65535
3,5,903,867,17,0,0,1439,65535
3,5,898,904,17,0,0,1440,65535
3,5,904,871,17,0,0,1441,65535
3,5,866,905,4,74,18,1442,1443
3,5,906,907,4,74,18,1444,1445
3,5,907,908,4,74,18,1446,1447
3,5,908,871,4,74,18,1448,1449
3,5,904,909,4,0,0,1450,1451
3,5,909,910,4,0,0,1452,1453
3,5,910,911,4,0,0,1454,1455
3,5,911,912,4,0,0,1456,1457
3,5,912,903,4,0,0,1458,1459
3,5,912,905,4,0,0,1460,1461
3,5,911,906,4,0,0,1462,1463
3,5,910,907,4,0,0,1464,1465
3,5,909,908,4,0,0,1466,1467
3,5,802,799,4,0,0,1468,1469
3,5,913,914,1,0,0,1470,65535
3,5,915,916,1,0,0,1471,65535
3,5,916,917,1,0,0,1472,65535
3,5,918,913,1,0,0,1473,65535
3,5,919,920,12,82,8,1474,1475
3,5,920,918,1,0,0,1476,65535
3,5,917,919,12,82,7,1477,1478
3,5,914,920,1,0,0,1479,65535
3,5,921,915,1,0,0,1480,65535
3,5,917,921,1,0,0,1481,65535
3,5,914,921,12,0,0,1482,1483
3,5,853,922,1,0,0,1484,65535
3,5,922,923,1,0,0,1485,65535
3,5,923,854,1,0,0,1486,65535
3,5,849,924,1,0,0,1487,65535
3,5,924,925,1,0,0,1488,65535
3,5,925,850,1,0,0,1489,65535
3,5,850,853,4,0,0,1490,1491
3,5,849,854,20,0,0,1492,1493
3,5,925,922,4,0,0,1494,1495
3,5,924,923,4,0,0,1496,1497
3,5,926,927,4,38,6,1498,1499
3,5,928,926,4,38,6,1500,1501
3,5,929,928,4,38,6,1502,1503
3,5,927,929,4,38,6,1504,1505
3,5,930,931,1,0,0,1506,65535
3,5,931,932,1,0,0,1507,65535
3,5,932,933,1,0,0,1508,65535
3,5,933,930,1,0,0,1509,65535
3,5,934,935,1,0,0,1510,65535
3,5,935,936,1,0,0,1511,65535
3,5,936,937,1,0,0,1512,65535
3,5,937,938,1,0,0,1513,65535
3,5,938,939,1,0,0,1514,65535
3,5,939,940,1,0,0,1515,65535
3,5,940,941,1,0,0,1516,65535
3,5,941,942,1,0,0,1517,65535
3,5,943,934,1,0,0,1518,65535
3,5,944,945,1,0,0,1519,65535
3,5,945,946,1,0,0,1520,65535
3,5,946,947,1,0,0,1521,65535
3,5,947,948,1,0,0,1522,65535
3,5,948,949,1,0,0,1523,65535
3,5,949,944,1,0,0,1524,65535
3,5,950,943,1,0,0,1525,65535
3,5,942,950,1,0,0,1526,65535
3,5,951,882,1,0,0,1527,65535
3,5,952,951,1,0,0,1528,65535
3,5,953,954,1,0,0,1529,65535
3,5,955,953,1,0,0,1530,65535
3,5,956,955,1,0,0,1531,65535
3,5,957,958,1,0,0,1532,65535
3,5,959,957,1,0,0,1533,65535
3,5,960,959,1,0,0,1534,65535
3,5,881,961,1,0,0,1535,65535
3,5,891,962,1,0,0,1536,65535
3,5,963,964,1,0,0,1537,65535
3,5,964,965,1,0,0,1538,65535
3,5,965,966,1,0,0,1539,65535
3,5,966,967,36,0,0,1540,1541
3,5,967,968,1,0,0,1542,65535
3,5,968,969,1,0,0,1543,65535
3,5,969,970,1,0,0,1544,65535
3,5,971,972,1,0,0,1545,65535
3,5,972,892,1,0,0,1546,65535
3,5,973,974,1,0,0,1547,65535
3,5,975,973,1,0,0,1548,65535
3,5,976,975,1,0,0,1549,65535
3,5,887,976,1,0,0,1550,65535
3,5,974,977,1,0,0,1551,65535
3,5,977,978,1,0,0,1552,65535
3,5,978,979,1,0,0,1553,65535
3,5,979,888,1,0,0,1554,65535
3,5,218,980,25,0,0,1555,65535
3,5,980,981,25,0,0,1556,65535
3,5,981,982,25,0,0,1557,65535
3,5,982,983,25,0,0,1558,65535
3,5,983,984,25,0,0,1559,65535
3,5,984,985,25,0,0,1560,65535
3,5,985,219,25,0,0,1561,65535
3,5,271,272,1,0,0,1562,65535
3,5,551,522,12,97,1,1563,1564
3,5,133,134,12,97,1,1565,1566
3,5,158,471,12,97,1,1567,1568
3,5,84,107,12,97,1,1569,1570
3,5,986,987,4,97,12,1571,1572
3,5,988,986,4,97,12,1573,1574
3,5,987,989,4,97,12,1575,1576
3,5,989,988,4,97,12,1577,1578
3,5,804,797,4,0,0,1579,1580
3,5,801,800,4,0,0,1581,1582
3,5,867,898,28,73,18,1583,1584
3,5,885,886,17,0,0,1585,65535
3,5,875,872,17,0,0,1586,65535
3,5,895,896,17,0,0,1587,65535
3,5,876,877,17,0,0,1588,65535
3,5,990,562,1,0,0,1589,65535
3,5,561,991,1,0,0,1590,65535
3,5,991,992,1,0,0,1591,65535
3,5,992,993,17,0,0,1592,65535
3,5,993,994,17,0,0,1593,65535
3,5,994,995,1,0,0,1594,65535
3,5,996,997,1,0,0,1595,65535
3,5,997,998,17,0,0,1596,65535
3,5,998,990,17,0,0,1597,65535
3,5,995,999,1,0,0,1598,65535
3,5,999,1000,1,0,0,1599,65535
3,5,1000,1001,1,0,0,1600,65535
3,5,1001,1002,1,0,0,1601,65535
3,5,1002,1003,17,0,0,1602,65535
3,5,1004,1005,17,0,0,1603,65535
3,5,1005,1006,1,0,0,1604,65535
3,5,1006,1007,1,0,0,1605,65535
3,5,1007,1008,1,0,0,1606,65535
3,5,1008,1009,1,0,0,1607,65535
3,5,1009,1010,1,0,0,1608,65535
3,5,1011,1012,17,0,0,1609,65535
3,5,1012,1013,1,0,0,1610,65535
3,5,1014,1015,1,0,0,1611,65535
3,5,1015,1016,17,0,0,1612,65535
3,5,1017,1018,1,0,0,1613,65535
3,5,1018,1019,1,0,0,1614,65535
3,5,1019,1020,1,0,0,1615,65535
3,5,1020,1021,1,0,0,1616,65535
3,5,1021,1022,1,0,0,1617,65535
3,5,1022,996,1,0,0,1618,65535
3,5,511,1023,17,0,0,1619,65535
3,5,1023,1024,17,0,0,1620,65535
3,5,1025,512,17,0,0,1621,65535
3,5,1025,1024,36,0,0,1622,1623
3,5,1024,1026,1,0,0,1624,65535
3,5,1026,1027,1,0,0,1625,65535
3,5,1027,1028,1,0,0,1626,65535
3,5,1028,1025,1,0,0,1627,65535
3,5,993,998,4,32,0,1628,1629
3,5,997,994,4,32,0,1630,1631
3,5,1011,1016,36,2,16,1632,1633
3,5,1015,1012,36,1,0,1634,1635
3,5,1010,1017,4,90,13,1636,1637
3,5,1029,1004,1,0,0,1638,65535
3,5,1030,1031,1,0,0,1639,65535
3,5,1032,1033,1,0,0,1640,65535
3,5,1003,1032,1,0,0,1641,65535
3,5,1031,1029,1,0,0,1642,65535
3,5,1002,1005,4,1,0,1643,1644
3,5,1004,1003,4,1,0,1645,1646
3,5,1001,1006,12,0,0,1647,1648
3,5,1034,1035,1,0,0,1649,65535
3,5,1013,1036,1,0,0,1650,65535
3,5,1037,1038,1,0,0,1651,65535
3,5,1038,1039,52,0,0,1652,1653
3,5,1035,1014,1,0,0,1654,65535
3,5,1036,1040,1,0,0,1655,65535
3,5,1041,1037,52,0,0,1656,1657
3,5,1040,1041,1,0,0,1658,65535
3,5,1035,1013,4,44,14,1659,1660
3,5,1041,1042,129,0,0,1661,65535
3,5,1043,1037,129,0,0,1662,65535
3,5,1043,1042,164,0,0,1663,1664
3,5,1042,1044,129,0,0,1665,65535
3,5,1045,1043,129,0,0,1666,65535
3,5,1045,1044,132,97,17,1667,1668
3,5,1044,1046,129,23,0,1669,65535
3,5,1047,1045,129,23,0,1670,65535
3,5,1047,1046,132,23,0,1671,1672
3,5,1048,1049,129,0,0,1673,65535
3,5,1049,1050,129,0,0,1674,65535
3,5,1050,1051,129,0,0,1675,65535
3,5,1038,1052,129,0,0,1676,65535
3,5,1052,1053,129,0,0,1677,65535
3,5,1053,1054,129,23,0,1678,65535
3,5,1055,1056,129,0,0,1679,65535
3,5,1056,1057,129,0,0,1680,65535
3,5,1057,1058,129,0,0,1681,65535
3,5,1058,1059,129,23,0,1682,65535
3,5,1059,1060,129,0,0,1683,65535
3,5,1060,1039,129,0,0,1684,65535
3,5,1060,1052,164,0,0,1685,1686
3,5,1058,1054,132,23,0,1687,1688
3,5,1059,1053,132,97,17,1689,1690
3,5,1051,1047,129,0,0,1691,65535
3,5,1046,1048,129,0,0,1692,65535
3,5,1054,1055,129,0,0,1693,65535
3,5,976,974,4,0,0,1694,1695
3,5,977,888,4,0,0,1696,1697
3,5,1033,1061,1,0,0,1698,65535
3,5,1061,1030,1,0,0,1699,65535
3,5,1062,1030,4,52,0,1700,1701
3,5,1063,1062,4,52,0,1702,1703
3,5,1061,1063,4,52,0,1704,1705
3,5,1039,1064,1,0,0,1706,65535
3,5,1065,1066,4,0,0,1707,1708
3,5,1067,1065,4,0,0,1709,1710
3,5,1066,1068,4,0,0,1711,1712
3,5,1068,1067,4,0,0,1713,1714
3,5,1064,1069,1,0,0,1715,65535
3,5,1069,1070,1,0,0,1716,65535
3,5,1070,1071,17,0,0,1717,65535
3,5,1071,1072,17,103,14,1718,65535
3,5,1072,1073,1,0,0,1719,65535
3,5,1073,1074,1,0,0,1720,65535
3,5,1074,1075,1,0,0,1721,65535
3,5,1075,1076,1,0,0,1722,65535
3,5,1076,1077,1,0,0,1723,65535
3,5,1077,1078,1,0,0,1724,65535
3,5,1078,1079,17,0,0,1725,65535
3,5,1079,1080,1,0,0,1726,65535
3,5,1080,1034,1,0,0,1727,65535
3,5,1070,1079,36,31,0,1728,1729
3,5,1078,1071,36,0,0,1730,1731
3,5,1081,454,132,2,4,1732,1733
3,5,1082,1081,132,2,4,1734,1735
3,5,453,1082,132,2,4,1736,1737
3,5,1083,1084,1,0,0,1738,65535
3,5,1084,454,1,0,0,1739,65535
3,5,453,1083,1,0,0,1740,65535
3,5,1083,1085,4,97,1,1741,1742
3,5,1085,1086,4,97,1,1743,1744
3,5,1086,1084,4,97,1,1745,1746
3,5,517,1087,1,0,0,1747,65535
3,5,1087,1088,156,0,0,1748,1749
3,5,1088,518,1,0,0,1750,65535
3,5,1087,1089,1,0,0,1751,65535
3,5,1089,1090,1,0,0,1752,65535
3,5,1090,1088,1,0,0,1753,65535
3,5,463,1091,1,0,0,1754,65535
3,5,1091,1092,156,0,0,1755,1756
3,5,1092,464,1,0,0,1757,65535
3,5,1091,1093,1,0,0,1758,65535
3,5,1093,1094,1,0,0,1759,65535
3,5,1094,1092,1,0,0,1760,65535
3,5,1095,878,17,0,0,1761,65535
3,5,1096,1095,17,0,0,1762,65535
3,5,877,1096,17,0,0,1763,65535
3,5,966,1097,1,0,0,1764,65535
3,5,1097,1098,1,0,0,1765,65535
3,5,1098,1099,1,0,0,1766,65535
3,5,1099,1100,1,0,0,1767,65535
3,5,1100,967,1,0,0,1768,65535
3,5,1100,1097,36,0,0,1769,1770
3,5,970,971,36,0,0,1771,1772
3,5,970,1101,1,0,0,1773,65535
3,5,1101,1102,1,0,0,1774,65535
3,5,1102,1103,1,0,0,1775,65535
3,5,1103,1104,1,0,0,1776,65535
3,5,1104,971,1,0,0,1777,65535
3,5,1104,1101,36,0,0,1778,1779
3,5,962,963,36,0,0,1780,1781
3,5,962,1105,1,0,0,1782,65535
3,5,1105,1106,1,0,0,1783,65535
3,5,1106,1107,1,0,0,1784,65535
3,5,1107,1108,1,0,0,1785,65535
3,5,1108,963,1,0,0,1786,65535
3,5,1108,1105,36,0,0,1787,1788
3,5,961,960,36,0,0,1789,1790
3,5,961,1109,1,0,0,1791,65535
3,5,1109,1110,1,0,0,1792,65535
3,5,1110,1111,1,0,0,1793,65535
3,5,1111,1112,1,0,0,1794,65535
3,5,1112,960,1,0,0,1795,65535
3,5,1112,1109,36,0,0,1796,1797
3,5,958,956,36,0,0,1798,1799
3,5,958,1113,1,0,0,1800,65535
3,5,1113,1114,1,0,0,1801,65535
3,5,1114,1115,1,0,0,1802,65535
3,5,1115,1116,1,0,0,1803,65535
3,5,1116,956,1,0,0,1804,65535
3,5,1116,1113,36,0,0,1805,1806
3,5,954,952,36,0,0,1807,1808
3,5,954,1117,1,0,0,1809,65535
3,5,1117,1118,1,0,0,1810,65535
3,5,1118,1119,1,0,0,1811,65535
3,5,1119,1120,1,0,0,1812,65535
3,5,1120,952,1,0,0,1813,65535
3,5,1120,1117,36,0,0,1814,1815
3,5,905,906,4,74,18,1816,1817
3,5,1000,1007,12,0,0,1818,1819
3,5,1121,1122,4,0,0,1820,1821
3,5,1122,1123,4,0,0,1822,1823
3,5,1123,1124,4,0,0,1824,1825
3,5,1124,1121,4,0,0,1826,1827
3,5,1010,1125,17,0,0,1828,65535
3,5,1126,1017,17,0,0,1829,65535
3,5,1125,1011,1,0,0,1830,65535
3,5,1016,1126,1,0,0,1831,65535
3,5,1126,1125,4,0,0,1832,1833
3,5,876,896,132,2,21,1834,1835
3,5,863,865,36,0,0,1836,1837
3,5,863,1127,17,0,0,1838,65535
3,5,1128,865,17,0,0,1839,65535
3,5,1127,1129,1,0,0,1840,65535
3,5,1129,1130,1,0,0,1841,65535
3,5,1130,1131,1,0,0,1842,65535
3,5,1131,1128,1,0,0,1843,65535
3,5,1128,1127,36,0,0,1844,1845
