episode,mission,x_position,y_position,direction,type,flags
1,4,2032,1120,180,1,7
1,4,2032,1184,180,2,7
1,4,2080,1184,180,3,7
1,4,2080,1120,180,4,7
1,4,32,768,90,3001,7
1,4,32,608,0,3001,7
1,4,112,624,0,2014,7
1,4,-16,560,0,2014,7
1,4,48,720,0,2014,7
1,4,-32,800,0,2014,7
1,4,-80,688,0,2014,7
1,4,96,560,0,2002,7
1,4,-608,-384,180,9,6
1,4,-528,-48,135,9,7
1,4,-240,-304,180,9,6
1,4,-1056,-288,0,2008,7
1,4,-1120,-128,0,2008,0
1,4,-1136,224,90,2007,7
1,4,-1120,736,90,2007,7
1,4,-992,736,0,2008,7
1,4,-992,928,90,2007,7
1,4,-1264,928,90,2007,7
1,4,-672,-240,0,2048,1
1,4,-432,-16,0,2011,7
1,4,-288,1760,0,2046,7
1,4,-848,-576,0,2014,7
1,4,-1200,-48,0,2014,7
1,4,-1392,272,0,2014,7
1,4,-1408,480,0,2014,7
1,4,-1456,736,0,2014,7
1,4,-848,640,0,2014,7
1,4,-912,528,0,2014,7
1,4,-880,480,0,2014,7
1,4,-800,928,0,2014,7
1,4,-848,960,0,2014,7
1,4,-1280,1344,0,2014,7
1,4,-1360,1328,0,2014,7
1,4,-1392,1216,0,2014,7
1,4,-1360,1168,0,2014,7
1,4,-1328,1136,0,2018,7
1,4,-1296,1200,0,2012,7
1,4,1248,1024,180,3004,7
1,4,848,1312,180,3004,6
1,4,592,1248,180,3004,7
1,4,912,272,180,3004,6
1,4,1248,560,225,3004,7
1,4,1360,608,0,2048,7
1,4,544,1168,0,2007,7
1,4,768,1920,0,2008,0
1,4,1104,1936,90,2007,7
1,4,896,1952,315,9,7
1,4,1312,1904,0,3004,6
1,4,1696,1952,0,3004,7
1,4,864,1728,315,3004,6
1,4,64,1536,45,3004,15
1,4,864,656,45,3004,7
1,4,1952,992,0,2049,7
1,4,1936,928,0,2012,7
1,4,32,512,0,3001,7
1,4,176,688,0,3001,6
1,4,-48,656,0,3001,4
1,4,-1248,1280,0,6,7
1,4,160,800,0,5,7
1,4,1536,288,0,2013,7
1,4,1552,48,0,2003,7
1,4,1712,80,90,2007,7
1,4,1712,16,0,2010,7
1,4,128,176,0,2025,3
1,4,1520,-32,0,2015,7
1,4,1584,-80,0,2015,7
1,4,1584,-16,0,2015,7
1,4,1664,-48,0,2015,7
1,4,1680,-112,0,2015,7
1,4,1744,-48,0,2015,7
1,4,1600,32,0,2015,7
1,4,1680,144,0,2012,7
1,4,1616,144,0,2011,7
1,4,1552,144,0,2011,7
1,4,1488,96,0,2008,7
1,4,1200,1744,270,3004,7
1,4,-1376,-160,0,3001,7
1,4,-1360,768,270,3002,6
1,4,-1376,864,0,3002,6
1,4,-928,432,270,3002,4
1,4,-512,1824,270,3001,7
1,4,-992,1504,315,3001,7
1,4,880,96,315,3004,15
1,4,816,-256,90,3001,7
1,4,1104,-176,45,3001,6
1,4,-64,176,0,2025,1
1,4,-1360,400,0,3001,6
1,4,-1248,752,45,3001,7
1,4,-848,528,0,2011,7
1,4,-1360,1936,0,2012,7
1,4,-1360,1888,0,2014,7
1,4,-1360,1840,0,2048,7
1,4,-944,496,0,2048,7
1,4,-1232,-256,90,2007,7
1,4,1504,144,0,2008,7
1,4,1472,48,0,2008,1
1,4,1024,1920,0,2019,7
1,4,-1440,272,270,3001,6
1,4,-112,624,0,3001,4
1,4,960,480,0,2011,7
1,4,528,240,0,2011,7
1,4,544,1456,0,2011,7
1,4,-240,1264,0,2011,7
1,4,1904,992,0,8,7
1,4,880,16,0,3001,4
1,4,-1440,-48,0,3002,4
1,4,-896,640,135,3001,14
1,4,-848,-496,180,3001,6
1,4,-1424,1136,315,3001,4
1,4,-1296,1264,315,3001,4
1,4,-1072,944,315,3001,6
1,4,1472,496,90,3004,6
1,4,1536,448,90,3004,6
1,4,1600,416,90,3004,6
1,4,1616,-144,225,9,12
1,4,320,64,225,3004,12
1,4,976,1776,315,9,6
1,4,1520,1776,225,3004,6
1,4,1552,1520,180,3004,6
1,4,-528,1968,315,3002,4
1,4,-640,2016,270,9,12
1,4,-640,1696,90,9,12
1,4,-1392,1888,0,2014,7
1,4,-1392,1936,0,2014,7
1,4,-1392,1840,0,2014,7
1,4,1312,800,0,2001,1
1,4,1200,-528,90,3001,7
1,4,976,-528,90,3001,4
1,4,784,-528,90,3001,4
1,4,1104,-528,90,3001,4
1,4,1344,992,0,2007,7
1,4,832,928,0,2011,7
1,4,1760,1248,0,2028,7
1,4,1440,1248,0,2028,7
1,4,1440,352,0,2028,7
1,4,1760,352,0,2028,7
1,4,1760,416,90,3001,4
1,4,1648,368,90,3001,4
1,4,752,1744,315,3002,4
1,4,1376,1808,270,3002,4
1,4,768,384,45,3001,4
1,4,-864,432,270,3002,4
1,4,-912,352,270,3002,7
1,4,-640,-192,0,2007,2
1,4,-384,0,0,2007,2
1,4,-624,-112,90,9,4
1,4,-704,-384,135,9,2
1,4,-256,-64,135,9,4
1,4,-1120,608,270,3001,4
1,4,-1088,512,270,3001,4
1,4,-1120,416,270,3001,4
1,4,-1088,256,270,3001,4
1,4,-1088,768,270,3001,4
1,4,-1344,-448,0,3001,14
1,4,-1408,1024,315,3002,12
1,4,-688,2064,270,9,12
1,4,-688,1648,90,9,12
1,4,-224,1888,90,3001,14
1,4,-224,1696,0,3001,14
1,4,1632,1600,90,9,3
1,4,1728,1600,90,3004,2
1,4,1760,1568,90,3004,6
1,4,1792,1728,135,3004,6
1,4,1792,1664,135,9,6
1,4,1696,1600,135,3002,4
1,4,1824,1584,135,3001,6
1,4,1840,1776,180,2014,7
1,4,1840,1744,180,2014,7
1,4,1648,1552,180,2015,7
1,4,1680,1552,180,2015,7
1,4,1712,1552,180,2015,7
1,4,1744,1552,180,2015,7
1,4,1776,1552,180,2015,7
1,4,1808,1552,180,2015,7
1,4,1840,1552,180,2015,7
1,4,1840,1712,180,2014,7
1,4,1840,1680,180,2014,7
1,4,1840,1648,180,2014,7
1,4,1840,1616,180,2014,7
1,4,1840,1584,180,2014,7
1,4,-1376,1376,0,11,7
1,4,736,1824,0,11,7
1,4,1440,0,0,11,7
1,4,-128,768,0,11,7
1,4,-416,-352,90,11,7
1,4,-1408,160,90,11,7
1,4,-912,288,90,11,7
1,4,-704,1280,180,11,7
1,4,-1248,1856,0,11,7
1,4,-160,1824,270,2046,7
1,4,-352,1824,270,3004,6
1,4,-224,1568,270,3004,6
1,4,-160,1632,90,9,6
1,4,-416,1696,180,9,4
1,4,-160,1760,270,9,4
1,4,-288,1632,270,2012,7
1,4,-592,-80,270,2001,23
1,4,-144,1568,270,2035,7
1,4,-1120,1424,270,2035,7
1,4,-1184,1232,270,2035,7
1,4,-1392,560,270,2035,7
1,4,-1232,432,270,2035,7
1,4,-944,656,270,2035,7
1,4,-1168,16,270,2035,7
1,4,-976,-496,270,2035,7
1,4,-928,-240,270,2035,7
1,4,-672,-160,270,2035,7
1,4,-448,-464,270,2035,7
1,4,-1456,-336,270,2035,7
1,4,64,640,270,2035,7
1,4,896,-560,270,2035,7
1,4,960,0,270,2035,7
1,4,960,-64,270,2035,7
1,4,992,-128,270,2035,7
1,4,1056,-192,270,2035,7
1,4,1120,-224,270,2035,7
1,4,1184,-256,270,2035,7
1,4,1248,-256,270,2035,7
1,4,944,208,270,2035,7
1,4,1376,560,270,2035,7
1,4,1376,960,270,2035,7
1,4,1136,1824,270,2035,7
1,4,1408,1952,270,2035,7
1,4,1776,1616,270,2035,7
1,4,448,1712,315,2035,7
1,4,64,1728,315,2035,7
1,4,128,1264,315,2035,7
1,4,-960,1776,315,2035,7
1,4,-800,2000,315,2035,7
1,4,1728,1088,270,15,7
1,4,1600,768,270,24,7
1,4,928,608,270,24,7
1,4,1728,-160,270,12,7
1,4,1248,-496,270,24,7
1,4,832,-128,270,10,7
1,4,432,96,270,15,7
1,4,-320,-384,270,24,7
1,4,-608,528,270,12,7
1,4,-512,1088,270,24,7
1,4,-736,1472,270,10,7
1,4,-1440,896,270,15,7
1,4,-1392,1504,270,10,7
1,4,-1152,1664,270,24,7
1,4,-704,2112,270,10,7
1,4,1152,1504,270,24,7
1,4,1408,1728,270,10,7
1,4,704,1664,270,12,7
1,4,1216,1920,270,12,7
1,4,1152,1152,270,12,7
1,4,1152,448,270,15,7
