episode,mission,number,x_position,y_position
1,6,0,-320,-448
1,6,1,-448,-320
1,6,2,-128,-448
1,6,3,192,-448
1,6,4,0,-448
1,6,5,0,-496
1,6,6,-128,-496
1,6,7,-576,-512
1,6,8,-160,-512
1,6,9,-160,-704
1,6,10,32,-704
1,6,11,32,-512
1,6,12,384,-512
1,6,13,-128,-704
1,6,14,-160,-864
1,6,15,32,-864
1,6,16,0,-864
1,6,17,0,-1120
1,6,18,-128,-1120
1,6,19,-128,-864
1,6,20,32,-1120
1,6,21,-160,-1120
1,6,22,416,-1120
1,6,23,320,-1120
1,6,24,128,-1120
1,6,25,-256,-1120
1,6,26,-448,-1120
1,6,27,-544,-1120
1,6,28,-640,-1024
1,6,29,-832,-832
1,6,30,-928,-736
1,6,31,-928,-800
1,6,32,-864,-864
1,6,33,-576,-1152
1,6,34,-448,-1152
1,6,35,-256,-1152
1,6,36,-160,-1152
1,6,37,32,-1152
1,6,38,128,-1152
1,6,39,320,-1152
1,6,40,-416,-1408
1,6,41,-576,-1408
1,6,42,288,-1408
1,6,43,-32,-1408
1,6,44,-128,-288
1,6,45,0,-288
1,6,46,-128,-256
1,6,47,0,-256
1,6,48,-128,-224
1,6,49,0,-224
1,6,50,-128,-192
1,6,51,0,-192
1,6,52,0,32
1,6,53,-128,32
1,6,54,0,0
1,6,55,-128,0
1,6,56,0,-32
1,6,57,-128,-32
1,6,58,0,-64
1,6,59,-128,-64
1,6,60,128,-64
1,6,61,128,-192
1,6,62,0,-320
1,6,63,64,-320
1,6,64,192,-192
1,6,65,0,64
1,6,66,192,-64
1,6,67,64,64
1,6,68,-256,-64
1,6,69,-128,64
1,6,70,-192,64
1,6,71,-320,-64
1,6,72,-320,-192
1,6,73,-256,-192
1,6,74,-192,-320
1,6,75,-128,-320
1,6,76,0,-512
1,6,77,-128,-512
1,6,78,-32,-1440
1,6,79,-96,-1440
1,6,80,-96,-1408
1,6,81,-1024,-1024
1,6,82,-1024,-896
1,6,83,-960,-1216
1,6,84,-1024,-1152
1,6,85,-832,-1600
1,6,86,-960,-1728
1,6,87,-1536,-1152
1,6,88,-1408,-1024
1,6,89,-1280,-1152
1,6,90,-1312,-1184
1,6,91,-992,-1504
1,6,92,-960,-1472
1,6,93,-1152,-1536
1,6,94,-1344,-1344
1,6,95,-1536,-1536
1,6,96,-1344,-1728
1,6,97,-1664,-1152
1,6,98,-1472,-1344
1,6,99,-1152,-1664
1,6,100,-960,-1856
1,6,101,-1024,-1920
1,6,102,-1408,-2304
1,6,103,-1568,-1440
1,6,104,-1664,-1408
1,6,105,-1216,-1856
1,6,106,-1472,-2304
1,6,107,-1664,-2112
1,6,108,-2112,-1664
1,6,109,-2112,-1600
1,6,110,-1472,-1728
1,6,111,-1536,-1664
1,6,112,-1600,-1728
1,6,113,-1536,-1792
1,6,114,-1248,-1760
1,6,115,-1152,-1792
1,6,116,-896,-1920
1,6,117,-896,-2048
1,6,118,-864,-1920
1,6,119,-864,-1664
1,6,120,-736,-2048
1,6,121,-384,-1424
1,6,122,-320,-1424
1,6,123,-1760,-2016
1,6,124,-1184,-1824
1,6,125,-1632,-1376
1,6,126,-1808,-1568
1,6,127,-1824,-1584
1,6,128,-1824,-1616
1,6,129,-1808,-1632
1,6,130,-1776,-1632
1,6,131,-1760,-1616
1,6,132,-1760,-1584
1,6,133,-1776,-1568
1,6,134,-1424,-1952
1,6,135,-1440,-1968
1,6,136,-1440,-2000
1,6,137,-1424,-2016
1,6,138,-1392,-2016
1,6,139,-1376,-2000
1,6,140,-1376,-1968
1,6,141,-1392,-1952
1,6,142,-1680,-2128
1,6,143,-1888,-2336
1,6,144,-1776,-2032
1,6,145,-736,-1792
1,6,146,-1888,-2400
1,6,147,-2048,-2400
1,6,148,-2048,-2304
1,6,149,-2112,-2400
1,6,150,-2112,-2336
1,6,151,-1184,-1312
1,6,152,-1120,-1376
1,6,153,-1168,-1296
1,6,154,-1168,-1216
1,6,155,-1104,-1360
1,6,156,-1024,-1360
1,6,157,-1024,-1216
1,6,158,-320,-1408
1,6,159,-384,-1408
1,6,160,224,-864
1,6,161,320,-704
1,6,162,0,-704
1,6,163,704,-832
1,6,164,-704,-704
1,6,165,-480,-864
1,6,166,-672,-416
1,6,167,-640,-448
1,6,168,-680,-488
1,6,169,-712,-456
1,6,170,624,-944
1,6,171,832,-1152
1,6,172,-672,-1056
1,6,173,-608,-1120
1,6,174,784,-1200
1,6,175,792,-1216
1,6,176,600,-1408
1,6,177,576,-1408
1,6,178,768,-1600
1,6,179,768,-1408
1,6,180,960,-1216
1,6,181,960,-1024
1,6,182,1152,-1024
1,6,183,1280,-1024
1,6,184,1728,-1024
1,6,185,1728,-1088
1,6,186,1600,-1728
1,6,187,1232,-1728
1,6,188,1600,-1408
1,6,189,1024,-1280
1,6,190,1024,-1088
1,6,191,1664,-1088
1,6,192,1664,-1280
1,6,193,1728,-1408
1,6,194,768,-1728
1,6,195,1408,-1856
1,6,196,960,-1856
1,6,197,1536,-1856
1,6,198,1728,-1664
1,6,199,832,-1728
1,6,200,832,-1408
1,6,201,1408,-1088
1,6,202,320,-1408
1,6,203,576,-1312
1,6,204,576,-960
1,6,205,448,-1088
1,6,206,592,-976
1,6,207,416,-1152
1,6,208,464,-1104
1,6,209,-808,-552
1,6,210,-936,-424
1,6,211,-704,-192
1,6,212,-640,-1664
1,6,213,-640,-1792
1,6,214,-608,-1664
1,6,215,-608,-1792
1,6,216,-576,-1664
1,6,217,-576,-1792
1,6,218,-544,-1664
1,6,219,-512,-1664
1,6,220,-480,-1664
1,6,221,-448,-1664
1,6,222,-416,-1664
1,6,223,-384,-1664
1,6,224,-352,-1664
1,6,225,-320,-1664
1,6,226,-288,-1664
1,6,227,-544,-1792
1,6,228,-512,-1792
1,6,229,-480,-1792
1,6,230,-448,-1792
1,6,231,-416,-1792
1,6,232,-384,-1792
1,6,233,-352,-1792
1,6,234,-320,-1792
1,6,235,-160,-1792
1,6,236,-160,-1552
1,6,237,-288,-1632
1,6,238,-704,-1216
1,6,239,-832,-1216
1,6,240,-288,-1424
1,6,241,-416,-1504
1,6,242,-416,-1424
1,6,243,-576,-320
1,6,244,1728,-96
1,6,245,1728,32
1,6,246,2176,32
1,6,247,2176,-160
1,6,248,2176,-224
1,6,249,2176,-416
1,6,250,1984,-416
1,6,251,1920,-416
1,6,252,1728,-416
1,6,253,1728,-288
1,6,254,1792,-160
1,6,255,1904,-144
1,6,256,1792,-224
1,6,257,1904,-240
1,6,258,2000,-240
1,6,259,2000,-144
1,6,260,1920,-736
1,6,261,2112,-736
1,6,262,2176,-736
1,6,263,2368,-736
1,6,264,2368,-928
1,6,265,2368,-992
1,6,266,2368,-1184
1,6,267,2176,-1184
1,6,268,2112,-1184
1,6,269,1920,-1184
1,6,270,2096,-912
1,6,271,1920,-928
1,6,272,1920,-992
1,6,273,2096,-1008
1,6,274,2192,-1008
1,6,275,2192,-912
1,6,276,2112,-704
1,6,277,1920,-608
1,6,278,1984,-480
1,6,279,2176,-576
1,6,280,1472,-992
1,6,281,1312,-832
1,6,282,1152,-832
1,6,283,1136,-816
1,6,284,1088,-480
1,6,285,1248,-480
1,6,286,1344,-704
1,6,287,1424,-704
1,6,288,1312,-672
1,6,289,1296,-656
1,6,290,1120,-800
1,6,291,1280,-640
1,6,292,1104,-784
1,6,293,1264,-624
1,6,294,1088,-768
1,6,295,1248,-608
1,6,296,2560,-928
1,6,297,2432,-992
1,6,298,2176,-1440
1,6,299,2112,-1312
1,6,300,2368,-160
1,6,301,2240,-224
1,6,302,2624,-1120
1,6,303,2624,-928
1,6,304,2816,-928
1,6,305,2880,-928
1,6,306,3072,-928
1,6,307,3072,-1120
1,6,308,3072,-1184
1,6,309,3072,-1376
1,6,310,2880,-1376
1,6,311,2816,-1376
1,6,312,2624,-1376
1,6,313,2624,-1184
1,6,314,2800,-1104
1,6,315,2800,-1200
1,6,316,2896,-1200
1,6,317,2896,-1104
1,6,318,2176,-1760
1,6,319,2176,-1568
1,6,320,2368,-1568
1,6,321,2432,-1568
1,6,322,2624,-1568
1,6,323,2624,-1760
1,6,324,2624,-1824
1,6,325,2624,-2016
1,6,326,2432,-2016
1,6,327,2368,-2016
1,6,328,2176,-2016
1,6,329,2176,-1824
1,6,330,2352,-1744
1,6,331,2352,-1840
1,6,332,2448,-1840
1,6,333,2448,-1744
1,6,334,1920,-1632
1,6,335,1920,-1888
1,6,336,1984,-1888
1,6,337,1984,-1760
1,6,338,2112,-1824
1,6,339,2112,-2016
1,6,340,1792,-2016
1,6,341,1792,-1568
1,6,342,2560,-1120
1,6,343,2560,-1184
1,6,344,2560,-1312
1,6,345,2432,-1504
1,6,346,2368,-1376
1,6,347,2432,-1248
1,6,348,2880,-1504
1,6,349,2816,-1504
1,6,350,2816,-1888
1,6,351,2688,-1440
1,6,352,2752,-1440
1,6,353,2688,-1760
1,6,354,2432,-2080
1,6,355,2560,-2144
1,6,356,2752,-2144
1,6,357,2752,-2080
1,6,358,2688,-1952
1,6,359,2688,-1888
1,6,360,2880,-2016
1,6,361,2880,-2208
1,6,362,2816,-2272
1,6,363,2432,-2272
1,6,364,2304,-2144
1,6,365,2304,-2080
1,6,366,2880,-1888
1,6,367,3072,-1632
1,6,368,3136,-1632
1,6,369,3264,-1504
1,6,370,3264,-1312
1,6,371,3136,-1184
1,6,372,3264,-1120
1,6,373,3392,-1312
1,6,374,3392,-1568
1,6,375,3200,-1760
1,6,376,3136,-1760
1,6,377,2944,-2016
1,6,378,2368,-480
1,6,379,2560,-480
1,6,380,2560,-672
1,6,381,2880,-672
1,6,382,2752,-864
1,6,383,2752,-800
1,6,384,2432,-800
1,6,385,2432,-608
1,6,386,2240,-608
1,6,387,960,-768
1,6,388,960,-608
1,6,389,2720,-2272
1,6,390,2528,-2272
1,6,391,2656,-2296
1,6,392,2592,-2296
1,6,393,1904,-928
1,6,394,1880,-928
1,6,395,1904,-992
1,6,396,2592,-2144
1,6,397,2656,-2144
1,6,398,2528,-2296
1,6,399,2720,-2296
1,6,400,1072,-464
1,6,401,944,-592
1,6,402,1216,-192
1,6,403,512,-64
1,6,404,512,-192
1,6,405,1216,-320
1,6,406,512,-384
1,6,407,1240,-320
1,6,408,1240,-192
1,6,409,-704,1136
1,6,410,-752,1088
1,6,411,-704,1424
1,6,412,-704,1344
1,6,413,-752,1472
1,6,414,-992,1472
1,6,415,-992,1088
1,6,416,-992,1312
1,6,417,-992,1344
1,6,418,-1024,1344
1,6,419,-1056,1344
1,6,420,-1056,1312
1,6,421,-1024,1312
1,6,422,-1024,1248
1,6,423,-1056,1248
1,6,424,-1056,1216
1,6,425,-1024,1216
1,6,426,-992,1216
1,6,427,-992,1248
1,6,428,-1024,1088
1,6,429,-1056,1088
1,6,430,-1088,1088
1,6,431,-1120,1088
1,6,432,-1120,1216
1,6,433,-1088,1216
1,6,434,-1088,1248
1,6,435,-1120,1248
1,6,436,-1120,1312
1,6,437,-1088,1312
1,6,438,-1088,1344
1,6,439,-1120,1344
1,6,440,-1024,1472
1,6,441,-1120,1472
1,6,442,-1088,1472
1,6,443,-1056,1472
1,6,444,-1152,1184
1,6,445,-1184,1152
1,6,446,-1216,1152
1,6,447,-1248,1152
1,6,448,-1152,1056
1,6,449,-1184,1024
1,6,450,-1216,1024
1,6,451,-1248,1024
1,6,452,-1152,1376
1,6,453,-1184,1408
1,6,454,-1184,1536
1,6,455,-1152,1504
1,6,456,-1216,1408
1,6,457,-1216,1536
1,6,458,-1152,1312
1,6,459,-1184,1344
1,6,460,-1152,1248
1,6,461,-1184,1216
1,6,462,-1216,1216
1,6,463,-1248,1216
1,6,464,-1248,1344
1,6,465,-1216,1344
1,6,466,-1312,1216
1,6,467,-1320,1344
1,6,468,-1248,1536
1,6,469,-1248,1408
1,6,470,-1296,1000
1,6,471,-1360,936
1,6,472,-1464,888
1,6,473,-1672,888
1,6,474,-1728,936
1,6,475,-1728,1072
1,6,476,-1632,1072
1,6,477,-1624,1008
1,6,478,-1536,1008
1,6,479,-1440,1032
1,6,480,-1352,1096
1,6,481,-1304,1144
1,6,482,-1568,1568
1,6,483,-1344,1568
1,6,484,-1616,1536
1,6,485,-1440,1472
1,6,486,-1616,1472
1,6,487,-1632,1472
1,6,488,-1632,1536
1,6,489,-1632,1088
1,6,490,-1728,1088
1,6,491,-1632,1416
1,6,492,-1504,1416
1,6,493,-1504,1216
1,6,494,-1504,1088
1,6,495,-1824,1600
1,6,496,-1632,1600
1,6,497,-1952,1600
1,6,498,-1760,1024
1,6,499,-1920,1024
1,6,500,-2080,1024
1,6,501,-2080,1184
1,6,502,-2080,1456
1,6,503,-2080,1600
1,6,504,-1504,1344
1,6,505,-1600,1344
1,6,506,-1600,1216
1,6,507,-1440,1232
1,6,508,-1584,1232
1,6,509,-1584,1328
1,6,510,-1440,1328
1,6,511,-1440,1344
1,6,512,-1440,1216
1,6,513,-1696,1216
1,6,514,-1696,1408
1,6,515,-1760,1408
1,6,516,-1760,1472
1,6,517,-1888,1472
1,6,518,-1888,1408
1,6,519,-1952,1408
1,6,520,-1952,1216
1,6,521,-1888,1216
1,6,522,-1888,1152
1,6,523,-1760,1152
1,6,524,-1760,1216
1,6,525,-1464,1416
1,6,526,-1464,1352
1,6,527,-1504,1352
1,6,528,-1952,1664
1,6,529,-2080,1664
1,6,530,-1760,1088
1,6,531,-2112,1856
1,6,532,-2048,1856
1,6,533,-1984,1856
1,6,534,-1920,1856
1,6,535,-2048,1880
1,6,536,-1984,1880
1,6,537,-1984,1896
1,6,538,-2048,1896
1,6,539,-2048,1920
1,6,540,-1984,1920
1,6,541,-2144,1952
1,6,542,-2144,2080
1,6,543,-2048,2112
1,6,544,-1976,2112
1,6,545,-1888,2080
1,6,546,-1888,1952
1,6,547,-1888,1984
1,6,548,-1888,2048
1,6,549,64,832
1,6,550,448,832
1,6,551,-576,832
1,6,552,-192,832
1,6,553,-576,864
1,6,554,-128,832
1,6,555,-192,1152
1,6,556,-192,864
1,6,557,0,832
1,6,558,64,864
1,6,559,64,1152
1,6,560,0,1120
1,6,561,0,1088
1,6,562,0,1056
1,6,563,0,1024
1,6,564,0,992
1,6,565,0,960
1,6,566,0,928
1,6,567,0,896
1,6,568,0,864
1,6,569,-128,1088
1,6,570,-128,1120
1,6,571,-128,1056
1,6,572,-128,1024
1,6,573,-128,992
1,6,574,-128,960
1,6,575,-128,928
1,6,576,-128,896
1,6,577,-128,864
1,6,578,-640,768
1,6,579,-640,512
1,6,580,-640,704
1,6,581,128,512
1,6,582,96,704
1,6,583,-224,704
1,6,584,-256,512
1,6,585,-512,512
1,6,586,512,768
1,6,587,448,864
1,6,588,448,1536
1,6,589,0,1152
1,6,590,-128,1152
1,6,591,192,1216
1,6,592,192,1600
1,6,593,-320,1216
1,6,594,-320,1600
1,6,595,64,1600
1,6,596,64,1344
1,6,597,0,1312
1,6,598,-128,1312
1,6,599,-192,1344
1,6,600,-192,1600
1,6,601,384,1600
1,6,602,-512,1600
1,6,603,-576,1536
1,6,604,-80,1504
1,6,605,-96,1472
1,6,606,-96,1440
1,6,607,-80,1408
1,6,608,-48,1408
1,6,609,-32,1440
1,6,610,-32,1472
1,6,611,-48,1504
1,6,612,-472,1472
1,6,613,-488,1440
1,6,614,-488,1408
1,6,615,-472,1376
1,6,616,-440,1376
1,6,617,-424,1408
1,6,618,-424,1440
1,6,619,-440,1472
1,6,620,-416,1104
1,6,621,-432,1072
1,6,622,-432,1040
1,6,623,-416,1008
1,6,624,-384,1008
1,6,625,-368,1040
1,6,626,-368,1072
1,6,627,-384,1104
1,6,628,312,1472
1,6,629,296,1440
1,6,630,296,1408
1,6,631,312,1376
1,6,632,344,1376
1,6,633,360,1408
1,6,634,360,1440
1,6,635,344,1472
1,6,636,256,1104
1,6,637,240,1072
1,6,638,240,1040
1,6,639,256,1008
1,6,640,288,1008
1,6,641,304,1040
1,6,642,304,1072
1,6,643,288,1104
1,6,644,-160,1824
1,6,645,-128,1824
1,6,646,64,1824
1,6,647,192,1824
1,6,648,64,1664
1,6,649,32,1696
1,6,650,-160,1696
1,6,651,-192,1664
1,6,652,-128,1856
1,6,653,0,1856
1,6,654,-128,1888
1,6,655,0,1888
1,6,656,-128,1920
1,6,657,0,1920
1,6,658,-128,1952
1,6,659,0,1952
1,6,660,-128,1984
1,6,661,0,1984
1,6,662,-128,2016
1,6,663,0,2016
1,6,664,-128,2048
1,6,665,0,2048
1,6,666,-128,2080
1,6,667,0,2080
1,6,668,-128,2112
1,6,669,0,2112
1,6,670,-128,2144
1,6,671,0,2144
1,6,672,0,1824
1,6,673,-256,2368
1,6,674,-128,2368
1,6,675,512,704
1,6,676,512,512
1,6,677,-640,480
1,6,678,-512,480
1,6,679,-640,448
1,6,680,-512,448
1,6,681,-640,416
1,6,682,-512,416
1,6,683,-640,384
1,6,684,-512,384
1,6,685,-640,352
1,6,686,-512,352
1,6,687,-640,320
1,6,688,-512,320
1,6,689,-640,288
1,6,690,-512,288
1,6,691,-640,256
1,6,692,-512,256
1,6,693,-640,224
1,6,694,-512,224
1,6,695,-640,192
1,6,696,-512,192
1,6,697,-480,640
1,6,698,-384,640
1,6,699,-352,656
1,6,700,-352,688
1,6,701,-384,704
1,6,702,-480,704
1,6,703,-512,688
1,6,704,-512,656
1,6,705,256,640
1,6,706,352,640
1,6,707,384,656
1,6,708,384,688
1,6,709,352,704
1,6,710,256,704
1,6,711,224,688
1,6,712,224,656
1,6,713,0,2368
1,6,714,384,512
1,6,715,384,480
1,6,716,512,480
1,6,717,384,448
1,6,718,512,448
1,6,719,384,416
1,6,720,512,416
1,6,721,384,384
1,6,722,512,384
1,6,723,384,352
1,6,724,512,352
1,6,725,384,320
1,6,726,512,320
1,6,727,384,288
1,6,728,512,288
1,6,729,384,256
1,6,730,512,256
1,6,731,384,224
1,6,732,512,224
1,6,733,384,192
1,6,734,512,192
1,6,735,-448,64
1,6,736,-320,192
1,6,737,-576,1216
1,6,738,-576,1344
1,6,739,-704,1216
1,6,740,-656,1344
1,6,741,-640,1344
1,6,742,-640,1216
1,6,743,-656,1216
1,6,744,320,64
1,6,745,320,-64
1,6,746,192,192
1,6,747,320,-320
1,6,748,320,-192
1,6,749,-464,64
1,6,750,-480,64
1,6,751,-640,64
1,6,752,-480,192
1,6,753,-464,192
1,6,754,-448,192
1,6,755,512,64
1,6,756,352,64
1,6,757,336,64
1,6,758,320,192
1,6,759,336,192
1,6,760,352,192
1,6,761,584,64
1,6,762,704,-640
1,6,763,-400,-1424
1,6,764,-304,-1424
1,6,765,-656,-1664
1,6,766,-656,-1792
1,6,767,-2048,-2336
1,6,768,384,-64
1,6,769,384,-192
1,6,770,-1424,1328
1,6,771,-1424,1232
1,6,772,-1008,1248
1,6,773,-1008,1312
1,6,774,-1264,1152
1,6,775,-1264,1024
1,6,776,-1264,1408
1,6,777,-1312,1408
1,6,778,-1264,1536
1,6,779,496,-64
1,6,780,496,-192
1,6,781,0,-528
1,6,782,-128,-528
1,6,783,-640,168
1,6,784,512,168
1,6,785,-656,-400
1,6,786,-728,-472
1,6,787,-832,-1232
1,6,788,-832,-1248
1,6,789,-960,-1248
1,6,790,-960,-1232
1,6,791,-1056,-1024
1,6,792,-1040,-1024
1,6,793,-1040,-1152
1,6,794,-1056,-1152
1,6,795,-192,1624
1,6,796,-320,1624
1,6,797,-352,1656
1,6,798,64,1624
1,6,799,192,1624
1,6,800,-1920,1664
1,6,801,-2112,1664
1,6,802,1704,-256
1,6,803,1688,-256
1,6,804,1688,-272
1,6,805,1688,-112
1,6,806,1688,-128
1,6,807,1704,-128
1,6,808,-128,2304
1,6,809,0,2304
1,6,810,32,1824
1,6,811,224,1824
1,6,812,224,1656
1,6,813,32,2160
1,6,814,240,1824
1,6,815,224,1800
1,6,816,64,2160
1,6,817,64,2176
1,6,818,192,2176
1,6,819,224,2176
1,6,820,400,1616
1,6,821,240,1616
1,6,822,224,2304
1,6,823,512,2304
1,6,824,576,2176
1,6,825,592,1472
1,6,826,464,1472
1,6,827,464,1552
1,6,828,512,2240
1,6,829,512,1536
1,6,830,0,2176
1,6,831,192,2304
1,6,832,192,2200
1,6,833,0,2160
1,6,834,-128,2160
1,6,835,-128,2176
1,6,836,-320,1824
1,6,837,-192,1824
1,6,838,-352,1824
1,6,839,-352,1800
1,6,840,-368,1824
1,6,841,-368,1616
1,6,842,-528,1616
1,6,843,-592,1552
1,6,844,-592,1472
1,6,845,-704,1472
1,6,846,-704,2184
1,6,847,-640,2304
1,6,848,-352,2304
1,6,849,-352,2176
1,6,850,-320,2176
1,6,851,-320,2200
1,6,852,-192,2176
1,6,853,-320,2304
1,6,854,128,2368
1,6,855,-192,2160
1,6,856,-160,2160
1,6,857,-640,2240
1,6,858,-640,1536
1,6,859,128,2176
1,6,860,-256,2176
1,6,861,1600,-112
1,6,862,1608,-272
1,6,863,1704,-96
1,6,864,1704,-288
1,6,865,1704,-272
1,6,866,1704,-112
1,6,867,1328,-672
1,6,868,1168,-832
1,6,869,-848,-848
1,6,870,-656,-1040
1,6,871,896,-640
1,6,872,864,-576
1,6,873,736,-576
1,6,874,-128,192
1,6,875,0,192
1,6,876,-128,352
1,6,877,0,352
1,6,878,0,448
1,6,879,-128,448
1,6,880,-128,256
1,6,881,-192,256
1,6,882,-224,288
1,6,883,-224,544
1,6,884,-192,576
1,6,885,64,576
1,6,886,96,544
1,6,887,96,288
1,6,888,64,256
1,6,889,0,256
1,6,890,-128,576
1,6,891,0,576
1,6,892,-128,640
1,6,893,0,640
1,6,894,16,704
1,6,895,0,704
1,6,896,-128,704
1,6,897,-144,704
1,6,898,-128,688
1,6,899,0,688
1,6,900,-128,672
1,6,901,0,672
1,6,902,-224,520
1,6,903,96,520
1,6,904,-320,-1120
1,6,905,-384,-1120
1,6,906,256,-1120
1,6,907,192,-1120
1,6,908,928,-608
1,6,909,1088,-448
1,6,910,880,-640
1,6,911,720,-640
1,6,912,880,-848
1,6,913,720,-848
1,6,914,1024,-768
1,6,915,880,-864
1,6,916,1056,-992
1,6,917,720,-992
1,6,918,720,-864
1,6,919,960,-784
1,6,920,1024,-784
1,6,921,928,-864
1,6,922,928,-848
1,6,923,928,-832
1,6,924,928,-816
1,6,925,928,-800
1,6,926,1056,-800
1,6,927,1056,-816
1,6,928,1056,-832
1,6,929,1056,-848
1,6,930,1056,-864
1,6,931,1056,-784
1,6,932,928,-784
1,6,933,1728,-1688
1,6,934,1760,-1688
1,6,935,1760,-1920
1,6,936,1560,-1920
1,6,937,1560,-1856
1,6,938,1408,-1984
1,6,939,960,-1984
1,6,940,960,-1888
1,6,941,1408,-1888
1,6,942,736,-1600
1,6,943,736,-1728
1,6,944,624,-1728
1,6,945,624,-1600
1,6,946,1744,-1088
1,6,947,1744,-1408
1,6,948,1824,-1088
1,6,949,1824,-1408
1,6,950,1152,-992
1,6,951,1152,-848
1,6,952,1280,-848
1,6,953,1280,-992
1,6,954,1920,-904
1,6,955,1920,-1016
1,6,956,3392,-1504
1,6,957,3408,-1504
1,6,958,3408,-1568
1,6,959,3408,-1472
1,6,960,3488,-1472
1,6,961,3488,-1600
1,6,962,3408,-1600
1,6,963,1200,-1408
1,6,964,1232,-1408
1,6,965,1200,-1728
1,6,966,1408,-1280
1,6,967,1376,-1280
1,6,968,1376,-1088
1,6,969,1096,56
1,6,970,1176,112
1,6,971,1080,64
1,6,972,1160,120
1,6,973,1088,216
1,6,974,1232,216
1,6,975,1328,144
1,6,976,1280,128
1,6,977,1352,176
1,6,978,1264,232
1,6,979,1272,256
1,6,980,1376,384
1,6,981,1392,256
1,6,982,1248,384
1,6,983,1088,640
1,6,984,1200,640
1,6,985,1088,672
1,6,986,1056,704
1,6,987,992,736
1,6,988,1152,768
1,6,989,1184,704
1,6,990,1024,832
1,6,991,640,736
1,6,992,752,832
1,6,993,592,768
1,6,994,576,832
1,6,995,576,1216
1,6,996,704,864
1,6,997,720,840
1,6,998,704,1216
1,6,999,592,1456
1,6,1000,768,1456
1,6,1001,768,1280
1,6,1002,464,1312
1,6,1003,464,1456
1,6,1004,240,1696
1,6,1005,240,1760
1,6,1006,224,1760
1,6,1007,224,1696
1,6,1008,304,1696
1,6,1009,304,1760
1,6,1010,400,1728
1,6,1011,336,1824
1,6,1012,1368,176
1,6,1013,1272,272
1,6,1014,464,1336
1,6,1015,768,1304
1,6,1016,1248,96
1,6,1017,1248,-16
1,6,1018,1192,-64
1,6,1019,1048,-64
1,6,1020,1016,-48
1,6,1021,992,-64
1,6,1022,1016,-88
1,6,1023,1072,-96
1,6,1024,1136,-80
1,6,1025,1192,-80
1,6,1026,1216,-112
1,6,1027,1200,-152
1,6,1028,-1088,-1056
1,6,1029,-1088,-1120
1,6,1030,-1376,-1056
1,6,1031,-1312,-1120
1,6,1032,-1360,-1168
1,6,1033,-1488,-1168
1,6,1034,-976,-1552
1,6,1035,-960,-1696
1,6,1036,-928,-1504
1,6,1037,-928,-1280
1,6,1038,-864,-1280
1,6,1039,-864,-1600
1,6,1040,920,112
1,6,1041,1112,24
1,6,1042,1128,24
1,6,1043,1136,32
1,6,1044,1128,40
1,6,1045,1000,128
1,6,1046,1000,192
1,6,1047,1160,128
1,6,1048,-704,-1152
1,6,1049,-960,-1152
1,6,1050,-960,-896
1,6,1051,-896,-896
1,6,1052,-704,-1088
1,6,1053,768,-1856
1,6,1054,-2032,2072
1,6,1055,-2000,2072
1,6,1056,-2000,2080
1,6,1057,-2032,2080
1,6,1058,-128,1136
1,6,1059,0,1136
1,6,1060,1704,-1320
1,6,1061,1656,-1320
1,6,1062,1656,-1368
1,6,1063,1704,-1368
1,6,1064,1824,-848
1,6,1065,-1920,1008
1,6,1066,-1760,1008
1,6,1067,-1920,800
1,6,1068,-1760,800
1,6,1069,-2112,1456
1,6,1070,-2112,1184
1,6,1071,-2288,1184
1,6,1072,-2288,1456
1,6,1073,1568,-848
1,6,1074,1592,-848
1,6,1075,1592,-576
1,6,1076,1824,-576
1,6,1077,1824,-832
1,6,1078,1592,-832
1,6,1079,-128,216
1,6,1080,0,216
1,6,1081,-1248,1328
1,6,1082,-1248,1232
1,6,1083,-1440,1568
1,6,1084,-1600,1232
1,6,1085,-1600,1328
1,6,1086,-2080,1216
1,6,1087,-2112,1216
1,6,1088,-2288,1216
1,6,1089,-2144,2072
1,6,1090,-320,1344
1,6,1091,-352,1600
1,6,1092,-640,1824
1,6,1093,-640,1616
1,6,1094,-576,1472
1,6,1095,-640,1472
1,6,1096,-192,2368
1,6,1097,-160,2112
1,6,1098,-160,1952
1,6,1099,-192,1408
1,6,1100,-32,1600
1,6,1101,0,1600
1,6,1102,0,1696
1,6,1103,224,1600
1,6,1104,512,1616
1,6,1105,400,1696
1,6,1106,304,1824
1,6,1107,448,1472
1,6,1108,512,1472
1,6,1109,448,1216
1,6,1110,800,832
1,6,1111,136,864
1,6,1112,448,1008
1,6,1113,1336,192
1,6,1114,1372,192
1,6,1115,-1560,888
1,6,1116,-1609,888
1,6,1117,-1888,1024
1,6,1118,-368,864
1,6,1119,-896,-704
1,6,1120,-800,-864
1,6,1121,-336,-1328
1,6,1122,0,-1408
1,6,1123,-256,-1408
1,6,1124,-512,-1152
1,6,1125,-704,-512
1,6,1126,-832,-320
1,6,1127,1248,24
1,6,1128,1074,41
1,6,1129,1373,-162
1,6,1130,1214,-116
1,6,1131,560,-448
1,6,1132,576,-704
1,6,1133,880,-656
1,6,1134,720,-704
1,6,1135,720,-816
1,6,1136,480,-864
1,6,1137,208,-1328
1,6,1138,128,-1408
1,6,1139,320,-1216
1,6,1140,-160,-1696
1,6,1141,-256,-1792
1,6,1142,-960,-1536
1,6,1143,-864,-1440
1,6,1144,-928,-1248
1,6,1145,-864,-1248
1,6,1146,-832,-1568
1,6,1147,-864,-1792
1,6,1148,-960,-1984
1,6,1149,-768,-2048
1,6,1150,-960,-832
1,6,1151,-1520,-1136
1,6,1152,-1424,-1104
1,6,1153,-1344,-1024
1,6,1154,-1088,-1024
1,6,1155,-1056,-1120
1,6,1156,-1344,-1152
1,6,1157,-960,-1024
1,6,1158,-2008,-1768
1,6,1159,-1920,-1408
1,6,1160,-1216,-1472
1,6,1161,-1760,-1248
1,6,1162,-1272,-2168
1,6,1163,-1088,-1984
1,6,1164,-1216,-1728
1,6,1165,888,-1408
1,6,1166,896,-1216
1,6,1167,1088,-1408
1,6,1168,576,-992
1,6,1169,960,-1088
1,6,1170,1376,-1024
1,6,1171,1728,-1280
1,6,1172,1328,-848
1,6,1173,1728,-992
1,6,1174,1728,-848
1,6,1175,1200,-1856
1,6,1176,1664,-1728
1,6,1177,1728,-1920
1,6,1178,1120,-480
1,6,1179,960,-640
1,6,1180,880,-800
1,6,1181,1728,-576
1,6,1182,1728,-832
1,6,1183,2368,-2208
1,6,1184,2688,-1504
1,6,1185,2432,-1137
1,6,1186,2432,-928
1,6,1187,2816,-672
1,6,1188,2432,-672
1,6,1189,2432,-480
1,6,1190,2368,-608
1,6,1191,3072,-1845
1,6,1192,3392,-1376
1,6,1193,2176,-1260
1,6,1194,1792,-1728
1,6,1195,1984,-1824
1,6,1196,1984,-2016
1,6,1197,1920,-2016
1,6,1198,2176,-105
1,6,1199,1728,-169
1,6,1200,1866,-149
1,6,1201,1895,-145
1,6,1202,2008,-144
1,6,1203,2240,-160
1,6,1204,2368,-416
1,6,1205,2240,-416
1,6,1206,1984,-640
