episode,mission,vertex_1,vertex_2,angle,line,side,offset
1,2,272,273,0,272,0,0
1,2,273,276,-16384,274,0,0
1,2,279,272,16384,277,0,0
1,2,276,279,-32768,278,1,0
1,2,284,285,0,282,0,0
1,2,285,812,-16384,283,0,0
1,2,813,284,16384,287,0,96
1,2,814,442,-32768,489,0,16
1,2,442,443,16384,490,0,0
1,2,443,815,-827,506,0,0
1,2,329,816,-434,331,0,0
1,2,443,329,5826,491,0,0
1,2,815,443,31940,506,1,963
1,2,817,325,16384,326,0,32
1,2,777,782,-16384,975,0,0
1,2,782,785,-32768,980,0,0
1,2,325,786,3355,982,0,0
1,2,786,777,0,983,0,0
1,2,324,817,16384,326,0,0
1,2,785,324,-29412,981,0,0
1,2,777,776,4836,965,0,0
1,2,781,782,-27931,970,0,0
1,2,776,781,-16384,974,0,0
1,2,782,777,16384,975,1,0
1,2,776,775,4836,964,0,0
1,2,780,781,-27931,969,0,0
1,2,775,780,-16384,973,0,0
1,2,781,776,16384,974,1,0
1,2,775,774,4836,963,0,0
1,2,779,780,-27931,968,0,0
1,2,774,779,-16384,972,0,0
1,2,780,775,16384,973,1,0
1,2,774,773,4836,962,0,0
1,2,778,779,-27931,967,0,0
1,2,773,778,-16384,971,0,0
1,2,779,774,16384,972,1,0
1,2,769,770,-16384,956,0,0
1,2,773,769,4836,961,0,0
1,2,770,778,-27931,966,0,0
1,2,778,773,16384,971,1,0
1,2,439,271,-16384,496,0,0
1,2,770,769,16384,956,1,0
1,2,771,770,-32768,957,0,0
1,2,271,771,-32768,958,0,0
1,2,769,772,0,959,0,0
1,2,772,439,0,960,0,0
1,2,258,259,-16384,255,0,0
1,2,270,271,18939,264,0,0
1,2,259,270,-32768,270,0,0
1,2,271,258,0,271,1,0
1,2,259,260,-16384,256,0,0
1,2,269,270,18939,263,0,0
1,2,260,269,-32768,269,0,0
1,2,270,259,0,270,1,0
1,2,260,261,-16384,257,0,0
1,2,268,269,18939,262,0,0
1,2,261,268,-32768,268,0,0
1,2,269,260,0,269,1,0
1,2,267,268,18939,261,0,0
1,2,262,267,-32768,267,0,0
1,2,268,261,0,268,1,0
1,2,788,262,-16384,986,0,0
1,2,261,788,-16384,987,0,0
1,2,262,263,-16384,258,0,0
1,2,263,266,-32768,266,0,0
1,2,267,262,0,267,1,0
1,2,266,722,21220,879,0,0
1,2,722,267,16384,880,0,0
1,2,263,264,-16384,259,0,0
1,2,265,266,16384,260,0,0
1,2,264,265,-32768,265,0,0
1,2,266,263,0,266,1,0
1,2,449,450,-32768,504,0,0
1,2,815,818,-827,506,0,449
1,2,816,819,-434,331,0,320
1,2,818,815,31940,506,1,738
1,2,450,447,-16384,503,0,0
1,2,449,448,-16384,502,1,0
1,2,447,450,16384,503,1,0
1,2,450,449,0,504,1,0
1,2,448,447,-32768,505,0,0
1,2,437,438,-32768,484,0,0
1,2,438,814,-32768,489,0,0
1,2,445,437,-32768,494,0,0
1,2,447,445,-16384,500,0,0
1,2,446,445,-32768,497,0,0
1,2,445,447,16384,500,1,0
1,2,448,446,-16384,501,1,0
1,2,447,448,0,505,1,0
1,2,258,271,-32768,271,0,0
1,2,434,435,-16384,480,0,0
1,2,435,258,-16384,481,0,0
1,2,439,440,0,485,0,0
1,2,440,441,0,487,0,0
1,2,444,434,0,492,0,0
1,2,441,444,0,495,0,0
1,2,271,439,16384,496,1,0
1,2,438,437,0,484,1,0
1,2,440,438,16384,486,0,0
1,2,441,440,-32768,487,1,0
1,2,437,441,-16384,488,0,0
1,2,434,444,-32768,492,1,0
1,2,444,445,16384,493,0,0
1,2,445,446,0,497,1,0
1,2,446,434,-16384,499,0,0
1,2,425,426,-32768,460,0,0
1,2,429,425,-32768,472,0,0
1,2,820,451,-829,506,0,737
1,2,451,452,-11547,507,0,0
1,2,452,821,-16384,508,0,0
1,2,417,416,-32768,453,1,0
1,2,426,425,0,460,1,0
1,2,416,426,16384,461,0,0
1,2,425,417,-16384,466,0,0
1,2,822,429,16384,471,0,32
1,2,821,823,-16384,508,0,768
1,2,452,451,21220,507,1,0
1,2,824,825,-16384,332,0,148
1,2,823,452,16384,508,1,704
1,2,426,427,-32768,468,0,0
1,2,427,432,16384,477,0,0
1,2,432,433,16384,479,0,0
1,2,259,258,16384,255,1,0
1,2,260,259,16384,256,1,0
1,2,261,260,16384,257,1,0
1,2,432,261,-32768,478,0,0
1,2,433,432,-16384,479,1,0
1,2,258,435,16384,481,1,0
1,2,435,433,0,482,0,0
1,2,436,446,-32768,498,0,0
1,2,446,448,16384,501,0,0
1,2,448,449,16384,502,0,0
1,2,818,820,-813,506,0,673
1,2,433,436,16384,483,0,0
1,2,819,330,-434,331,0,544
1,2,330,824,-16384,332,0,0
1,2,451,818,31940,506,1,0
1,2,13,3,-16384,341,0,0
1,2,385,386,-32768,415,0,0
1,2,326,826,-16384,329,0,0
1,2,3,13,16384,341,1,0
1,2,338,3,-28971,346,0,0
1,2,13,339,3796,347,0,0
1,2,339,326,0,348,0,0
1,2,826,327,-16384,329,0,118
1,2,327,338,-32768,349,0,0
1,2,325,324,-16384,326,1,0
1,2,326,325,0,327,0,0
1,2,324,327,-32768,328,0,0
1,2,327,326,16384,329,1,0
1,2,152,164,0,134,0,0
1,2,12,11,-32768,140,1,0
1,2,379,152,12746,407,0,0
1,2,164,380,-12746,408,0,0
1,2,380,12,-16384,409,0,0
1,2,11,379,16384,410,0,0
1,2,827,474,0,531,0,110
1,2,474,475,-16384,532,0,0
1,2,475,163,-32768,535,0,0
1,2,163,164,-16384,133,0,0
1,2,164,152,-32768,134,1,0
1,2,12,13,-1136,7,0,0
1,2,169,828,-32768,138,0,0
1,2,167,171,-32768,139,0,0
1,2,11,12,0,140,0,0
1,2,171,169,-32768,142,0,0
1,2,829,11,1154,6,0,506
1,2,166,167,24576,136,0,0
1,2,387,388,-16384,417,0,0
1,2,363,364,16384,383,0,0
1,2,364,365,0,384,0,0
1,2,365,366,-8192,385,0,0
1,2,368,378,-32768,403,0,0
1,2,378,363,-32768,404,0,0
1,2,3,830,-16384,2,0,0
1,2,382,383,8192,412,0,0
1,2,381,382,0,411,0,0
1,2,383,384,16384,413,0,0
1,2,384,385,24576,414,0,0
1,2,386,387,-24576,416,0,0
1,2,388,381,-8192,418,0,0
1,2,169,171,0,142,1,0
1,2,172,173,-32768,143,0,0
1,2,173,169,24576,146,0,0
1,2,171,172,-24576,147,0,0
1,2,173,172,0,143,1,0
1,2,174,175,-32768,144,0,0
1,2,175,173,24576,145,0,0
1,2,172,174,-24576,148,0,0
1,2,175,174,0,144,1,0
1,2,176,177,-32768,151,0,0
1,2,177,175,16384,152,0,0
1,2,174,176,-16384,153,0,0
1,2,177,176,0,151,1,0
1,2,176,831,-16384,160,0,0
1,2,181,341,16384,351,0,0
1,2,341,177,16384,352,0,0
1,2,289,832,-32768,288,1,0
1,2,833,349,0,361,0,40
1,2,349,350,-16384,362,0,0
1,2,350,289,-32768,363,0,0
1,2,834,829,1135,6,0,343
1,2,828,170,-32768,138,0,107
1,2,170,165,-16384,357,0,0
1,2,390,391,8192,420,0,0
1,2,832,288,-32768,288,1,122
1,2,348,833,0,361,0,0
1,2,288,348,16384,372,0,0
1,2,10,835,1135,6,0,0
1,2,18,10,13665,10,0,0
1,2,836,18,16384,149,0,144
1,2,394,395,-24576,424,0,0
1,2,835,834,1135,6,0,235
1,2,391,392,16384,421,0,0
1,2,389,390,0,419,0,0
1,2,392,393,24576,422,0,0
1,2,393,394,-32768,423,0,0
1,2,395,396,-16384,425,0,0
1,2,396,389,-8192,426,0,0
1,2,837,155,-16384,124,0,163
1,2,155,160,-32768,131,0,0
1,2,156,157,-16384,126,0,0
1,2,159,156,0,132,0,0
1,2,155,156,-16384,125,0,0
1,2,159,160,16384,128,0,0
1,2,160,155,0,131,1,0
1,2,156,159,-32768,132,1,0
1,2,157,161,-4836,129,0,0
1,2,161,468,0,521,0,0
1,2,468,469,-16384,536,0,0
1,2,18,836,-16384,149,1,0
1,2,470,749,16384,922,0,0
1,2,749,18,0,923,0,0
1,2,473,827,0,531,0,0
1,2,476,473,16384,533,0,0
1,2,153,476,-32768,534,0,0
1,2,152,153,16384,123,0,0
1,2,553,554,16384,650,0,0
1,2,554,555,8192,651,0,0
1,2,555,838,0,652,0,0
1,2,839,560,-32768,656,0,264
1,2,560,561,24576,657,0,0
1,2,561,553,24576,658,0,0
1,2,564,565,-16384,661,0,0
1,2,838,556,0,652,0,200
1,2,556,557,-8192,653,0,0
1,2,557,840,-16384,654,0,0
1,2,563,564,-32768,660,0,0
1,2,840,558,-16384,654,0,72
1,2,558,559,-24576,655,0,0
1,2,559,841,-32768,656,0,0
1,2,562,563,16384,659,0,0
1,2,841,839,-32768,656,0,72
1,2,565,562,0,662,0,0
1,2,842,562,-16384,659,1,128
1,2,562,843,-32768,662,1,0
1,2,567,570,0,667,0,0
1,2,563,842,-16384,659,1,0
1,2,844,563,0,660,1,128
1,2,570,571,16384,668,0,0
1,2,845,844,0,660,1,112
1,2,571,568,-32768,669,0,0
1,2,567,568,16384,664,0,0
1,2,570,567,-32768,667,1,0
1,2,571,570,-16384,668,1,0
1,2,568,571,0,669,1,0
1,2,565,846,16384,661,1,0
1,2,843,565,-32768,662,1,80
1,2,566,567,0,663,0,0
1,2,564,845,0,660,1,0
1,2,847,564,16384,661,1,128
1,2,568,569,-32768,665,0,0
1,2,846,847,16384,661,1,64
1,2,569,566,-16384,666,0,0
1,2,154,837,-16384,124,0,0
1,2,160,162,16384,130,0,0
1,2,162,573,10472,672,0,0
1,2,573,553,8192,673,0,0
1,2,553,561,-8192,658,1,0
1,2,572,154,-28544,670,0,0
1,2,561,572,-24576,671,0,0
1,2,690,681,8192,828,0,0
1,2,713,848,-30535,867,0,0
1,2,849,713,-16384,868,0,320
1,2,671,672,-24576,801,0,0
1,2,717,850,0,870,1,0
1,2,720,671,-6711,875,0,0
1,2,850,716,0,870,1,58
1,2,716,720,-8192,876,0,0
1,2,672,671,8192,801,1,0
1,2,671,681,-8192,810,0,0
1,2,690,672,24576,827,0,0
1,2,681,690,-24576,828,1,0
1,2,681,851,16384,829,0,0
1,2,679,680,0,821,0,0
1,2,678,679,0,822,0,0
1,2,680,690,0,826,0,0
1,2,700,852,16384,841,0,0
1,2,848,700,-30535,867,0,121
1,2,675,676,24576,805,0,0
1,2,677,678,-8192,823,0,0
1,2,676,675,-8192,805,1,0
1,2,677,676,8192,806,0,0
1,2,675,678,-24576,807,0,0
1,2,678,677,24576,823,1,0
1,2,672,673,-32768,802,0,0
1,2,673,674,-32768,803,0,0
1,2,674,675,-32768,804,0,0
1,2,674,673,0,803,1,0
1,2,679,674,16384,808,0,0
1,2,673,680,-16384,809,0,0
1,2,680,679,-32768,821,1,0
1,2,853,700,-32333,840,0,32
1,2,700,713,2232,867,1,0
1,2,854,698,-16384,838,0,192
1,2,698,699,-22517,839,0,0
1,2,699,853,-32333,840,0,0
1,2,713,849,16384,868,1,0
1,2,851,682,16384,829,0,72
1,2,855,712,-1763,866,0,638
1,2,712,849,-16384,868,0,0
1,2,856,857,-3355,836,0,113
1,2,712,855,31004,866,1,0
1,2,857,696,-3356,836,0,167
1,2,696,697,-10250,837,0,0
1,2,697,854,-16384,838,0,0
1,2,849,712,16384,868,1,192
1,2,715,718,0,872,0,0
1,2,718,719,-16384,873,0,0
1,2,719,716,-32768,874,0,0
1,2,716,715,16384,939,0,0
1,2,714,715,0,869,0,0
1,2,716,717,-32768,870,0,0
1,2,717,714,16384,871,0,0
1,2,715,716,-16384,939,1,0
1,2,669,670,-8192,800,0,0
1,2,858,714,-32768,869,1,5
1,2,670,721,-26056,877,0,0
1,2,715,858,-32768,869,1,0
1,2,721,715,-24576,878,0,0
1,2,682,683,24576,830,0,0
1,2,670,669,24576,800,1,0
1,2,682,670,-24576,811,0,0
1,2,669,683,8192,812,0,0
1,2,683,682,-8192,830,1,0
1,2,668,669,0,799,0,0
1,2,683,859,-32768,820,0,0
1,2,714,717,-16384,871,1,0
1,2,757,758,16384,937,0,0
1,2,755,756,-16384,935,0,0
1,2,756,757,0,936,0,0
1,2,758,755,-32768,938,0,0
1,2,756,755,16384,935,1,0
1,2,757,756,-32768,936,1,0
1,2,758,757,-16384,937,1,0
1,2,755,758,0,938,1,0
1,2,676,701,16384,842,0,0
1,2,701,664,16384,852,0,0
1,2,702,703,-23095,843,0,0
1,2,662,663,16384,851,0,0
1,2,704,705,0,853,0,0
1,2,705,702,-16384,854,0,0
1,2,703,706,-27931,855,0,0
1,2,706,662,-27931,856,0,0
1,2,663,707,4836,857,0,0
1,2,707,704,4836,858,0,0
1,2,662,660,-27931,793,0,0
1,2,659,663,1297,794,0,0
1,2,660,659,16384,850,0,0
1,2,663,662,-16384,851,1,0
1,2,664,701,-16384,852,1,0
1,2,701,710,-32768,862,0,0
1,2,711,664,0,864,0,0
1,2,710,711,16384,865,0,0
1,2,702,705,16384,854,1,0
1,2,710,702,-32768,861,0,0
1,2,705,711,0,863,0,0
1,2,711,710,-16384,865,1,0
1,2,688,677,0,824,0,0
1,2,689,688,4836,825,0,0
1,2,852,689,16384,841,0,80
1,2,658,659,3742,790,0,0
1,2,660,661,-22517,791,0,0
1,2,661,658,16384,849,0,0
1,2,659,660,-16384,850,1,0
1,2,687,691,-16384,831,0,0
1,2,691,692,-32768,832,0,0
1,2,692,693,24912,833,0,0
1,2,693,694,16384,834,0,0
1,2,694,860,-1757,866,0,0
1,2,664,665,16384,795,0,0
1,2,665,666,8192,796,0,0
1,2,686,687,-24576,818,0,0
1,2,666,665,-24576,796,1,0
1,2,686,666,-8192,815,0,0
1,2,665,687,24576,816,0,0
1,2,687,686,8192,818,1,0
1,2,685,686,-32768,817,0,0
1,2,684,685,-32768,819,0,0
1,2,859,684,-32768,820,0,64
1,2,860,855,-1757,866,0,39
1,2,666,667,0,797,0,0
1,2,667,668,0,798,0,0
1,2,668,667,-32768,798,1,0
1,2,684,668,-16384,813,0,0
1,2,667,685,16384,814,0,0
1,2,685,684,0,819,1,0
1,2,694,695,0,835,0,0
1,2,695,856,-3355,836,0,0
1,2,855,694,31010,866,1,124
1,2,657,658,5826,789,0,0
1,2,661,656,-27931,792,0,0
1,2,656,657,16384,848,0,0
1,2,658,661,-16384,849,1,0
1,2,656,653,-32768,787,0,0
1,2,650,657,0,788,0,0
1,2,653,650,16384,847,0,0
1,2,657,656,-16384,848,1,0
1,2,649,650,-3742,783,0,0
1,2,653,654,27931,785,0,0
1,2,654,649,16384,846,0,0
1,2,650,653,-16384,847,1,0
1,2,279,276,0,278,0,0
1,2,277,278,-32768,279,0,0
1,2,430,279,16384,474,0,0
1,2,278,431,16384,475,0,0
1,2,274,275,-32768,273,0,0
1,2,277,274,-16384,275,0,0
1,2,275,278,16384,276,0,0
1,2,278,277,0,279,1,0
1,2,280,281,16384,280,0,0
1,2,281,430,0,473,0,0
1,2,431,280,-32768,476,0,0
1,2,281,280,-16384,280,1,0
1,2,282,283,16384,281,0,0
1,2,812,281,-16384,283,0,64
1,2,280,286,-16384,284,0,0
1,2,286,282,-32768,285,0,0
1,2,283,813,16384,287,0,0
1,2,861,336,-3796,342,0,68
1,2,254,255,13828,246,0,0
1,2,247,254,-32768,251,1,0
1,2,255,249,0,252,0,0
1,2,249,787,-16384,984,0,0
1,2,787,247,-16384,985,0,0
1,2,248,249,-16384,241,0,0
1,2,249,255,-32768,252,1,0
1,2,256,248,0,253,0,0
1,2,255,723,16384,881,0,0
1,2,723,256,11547,882,0,0
1,2,250,248,-16384,242,0,0
1,2,256,257,16384,247,0,0
1,2,248,256,-32768,253,1,0
1,2,257,250,0,254,0,0
1,2,250,257,-32768,254,1,0
1,2,265,264,0,265,1,0
1,2,257,412,-32768,446,0,0
1,2,412,277,-32768,447,0,0
1,2,276,413,0,448,0,0
1,2,413,265,0,449,0,0
1,2,264,328,0,330,0,0
1,2,414,250,-32768,450,0,0
1,2,415,414,-32768,451,0,0
1,2,328,416,0,452,0,0
1,2,416,417,0,453,0,0
1,2,420,415,-32768,457,0,0
1,2,403,404,16384,433,0,0
1,2,421,422,0,458,0,0
1,2,404,421,0,467,0,0
1,2,415,420,0,457,1,0
1,2,422,421,-32768,458,1,0
1,2,421,415,16384,462,0,0
1,2,420,422,-16384,463,0,0
1,2,423,424,16384,459,0,0
1,2,428,423,16384,470,0,0
1,2,424,822,16384,471,0,0
1,2,823,862,-16384,508,0,784
1,2,825,863,-16384,332,0,1168
1,2,862,823,16384,508,1,320
1,2,417,418,-8192,454,0,0
1,2,418,419,-16384,455,0,0
1,2,419,418,16384,455,1,0
1,2,424,423,-16384,459,1,0
1,2,423,419,-32768,464,0,0
1,2,418,424,0,465,0,0
1,2,419,420,-24576,456,0,0
1,2,422,428,0,469,0,0
1,2,251,287,-16384,286,0,0
1,2,399,864,-32768,428,0,0
1,2,287,399,-32768,429,0,0
1,2,251,245,0,248,0,0
1,2,287,251,16384,286,1,0
1,2,245,405,-16384,434,0,0
1,2,405,406,-16384,435,0,0
1,2,406,408,-32768,438,0,0
1,2,408,287,-32768,439,0,0
1,2,244,245,-16384,238,0,0
1,2,251,252,13828,243,0,0
1,2,245,251,-32768,248,1,0
1,2,252,244,0,249,0,0
1,2,246,244,-16384,239,0,0
1,2,252,253,13828,244,0,0
1,2,244,252,-32768,249,1,0
1,2,253,246,0,250,0,0
1,2,247,246,-16384,240,0,0
1,2,253,254,13828,245,0,0
1,2,246,253,-32768,250,1,0
1,2,254,247,0,251,0,0
1,2,865,402,16384,432,0,16
1,2,402,403,16384,445,0,0
1,2,862,453,-16384,508,0,1168
1,2,863,866,-16384,332,0,1552
1,2,453,862,16384,508,1,0
1,2,245,244,16384,238,1,0
1,2,244,246,16384,239,1,0
1,2,246,247,16384,240,1,0
1,2,405,245,16384,434,1,0
1,2,402,405,-32768,436,0,0
1,2,247,403,0,444,0,0
1,2,403,402,-16384,445,1,0
1,2,407,401,0,437,0,0
1,2,409,407,0,440,0,0
1,2,867,552,-20352,647,0,17
1,2,552,868,-31935,648,0,0
1,2,869,409,0,955,0,412
1,2,401,865,16384,432,0,0
1,2,453,867,-20352,647,0,0
1,2,287,408,0,439,1,0
1,2,407,409,-32768,440,1,0
1,2,408,407,-16384,441,0,0
1,2,409,287,16384,442,0,0
1,2,870,871,-32367,517,0,312
1,2,868,552,832,648,1,507
1,2,866,331,-16384,332,0,1872
1,2,331,870,-32367,517,0,0
1,2,552,453,12415,647,1,0
1,2,410,411,5508,443,0,0
1,2,868,463,-31935,648,0,1097
1,2,463,410,16384,649,0,0
1,2,411,869,0,955,0,0
1,2,871,462,-32367,517,0,1374
1,2,462,463,29412,518,0,0
1,2,463,868,832,648,1,0
1,2,293,294,16384,291,0,0
1,2,872,768,-16384,954,0,5
1,2,768,783,-32768,976,0,0
1,2,783,293,29412,977,0,0
1,2,294,784,-3355,978,0,0
1,2,763,872,-16384,954,0,0
1,2,784,763,0,979,0,0
1,2,763,762,-4836,944,0,0
1,2,767,768,27931,949,0,0
1,2,762,767,-16384,953,0,0
1,2,768,763,16384,954,1,0
1,2,295,296,-16384,325,0,0
1,2,296,337,-32768,344,0,0
1,2,336,295,0,345,0,0
1,2,337,873,-30804,343,0,0
1,2,294,293,-16384,291,1,0
1,2,295,294,0,292,0,0
1,2,293,296,-32768,293,0,0
1,2,296,295,16384,325,1,0
1,2,762,761,-4836,943,0,0
1,2,766,767,27931,948,0,0
1,2,761,766,-16384,952,0,0
1,2,767,762,16384,953,1,0
1,2,761,760,-4836,942,0,0
1,2,765,766,27931,947,0,0
1,2,760,765,-16384,951,0,0
1,2,766,761,16384,952,1,0
1,2,760,759,-4836,941,0,0
1,2,764,765,27931,946,0,0
1,2,759,764,-16384,950,0,0
1,2,765,760,16384,951,1,0
1,2,397,398,-16384,427,0,0
1,2,759,397,-4836,940,0,0
1,2,398,764,27931,945,0,0
1,2,764,759,16384,950,1,0
1,2,398,397,16384,427,1,0
1,2,864,398,-32768,428,0,8
1,2,397,400,0,430,0,0
1,2,400,251,0,431,0,0
1,2,21,22,0,12,0,0
1,2,22,874,-16384,13,0,0
1,2,124,21,0,97,0,0
1,2,875,124,5414,163,0,239
1,2,124,875,-27353,163,1,0
1,2,876,124,0,169,0,64
1,2,316,8,12641,312,0,0
1,2,317,316,-32768,315,0,0
1,2,312,315,-32768,313,0,0
1,2,316,317,0,315,1,0
1,2,334,316,16384,337,0,0
1,2,315,334,16384,338,0,0
1,2,317,335,-16384,339,0,0
1,2,335,312,-16384,340,0,0
1,2,26,99,-10557,167,0,0
1,2,877,26,16384,550,0,360
1,2,98,99,-32768,74,0,0
1,2,99,26,22210,167,1,0
1,2,23,98,-8192,168,0,0
1,2,26,27,-32768,15,0,0
1,2,878,68,16384,45,0,128
1,2,68,69,0,46,0,0
1,2,69,879,-16384,47,0,0
1,2,23,880,0,66,0,0
1,2,98,23,24576,168,1,0
1,2,874,23,-16384,13,0,128
1,2,312,313,-16384,309,0,0
1,2,313,314,-32768,310,0,0
1,2,314,315,16384,311,0,0
1,2,315,312,0,313,1,0
1,2,880,90,0,66,0,160
1,2,90,91,-16384,67,0,0
1,2,92,93,16384,69,0,0
1,2,93,881,0,70,0,0
1,2,882,7,-32768,4,0,192
1,2,883,127,-16384,99,1,64
1,2,7,297,24576,294,0,0
1,2,297,317,-32768,314,0,0
1,2,313,312,16384,309,1,0
1,2,312,318,0,316,0,0
1,2,318,319,-16384,317,0,0
1,2,319,313,-32768,318,0,0
1,2,884,103,0,77,0,192
1,2,103,111,-16384,84,0,0
1,2,114,115,-32768,87,0,0
1,2,115,116,16384,88,0,0
1,2,885,102,16384,76,0,64
1,2,102,884,0,77,0,0
1,2,116,117,-32768,89,0,0
1,2,75,886,-32768,53,0,0
1,2,101,885,16384,76,0,0
1,2,117,75,-16384,90,0,0
1,2,104,98,16384,78,0,0
1,2,490,104,-32768,564,0,0
1,2,91,490,-16384,565,0,0
1,2,105,106,-16384,79,0,0
1,2,106,489,-32768,562,0,0
1,2,489,92,16384,566,0,0
1,2,91,92,0,68,0,0
1,2,489,490,-32768,563,0,0
1,2,490,91,16384,565,1,0
1,2,92,489,-16384,566,1,0
1,2,887,67,0,44,0,128
1,2,888,70,-16384,47,0,320
1,2,70,71,-32768,48,0,0
1,2,67,878,16384,45,0,0
1,2,879,888,-16384,47,0,192
1,2,484,877,16384,550,0,0
1,2,99,485,-16384,551,0,0
1,2,485,484,-32768,553,0,0
1,2,72,73,0,50,0,0
1,2,886,889,-32768,53,0,128
1,2,100,101,0,75,0,0
1,2,73,100,0,554,0,0
1,2,73,484,16384,549,0,0
1,2,485,100,-16384,552,0,0
1,2,484,485,0,553,1,0
1,2,100,73,-32768,554,1,0
1,2,21,124,-32768,97,1,0
1,2,124,24,16384,161,0,0
1,2,20,21,-16384,162,0,0
1,2,24,20,0,199,0,0
1,2,19,20,-16384,11,0,0
1,2,24,25,16384,14,0,0
1,2,25,19,0,196,0,0
1,2,20,24,-32768,199,1,0
1,2,19,25,-32768,196,1,0
1,2,25,219,16384,197,0,0
1,2,220,19,-16384,198,0,0
1,2,219,220,0,200,0,0
1,2,220,219,-32768,200,1,0
1,2,219,471,16384,523,0,0
1,2,472,220,-16384,526,0,0
1,2,471,472,0,530,0,0
1,2,467,33,-32768,529,0,0
1,2,471,33,16384,524,0,0
1,2,467,472,-16384,525,0,0
1,2,33,467,0,529,1,0
1,2,472,471,-32768,530,1,0
1,2,31,32,-16384,18,0,0
1,2,511,510,16384,592,1,0
1,2,32,804,-32768,1017,0,0
1,2,804,511,-32768,1018,0,0
1,2,510,805,0,1019,0,0
1,2,805,31,0,1020,0,0
1,2,33,34,22517,19,0,0
1,2,34,890,-32768,721,0,0
1,2,165,9,-29025,141,0,0
1,2,9,836,16384,149,0,0
1,2,836,9,-16384,149,1,16
1,2,464,470,16384,527,0,0
1,2,9,750,-32768,924,0,0
1,2,750,464,16384,925,0,0
1,2,8,9,17797,5,0,0
1,2,128,883,-16384,99,1,0
1,2,165,128,-16384,135,0,0
1,2,9,165,3742,141,1,0
1,2,466,467,-32768,520,0,0
1,2,469,465,-16384,528,0,0
1,2,465,466,-16384,537,0,0
1,2,464,465,-32768,519,0,0
1,2,469,470,0,522,0,0
1,2,470,464,-16384,527,1,0
1,2,465,469,16384,528,1,0
1,2,2,0,-32768,1,0,0
1,2,6,882,-32768,4,0,0
1,2,17,16,0,9,1,0
1,2,873,2,-30804,343,0,105
1,2,454,455,0,509,0,0
1,2,135,134,16384,106,1,0
1,2,891,142,-16384,110,0,128
1,2,458,459,-32768,513,0,0
1,2,142,861,-3796,342,0,0
1,2,455,456,8192,510,0,0
1,2,456,457,16384,511,0,0
1,2,457,458,24576,512,0,0
1,2,459,460,-24576,514,0,0
1,2,460,461,-16384,515,0,0
1,2,461,454,-8192,516,0,0
1,2,133,134,0,105,0,0
1,2,134,135,-16384,106,0,0
1,2,892,133,8192,118,0,22
1,2,135,332,-32768,333,0,0
1,2,16,893,-32768,9,0,0
1,2,148,892,8192,118,0,0
1,2,332,16,-16384,334,0,0
1,2,332,135,0,333,1,0
1,2,16,332,16384,334,1,0
1,2,127,128,16384,99,0,0
1,2,128,129,0,100,0,0
1,2,129,894,-8192,120,0,0
1,2,333,127,-32768,336,0,0
1,2,895,17,-32768,9,0,224
1,2,894,149,-8192,120,0,181
1,2,17,333,16384,335,0,0
1,2,333,17,-16384,335,1,0
1,2,127,333,0,336,1,0
1,2,893,895,-32768,9,0,160
1,2,149,148,0,119,0,0
1,2,132,133,0,104,0,0
1,2,146,132,8192,115,0,0
1,2,133,148,-24576,118,1,0
1,2,148,896,-32768,119,1,0
1,2,129,130,0,101,0,0
1,2,130,147,-8192,117,0,0
1,2,897,149,-32768,119,1,136
1,2,149,129,24576,120,1,0
1,2,147,146,0,116,0,0
1,2,896,897,-32768,119,1,24
1,2,131,132,0,103,0,0
1,2,144,131,8192,112,0,0
1,2,132,146,-24576,115,1,0
1,2,146,898,-32768,116,1,0
1,2,130,14,0,102,0,0
1,2,14,145,-8192,114,0,0
1,2,899,147,-32768,116,1,136
1,2,147,130,24576,117,1,0
1,2,145,144,0,113,0,0
1,2,898,899,-32768,116,1,24
1,2,14,15,0,8,0,0
1,2,131,144,-24576,112,1,0
1,2,144,145,-32768,113,1,0
1,2,145,14,24576,114,1,0
1,2,168,131,0,137,0,0
1,2,15,168,0,150,0,0
1,2,0,1,-16384,0,0,0
1,2,5,6,16384,3,0,0
1,2,1,320,-32768,319,0,0
1,2,323,5,-32768,323,0,0
1,2,320,323,-32768,324,0,0
1,2,881,94,0,70,0,128
1,2,94,900,-16384,71,0,0
1,2,107,105,-32768,80,0,0
1,2,95,96,0,72,0,0
1,2,96,97,-16384,73,0,0
1,2,108,901,16384,81,0,0
1,2,109,108,-32768,82,0,0
1,2,900,95,-16384,71,0,128
1,2,901,107,16384,81,0,128
1,2,320,321,-16384,320,0,0
1,2,321,322,-32768,321,0,0
1,2,322,323,16384,322,0,0
1,2,323,320,0,324,1,0
1,2,118,119,16384,92,0,0
1,2,119,120,0,93,0,0
1,2,492,493,-32768,568,0,0
1,2,120,902,-16384,894,0,0
1,2,298,903,-32768,295,0,0
1,2,491,492,16384,567,0,0
1,2,902,729,-16384,894,0,128
1,2,730,298,-16384,895,0,0
1,2,733,734,-16384,897,0,0
1,2,729,733,-16384,898,0,0
1,2,734,730,-16384,899,0,0
1,2,904,113,-16384,86,0,128
1,2,905,299,-32768,295,0,704
1,2,299,114,16384,297,0,0
1,2,122,477,-32768,538,0,0
1,2,477,478,16384,539,0,0
1,2,478,479,0,540,0,0
1,2,903,905,-32768,295,0,128
1,2,113,121,0,296,0,0
1,2,121,122,16384,94,0,0
1,2,110,906,16384,83,0,0
1,2,123,110,-32768,95,0,0
1,2,494,491,0,570,0,0
1,2,906,109,16384,83,0,128
1,2,97,118,0,91,0,0
1,2,493,494,-16384,569,0,0
1,2,479,123,16384,541,0,0
1,2,111,112,0,85,0,0
1,2,112,904,-16384,86,0,0
1,2,731,732,16384,896,0,0
1,2,735,736,-16384,902,0,0
1,2,736,737,-32768,903,0,0
1,2,738,735,0,904,0,0
1,2,732,738,16384,905,0,0
1,2,737,731,16384,906,0,0
1,2,732,731,-16384,896,1,0
1,2,734,733,16384,897,1,0
1,2,731,734,-32768,900,0,0
1,2,733,732,0,901,0,0
1,2,168,15,-32768,150,1,0
1,2,180,181,16384,159,0,0
1,2,831,182,-16384,160,0,80
1,2,182,340,-16384,350,0,0
1,2,15,342,16384,353,0,0
1,2,342,292,16384,354,0,0
1,2,340,343,-16384,355,0,0
1,2,343,168,-16384,356,0,0
1,2,290,291,16384,289,0,0
1,2,292,290,-32768,290,0,0
1,2,291,354,0,370,0,0
1,2,354,180,0,371,0,0
1,2,291,290,-16384,289,1,0
1,2,344,345,16384,358,0,0
1,2,345,291,0,359,0,0
1,2,353,344,-32768,368,0,0
1,2,290,353,-32768,369,0,0
1,2,291,345,-32768,359,1,0
1,2,346,347,0,360,0,0
1,2,345,351,16384,364,0,0
1,2,352,291,-16384,365,0,0
1,2,347,352,-16384,366,0,0
1,2,351,346,9346,367,0,0
1,2,288,289,0,288,0,0
1,2,347,346,-32768,360,1,0
1,2,346,355,16384,373,0,0
1,2,355,288,16384,374,0,0
1,2,356,347,-16384,375,0,0
1,2,289,356,-16384,376,0,0
1,2,360,361,-32768,381,0,0
1,2,361,362,16384,382,0,0
1,2,375,360,-24576,396,0,0
1,2,376,375,-16384,400,0,0
1,2,362,377,0,401,0,0
1,2,377,367,0,402,0,0
1,2,367,368,16384,387,0,0
1,2,366,376,-16384,397,0,0
1,2,907,367,-16384,387,1,64
1,2,371,372,4836,392,0,0
1,2,367,377,-32768,402,1,0
1,2,377,371,16384,406,0,0
1,2,368,907,-16384,387,1,0
1,2,373,374,27931,394,0,0
1,2,378,368,0,403,1,0
1,2,374,378,16384,405,0,0
1,2,372,373,16384,393,0,0
1,2,372,371,-27931,392,1,0
1,2,373,372,-16384,393,1,0
1,2,374,373,-4836,394,1,0
1,2,362,369,16384,388,0,0
1,2,369,371,0,391,0,0
1,2,377,362,-32768,401,1,0
1,2,371,377,-16384,406,1,0
1,2,370,363,16384,390,0,0
1,2,374,370,-32768,395,0,0
1,2,363,378,0,404,1,0
1,2,378,374,-16384,405,1,0
1,2,369,370,16384,389,0,0
1,2,371,369,-32768,391,1,0
1,2,370,374,0,395,1,0
1,2,141,891,-16384,110,0,0
1,2,179,141,0,156,0,0
1,2,134,357,16384,377,0,0
1,2,357,179,16384,378,0,0
1,2,830,4,-16384,2,0,128
1,2,178,166,16384,154,0,0
1,2,4,178,-32768,157,0,0
1,2,4,141,-16384,155,0,0
1,2,141,179,-32768,156,1,0
1,2,178,4,0,157,1,0
1,2,179,178,16384,158,0,0
1,2,359,358,-16384,386,0,0
1,2,376,359,0,398,0,0
1,2,358,375,-32768,399,0,0
1,2,375,376,16384,400,1,0
1,2,179,357,-16384,378,1,0
1,2,357,358,-32768,379,0,0
1,2,359,179,0,380,0,0
1,2,358,359,16384,386,1,0
1,2,635,636,-32768,758,0,0
1,2,188,638,-16384,761,0,0
1,2,638,635,-16384,762,0,0
1,2,635,634,-16384,748,0,0
1,2,633,636,8192,749,0,0
1,2,634,633,-32768,757,0,0
1,2,636,635,0,758,1,0
1,2,630,633,16384,746,0,0
1,2,634,631,-16384,747,0,0
1,2,631,630,-32768,756,0,0
1,2,633,634,0,757,1,0
1,2,610,188,26485,719,0,0
1,2,609,610,-32768,720,0,0
1,2,195,196,-32768,178,0,0
1,2,609,195,-16384,717,0,0
1,2,196,610,16384,718,0,0
1,2,610,609,0,720,1,0
1,2,636,637,16384,759,0,0
1,2,637,199,16384,760,0,0
1,2,199,188,0,763,0,0
1,2,188,189,16384,173,0,0
1,2,189,188,-16384,173,1,0
1,2,199,200,16384,180,0,0
1,2,200,189,0,183,0,0
1,2,188,199,-32768,763,1,0
1,2,300,205,2058,298,0,0
1,2,190,300,8192,299,0,0
1,2,205,206,0,777,0,0
1,2,640,641,-24576,771,0,0
1,2,300,190,-24576,299,1,0
1,2,190,641,24576,769,0,0
1,2,640,300,-8192,770,0,0
1,2,641,640,8192,771,1,0
1,2,189,190,2058,174,0,0
1,2,641,301,26056,768,0,0
1,2,301,302,16384,300,0,0
1,2,303,304,-16384,301,0,0
1,2,302,306,4836,303,0,0
1,2,203,204,0,182,0,0
1,2,205,203,16384,184,0,0
1,2,204,206,-16384,185,0,0
1,2,206,205,-32768,777,1,0
1,2,304,640,-7246,767,0,0
1,2,908,303,-32768,302,0,96
1,2,306,909,0,308,0,0
1,2,648,649,-3742,782,0,0
1,2,654,655,27931,786,0,0
1,2,655,648,16384,845,0,0
1,2,649,654,-16384,846,1,0
1,2,910,647,16384,844,0,10
1,2,648,655,-16384,845,1,0
1,2,647,808,0,1025,0,0
1,2,808,648,-4836,1026,0,0
1,2,655,809,26634,1027,0,0
1,2,651,910,16384,844,0,0
1,2,809,651,-32768,1028,0,0
1,2,646,647,0,781,0,0
1,2,651,652,-32768,784,0,0
1,2,647,651,-16384,844,1,0
1,2,652,806,16384,1021,0,0
1,2,807,646,16384,1024,0,0
1,2,309,311,16384,780,0,0
1,2,708,309,-32768,859,0,0
1,2,311,709,0,860,0,0
1,2,806,708,-32768,1022,0,0
1,2,709,807,0,1023,0,0
1,2,305,908,-32768,302,0,0
1,2,909,311,0,308,0,224
1,2,311,309,-16384,780,1,0
1,2,308,305,16384,306,0,0
1,2,309,310,-16384,307,0,0
1,2,310,642,-26056,772,0,0
1,2,643,308,7246,773,0,0
1,2,642,643,24576,776,0,0
1,2,206,307,-2058,304,0,0
1,2,307,191,-8192,305,0,0
1,2,191,307,24576,305,1,0
1,2,307,643,8192,774,0,0
1,2,642,191,-24576,775,0,0
1,2,643,642,-8192,776,1,0
1,2,191,192,-2058,175,0,0
1,2,192,193,-16384,176,0,0
1,2,193,609,-26485,716,0,0
1,2,193,192,16384,176,1,0
1,2,201,202,-16384,181,0,0
1,2,192,201,0,186,0,0
1,2,202,193,-32768,187,0,0
1,2,629,630,16384,743,0,0
1,2,631,632,-16384,744,0,0
1,2,632,629,-32768,755,0,0
1,2,630,631,0,756,1,0
1,2,626,629,16384,742,0,0
1,2,632,627,-16384,745,0,0
1,2,627,626,-32768,754,0,0
1,2,629,632,0,755,1,0
1,2,625,626,16384,739,0,0
1,2,627,628,-16384,740,0,0
1,2,628,625,-32768,753,0,0
1,2,626,627,0,754,1,0
1,2,624,625,16384,738,0,0
1,2,628,623,-16384,741,0,0
1,2,623,624,-32768,752,0,0
1,2,625,628,0,753,1,0
1,2,622,624,21220,737,0,0
1,2,623,622,-24576,751,0,0
1,2,624,623,0,752,1,0
1,2,620,622,26941,735,0,0
1,2,622,623,8192,751,1,0
1,2,196,195,0,178,1,0
1,2,607,196,16384,713,0,0
1,2,195,608,-16384,714,0,0
1,2,608,607,-32768,715,0,0
1,2,607,608,0,715,1,0
1,2,614,607,16384,726,0,0
1,2,608,615,-16384,727,0,0
1,2,616,617,16384,728,0,0
1,2,617,614,16384,729,0,0
1,2,615,639,-16384,765,0,0
1,2,623,621,-9346,736,0,0
1,2,621,620,-21220,750,0,0
1,2,618,619,-16384,730,0,0
1,2,619,620,-32768,733,0,0
1,2,621,618,0,734,0,0
1,2,620,621,11547,750,1,0
1,2,617,616,-16384,728,1,0
1,2,619,618,16384,730,1,0
1,2,618,617,0,731,0,0
1,2,616,619,-32768,732,0,0
1,2,911,747,29865,917,0,99
1,2,601,613,24576,725,0,0
1,2,747,911,-2902,917,1,0
1,2,613,747,16384,918,0,0
1,2,747,613,-16384,918,1,0
1,2,912,747,0,1011,0,32
1,2,599,591,-32768,701,1,0
1,2,591,605,16384,711,0,0
1,2,605,606,13828,712,0,0
1,2,613,601,-8192,725,1,0
1,2,601,748,-32768,920,0,0
1,2,748,599,-32768,921,0,0
1,2,606,912,0,1011,0,0
1,2,186,187,10557,172,0,0
1,2,187,743,-16384,913,0,0
1,2,801,913,-32768,1009,0,0
1,2,592,593,8192,692,0,0
1,2,593,754,0,933,0,0
1,2,754,186,0,934,0,0
1,2,800,592,16384,1008,0,0
1,2,913,800,-32768,1009,0,62
1,2,747,801,16384,1010,0,0
1,2,125,126,-8192,98,0,0
1,2,741,742,-32768,911,0,0
1,2,742,194,16384,912,0,0
1,2,126,741,-16384,926,0,0
1,2,194,751,0,928,0,0
1,2,751,125,0,929,0,0
1,2,187,194,0,177,0,0
1,2,194,742,-16384,912,1,0
1,2,914,187,16384,913,1,96
1,2,743,744,0,914,0,0
1,2,744,745,-16384,915,0,0
1,2,745,746,-32768,916,0,0
1,2,746,911,29865,917,0,0
1,2,746,745,0,916,1,0
1,2,745,744,16384,915,1,0
1,2,915,916,-16384,927,0,96
1,2,742,741,0,911,1,0
1,2,743,914,16384,913,1,0
1,2,744,743,-32768,914,1,0
1,2,741,915,-16384,927,0,0
1,2,911,746,-2902,917,1,133
1,2,194,187,-32768,177,1,0
1,2,187,616,16384,764,0,0
1,2,639,194,-16384,766,0,0
1,2,39,875,5414,163,0,0
1,2,41,42,-32768,24,0,0
1,2,42,917,16384,25,0,0
1,2,503,30,-16384,585,0,0
1,2,504,503,0,586,0,0
1,2,918,40,-32768,22,0,48
1,2,40,41,16384,23,0,0
1,2,28,29,16384,16,0,0
1,2,875,919,-27353,163,1,147
1,2,29,876,0,169,0,0
1,2,30,28,0,17,0,0
1,2,39,918,-32768,22,0,0
1,2,919,39,-27353,163,1,220
1,2,917,43,16384,25,0,96
1,2,43,920,0,26,0,0
1,2,505,504,-16384,587,0,0
1,2,920,44,0,26,0,96
1,2,508,505,-32768,589,0,0
1,2,509,508,-16384,590,0,0
1,2,506,507,16384,588,0,0
1,2,510,511,-16384,592,0,0
1,2,511,506,-32768,593,0,0
1,2,47,510,0,594,0,0
1,2,507,509,-32768,591,0,0
1,2,35,36,-32768,20,0,0
1,2,37,27,3968,166,0,0
1,2,27,35,-16384,170,0,0
1,2,37,38,16384,21,0,0
1,2,38,183,0,164,0,0
1,2,921,37,-28799,166,1,64
1,2,183,39,16384,165,0,0
1,2,27,921,-28799,166,1,0
1,2,922,88,0,64,0,64
1,2,88,89,-16384,65,0,0
1,2,54,52,16384,33,0,0
1,2,61,54,-32768,39,0,0
1,2,89,480,0,542,0,0
1,2,483,48,-32768,546,0,0
1,2,480,483,-16384,548,0,0
1,2,52,89,4836,886,0,0
1,2,89,52,-27931,886,1,0
1,2,481,482,-32768,544,0,0
1,2,482,37,16384,547,0,0
1,2,480,37,0,543,0,0
1,2,482,483,-32768,545,0,0
1,2,37,482,-16384,547,1,0
1,2,483,480,16384,548,1,0
1,2,63,64,0,42,0,0
1,2,64,65,-16384,43,0,0
1,2,79,80,-32768,57,0,0
1,2,80,81,16384,58,0,0
1,2,923,63,-16384,41,0,64
1,2,924,56,0,34,0,64
1,2,81,925,-32768,59,0,0
1,2,56,81,-11547,885,0,0
1,2,81,56,21220,885,1,0
1,2,48,49,-16384,30,0,0
1,2,60,61,16384,40,0,0
1,2,49,926,-32768,96,0,0
1,2,59,927,0,37,0,0
1,2,56,59,16384,38,0,0
1,2,62,923,-16384,41,0,0
1,2,927,60,0,37,0,128
1,2,926,62,-32768,96,0,128
1,2,928,78,-32768,55,0,192
1,2,78,79,16384,56,0,0
1,2,50,51,-32768,31,0,0
1,2,66,887,0,44,0,0
1,2,51,486,16384,555,0,0
1,2,486,66,0,561,0,0
1,2,65,74,0,51,0,0
1,2,889,76,-32768,53,0,576
1,2,76,77,-16384,54,0,0
1,2,77,928,-32768,55,0,0
1,2,71,72,-16384,49,0,0
1,2,74,50,16384,52,0,0
1,2,487,481,16384,557,0,0
1,2,36,488,-16384,558,0,0
1,2,488,487,-32768,560,0,0
1,2,486,487,16384,556,0,0
1,2,488,66,-16384,559,0,0
1,2,487,488,0,560,1,0
1,2,66,486,-32768,561,1,0
1,2,207,208,-16384,188,0,0
1,2,208,574,-32768,674,0,0
1,2,578,207,0,677,0,0
1,2,574,578,16384,678,0,0
1,2,574,575,-32768,675,0,0
1,2,578,574,-16384,678,1,0
1,2,575,579,11973,679,0,0
1,2,579,578,0,686,0,0
1,2,44,45,16384,27,0,0
1,2,45,46,0,28,0,0
1,2,46,47,-16384,29,0,0
1,2,208,207,16384,188,1,0
1,2,890,611,-32768,721,0,64
1,2,612,158,0,722,0,0
1,2,207,612,0,723,0,0
1,2,611,208,-32768,724,0,0
1,2,158,159,8192,127,0,0
1,2,579,575,-20794,679,1,0
1,2,576,580,8192,680,0,0
1,2,580,579,-3355,685,0,0
1,2,575,603,29025,707,0,0
1,2,603,576,24576,708,0,0
1,2,576,577,21592,676,0,0
1,2,580,576,-24576,680,1,0
1,2,577,581,3040,681,0,0
1,2,581,580,-4836,684,0,0
1,2,581,577,-29727,681,1,0
1,2,582,583,0,682,0,0
1,2,583,581,-16384,683,0,0
1,2,577,799,16384,1006,0,0
1,2,799,582,16384,1007,0,0
1,2,583,582,-32768,682,1,0
1,2,582,789,16384,988,0,0
1,2,796,583,-16384,995,0,0
1,2,789,796,0,1000,0,0
1,2,789,790,16384,989,0,0
1,2,795,796,-16384,994,0,0
1,2,796,789,-32768,1000,1,0
1,2,790,795,0,1001,0,0
1,2,790,791,16384,990,0,0
1,2,794,795,-16384,993,0,0
1,2,795,790,-32768,1001,1,0
1,2,791,794,0,1002,0,0
1,2,791,792,16384,991,0,0
1,2,793,794,-16384,992,0,0
1,2,794,791,-32768,1002,1,0
1,2,792,793,0,1003,0,0
1,2,792,797,16384,996,0,0
1,2,798,793,-16384,999,0,0
1,2,793,792,-32768,1003,1,0
1,2,797,798,0,1004,0,0
1,2,797,644,16384,997,0,0
1,2,645,798,-16384,998,0,0
1,2,798,797,-32768,1004,1,0
1,2,644,645,0,1005,0,0
1,2,584,585,0,687,0,0
1,2,644,584,16384,778,0,0
1,2,585,645,-16384,779,0,0
1,2,645,644,-32768,1005,1,0
1,2,585,584,-32768,687,1,0
1,2,590,591,0,691,0,0
1,2,591,599,0,701,0,0
1,2,599,585,-16384,702,0,0
1,2,584,590,16384,706,0,0
1,2,929,185,-18106,171,0,140
1,2,600,601,17497,703,0,0
1,2,601,740,-3968,909,0,0
1,2,185,752,-32768,930,0,0
1,2,752,753,-32768,931,0,0
1,2,753,600,-32768,932,0,0
1,2,184,929,-18106,171,0,0
1,2,740,184,0,910,0,0
1,2,740,601,28799,909,1,0
1,2,184,740,-32768,910,1,0
1,2,916,184,-16384,927,0,256
1,2,235,236,-32768,212,1,0
1,2,237,238,0,213,0,0
1,2,238,235,-16384,233,0,0
1,2,236,237,16384,234,0,0
1,2,238,237,-32768,213,1,0
1,2,239,240,0,214,0,0
1,2,240,238,-16384,232,0,0
1,2,237,239,16384,235,0,0
1,2,240,239,-32768,214,1,0
1,2,241,215,0,215,0,0
1,2,215,240,-16384,231,0,0
1,2,239,241,16384,236,0,0
1,2,212,213,16384,191,0,0
1,2,214,215,-16384,192,0,0
1,2,215,241,-32768,215,1,0
1,2,241,212,16384,237,0,0
1,2,213,197,0,595,0,0
1,2,197,214,-16384,598,0,0
1,2,197,198,0,179,0,0
1,2,216,214,-32768,193,0,0
1,2,214,197,16384,598,1,0
1,2,538,513,-16384,631,0,0
1,2,198,538,0,632,1,0
1,2,217,218,-32768,194,0,0
1,2,218,216,22210,195,0,0
1,2,513,217,-23881,599,0,0
1,2,930,516,16384,602,0,24
1,2,516,517,16384,603,0,0
1,2,543,550,-24576,644,1,0
1,2,517,551,0,645,0,0
1,2,524,525,-16384,609,0,0
1,2,525,931,-16384,614,0,0
1,2,531,932,18637,629,0,0
1,2,517,516,-16384,603,1,0
1,2,525,524,16384,609,1,0
1,2,516,525,-32768,625,0,0
1,2,524,517,0,626,0,0
1,2,519,520,0,606,0,0
1,2,551,519,16384,646,0,0
1,2,526,527,-32768,610,0,0
1,2,933,535,3681,630,0,443
1,2,520,519,-32768,606,1,0
1,2,527,526,0,610,1,0
1,2,519,527,16384,627,0,0
1,2,526,520,-16384,628,0,0
1,2,527,529,-32768,612,0,0
1,2,934,537,18637,629,0,524
1,2,537,933,3681,630,0,0
1,2,517,518,16384,604,0,0
1,2,518,519,0,605,0,0
1,2,551,517,-32768,645,1,0
1,2,519,551,-16384,646,1,0
1,2,529,524,-16384,613,0,0
1,2,932,934,18637,629,0,442
1,2,935,534,6711,619,0,164
1,2,534,535,0,620,0,0
1,2,535,537,-29086,630,1,0
1,2,531,532,25797,617,0,0
1,2,532,533,16384,618,0,0
1,2,533,935,6711,619,0,0
1,2,537,531,-14130,629,1,0
1,2,520,521,0,607,0,0
1,2,528,526,-26056,611,0,0
1,2,535,536,-8192,621,0,0
1,2,536,528,-16384,622,0,0
1,2,539,540,-32768,633,0,0
1,2,543,544,0,637,0,0
1,2,544,545,-8192,638,0,0
1,2,545,936,-16384,639,0,0
1,2,937,550,16384,643,0,72
1,2,550,543,8192,644,0,0
1,2,540,541,-16384,634,0,0
1,2,938,548,-32768,641,0,56
1,2,548,549,24576,642,0,0
1,2,549,937,16384,643,0,0
1,2,541,542,0,635,0,0
1,2,939,546,-16384,639,0,72
1,2,546,547,-24576,640,0,0
1,2,547,938,-32768,641,0,0
1,2,542,539,16384,636,0,0
1,2,936,939,-16384,639,0,24
1,2,540,539,0,633,1,0
1,2,541,540,16384,634,1,0
1,2,542,541,-32768,635,1,0
1,2,539,542,-16384,636,1,0
1,2,550,549,-16384,643,1,0
1,2,548,547,0,641,1,0
1,2,547,546,8192,640,1,0
1,2,545,544,24576,638,1,0
1,2,544,543,-32768,637,1,0
1,2,546,545,16384,639,1,0
1,2,521,594,-16384,693,0,0
1,2,594,595,-16384,694,0,0
1,2,595,940,-16384,695,0,0
1,2,198,514,16384,600,0,0
1,2,514,515,16384,601,0,0
1,2,515,930,16384,602,0,0
1,2,538,198,-32768,632,0,0
1,2,549,548,-8192,642,1,0
1,2,940,538,-16384,695,0,352
1,2,522,523,-16384,608,0,0
1,2,931,522,-16384,614,0,56
1,2,523,530,-16384,615,0,0
1,2,530,531,-32768,616,0,0
1,2,515,514,-16384,601,1,0
1,2,523,522,16384,608,1,0
1,2,514,523,-32768,623,0,0
1,2,522,515,0,624,0,0
1,2,588,589,0,690,0,0
1,2,596,597,16384,696,0,0
1,2,598,596,-32768,697,0,0
1,2,597,588,16384,698,0,0
1,2,589,602,-16384,704,0,0
1,2,602,598,-32768,705,1,0
1,2,595,594,16384,694,1,0
1,2,597,596,-16384,696,1,0
1,2,594,597,0,699,0,0
1,2,596,595,-32768,700,0,0
1,2,598,602,0,705,0,0
1,2,602,604,-16384,709,0,0
1,2,604,590,-16384,710,0,0
1,2,587,724,16384,883,0,0
1,2,724,598,16384,884,0,0
1,2,590,587,-32768,919,0,0
1,2,584,586,-32768,688,0,0
1,2,586,587,16384,689,0,0
1,2,590,584,-16384,706,1,0
1,2,587,590,0,919,1,0
1,2,150,151,0,122,0,0
1,2,151,221,-16384,201,0,0
1,2,501,512,-32768,596,0,0
1,2,221,802,-32768,1012,0,0
1,2,802,501,-32768,1013,0,0
1,2,512,150,16384,1014,0,0
1,2,501,502,-16384,583,0,0
1,2,502,143,-32768,584,0,0
1,2,512,501,0,596,1,0
1,2,143,500,24576,597,1,0
1,2,500,803,0,1015,0,0
1,2,803,512,0,1016,0,0
1,2,86,87,16384,63,0,0
1,2,87,922,0,64,0,0
1,2,52,86,21220,579,0,0
1,2,52,53,-32768,32,0,0
1,2,85,86,0,62,0,0
1,2,86,52,-11547,579,1,0
1,2,221,151,16384,201,1,0
1,2,222,223,-16384,202,0,0
1,2,223,221,-32768,218,0,0
1,2,151,222,0,219,0,0
1,2,223,222,16384,202,1,0
1,2,224,225,-16384,203,0,0
1,2,225,223,-32768,217,0,0
1,2,222,224,0,220,0,0
1,2,138,139,-16384,108,0,0
1,2,225,224,16384,203,1,0
1,2,224,138,0,204,0,0
1,2,139,225,-32768,216,0,0
1,2,84,85,16384,61,0,0
1,2,136,84,16384,572,0,0
1,2,53,495,-16384,573,0,0
1,2,495,496,-16384,574,0,0
1,2,496,495,16384,574,1,0
1,2,495,497,0,576,0,0
1,2,497,498,-16384,577,0,0
1,2,498,496,-32768,578,0,0
1,2,941,83,-32768,60,0,128
1,2,83,136,16384,571,0,0
1,2,496,58,-16384,575,0,0
1,2,57,55,-16384,35,0,0
1,2,58,57,0,36,0,0
1,2,82,941,-32768,60,0,0
1,2,55,82,-16384,121,1,0
1,2,55,924,0,34,0,0
1,2,925,82,-32768,59,0,128
1,2,82,55,16384,121,0,0
1,2,136,137,-32768,107,0,0
1,2,140,84,0,109,0,0
1,2,84,136,-16384,572,1,0
1,2,137,499,16384,580,0,0
1,2,499,140,0,582,1,0
1,2,143,140,-16384,111,0,0
1,2,499,500,16384,581,0,0
1,2,140,499,-32768,582,0,0
1,2,500,143,-8192,597,0,0
1,2,138,224,-32768,204,1,0
1,2,209,226,0,205,0,0
1,2,224,209,16384,221,0,0
1,2,226,138,-16384,222,0,0
1,2,209,210,16384,189,0,0
1,2,226,209,-32768,205,1,0
1,2,210,227,0,206,0,0
1,2,227,739,-16384,907,0,0
1,2,739,226,-16384,908,0,0
1,2,227,210,-32768,206,1,0
1,2,210,228,16384,207,0,0
1,2,228,242,0,223,0,0
1,2,242,227,-16384,887,0,0
1,2,725,727,0,890,0,0
1,2,727,728,-16384,891,0,0
1,2,728,726,-32768,892,0,0
1,2,726,725,16384,893,0,0
1,2,227,242,16384,887,1,0
1,2,242,725,0,888,0,0
1,2,726,227,-32768,889,0,0
1,2,725,726,-16384,893,1,0
1,2,210,211,-32768,190,0,0
1,2,228,210,-16384,207,1,0
1,2,211,229,16384,208,0,0
1,2,229,228,0,226,0,0
1,2,229,211,-16384,208,1,0
1,2,230,231,16384,209,0,0
1,2,231,229,0,225,0,0
1,2,211,230,-32768,227,0,0
1,2,231,230,-16384,209,1,0
1,2,232,233,16384,210,0,0
1,2,233,231,0,224,0,0
1,2,230,232,-32768,228,0,0
1,2,233,232,-16384,210,1,0
1,2,234,235,16384,211,0,0
1,2,235,810,0,1029,0,0
1,2,810,233,0,1030,0,0
1,2,232,811,-32768,1031,0,0
1,2,811,234,-32768,1032,0,0
1,2,235,234,-16384,211,1,0
1,2,236,235,0,212,0,0
1,2,234,243,-32768,229,0,0
1,2,243,236,16384,230,0,0
