episode,mission,vertex_1,vertex_2,angle,line,side,offset
1,3,529,835,16384,623,1,0
1,3,537,538,0,631,0,0
1,3,777,778,16384,940,0,0
1,3,781,782,-21561,947,0,0
1,3,782,777,-32768,948,0,0
1,3,778,529,16384,950,0,0
1,3,535,800,-16384,971,0,0
1,3,800,781,-16384,972,0,0
1,3,835,528,16384,623,1,64
1,3,536,537,-16384,630,0,0
1,3,528,775,16384,949,0,0
1,3,538,539,16384,632,0,0
1,3,780,799,-16384,969,0,0
1,3,799,534,-16384,970,0,0
1,3,539,536,-32768,633,0,0
1,3,537,536,16384,630,1,0
1,3,538,537,-32768,631,1,0
1,3,539,538,-16384,632,1,0
1,3,536,539,0,633,1,0
1,3,530,531,-16384,624,0,0
1,3,534,530,0,628,0,0
1,3,531,535,-32768,629,0,0
1,3,531,530,16384,624,1,0
1,3,530,532,0,625,0,0
1,3,533,531,-32768,626,0,0
1,3,532,533,-16384,627,1,0
1,3,802,803,16384,975,0,0
1,3,804,801,16384,976,0,0
1,3,803,805,6469,977,0,0
1,3,810,804,26298,983,0,0
1,3,801,802,16384,984,0,0
1,3,812,810,-16384,987,0,0
1,3,533,532,16384,627,0,0
1,3,801,533,-32768,973,0,0
1,3,532,802,0,974,0,0
1,3,802,801,-16384,984,1,0
1,3,806,807,-6469,979,0,0
1,3,807,808,-16384,980,0,0
1,3,808,809,-26298,981,0,0
1,3,809,811,16384,985,0,0
1,3,811,812,-32768,986,0,0
1,3,818,819,0,998,0,0
1,3,809,810,-32768,982,0,0
1,3,811,809,-16384,985,1,0
1,3,812,811,0,986,1,0
1,3,810,812,16384,987,1,0
1,3,805,806,0,978,0,0
1,3,820,817,-32768,1000,0,0
1,3,817,818,-16384,997,0,0
1,3,819,820,16384,999,0,0
1,3,818,817,16384,997,1,0
1,3,819,818,-32768,998,1,0
1,3,820,819,-16384,999,1,0
1,3,817,820,0,1000,1,0
1,3,756,836,-32768,919,0,0
1,3,761,756,-16384,924,0,0
1,3,508,509,0,592,0,0
1,3,520,519,-32768,602,0,0
1,3,519,508,16384,612,1,0
1,3,509,520,-16384,613,0,0
1,3,509,510,0,593,0,0
1,3,521,520,-32768,603,0,0
1,3,520,509,16384,613,1,0
1,3,510,521,-16384,614,0,0
1,3,510,511,0,594,0,0
1,3,522,521,-32768,604,0,0
1,3,521,510,16384,614,1,0
1,3,511,522,-16384,615,0,0
1,3,511,512,0,595,0,0
1,3,523,522,-32768,605,0,0
1,3,522,511,16384,615,1,0
1,3,512,523,-16384,616,0,0
1,3,837,838,0,923,0,192
1,3,838,760,0,923,0,320
1,3,760,762,-16384,925,0,0
1,3,512,513,0,596,0,0
1,3,524,523,-32768,606,0,0
1,3,523,512,16384,616,1,0
1,3,513,524,-16384,617,0,0
1,3,513,514,0,597,0,0
1,3,525,524,-32768,607,0,0
1,3,524,513,16384,617,1,0
1,3,514,525,-16384,618,0,0
1,3,525,514,16384,618,1,0
1,3,526,525,-32768,619,0,0
1,3,514,527,0,620,0,0
1,3,839,840,-16384,623,0,16
1,3,527,528,6133,621,0,0
1,3,528,839,-16384,623,0,0
1,3,529,526,26634,622,0,0
1,3,840,529,-16384,623,0,144
1,3,500,841,-32768,583,0,0
1,3,503,763,0,926,0,0
1,3,791,792,-16384,959,0,0
1,3,795,796,-16384,963,0,0
1,3,796,791,-16384,967,0,0
1,3,757,755,-16384,920,0,0
1,3,758,759,-16384,922,0,0
1,3,793,794,16384,961,0,0
1,3,797,798,16384,965,0,0
1,3,794,797,16384,968,0,0
1,3,792,793,0,960,0,0
1,3,794,791,-32768,962,0,0
1,3,796,797,0,964,0,0
1,3,791,796,16384,967,1,0
1,3,797,794,-16384,968,1,0
1,3,798,795,-32768,966,0,0
1,3,504,516,-16384,608,0,0
1,3,755,504,0,918,0,0
1,3,516,758,-32768,921,0,0
1,3,504,505,0,588,0,0
1,3,515,516,-32768,598,0,0
1,3,516,504,16384,608,1,0
1,3,505,515,-16384,609,0,0
1,3,505,506,0,589,0,0
1,3,517,515,-32768,599,0,0
1,3,515,505,16384,609,1,0
1,3,506,517,-16384,610,0,0
1,3,506,507,0,590,0,0
1,3,518,517,-32768,600,0,0
1,3,517,506,16384,610,1,0
1,3,507,518,-16384,611,0,0
1,3,507,508,0,591,0,0
1,3,519,518,-32768,601,0,0
1,3,518,507,16384,611,1,0
1,3,508,519,-16384,612,0,0
1,3,759,837,0,923,0,0
1,3,836,757,-32768,919,0,288
1,3,783,784,0,951,0,0
1,3,784,785,-16384,952,0,0
1,3,785,786,-32768,953,0,0
1,3,786,783,16384,954,0,0
1,3,786,785,0,953,1,0
1,3,784,783,-32768,951,1,0
1,3,764,500,22517,927,0,0
1,3,770,764,-32768,933,0,0
1,3,783,786,-16384,954,1,0
1,3,764,771,-32768,933,0,200
1,3,762,774,-16384,937,0,0
1,3,785,784,16384,952,1,0
1,3,774,762,16384,937,1,0
1,3,778,777,-16384,940,1,0
1,3,762,778,0,941,0,0
1,3,777,774,-32768,942,0,0
1,3,787,788,0,955,0,0
1,3,788,789,-16384,956,0,0
1,3,789,790,-32768,957,0,0
1,3,790,787,16384,958,0,0
1,3,790,789,0,957,1,0
1,3,842,761,-16384,938,0,32
1,3,789,788,16384,956,1,0
1,3,767,768,0,931,0,0
1,3,768,769,-8192,932,0,0
1,3,769,842,-16384,938,0,0
1,3,788,787,-32768,955,1,0
1,3,766,767,8192,930,0,0
1,3,787,790,-16384,958,1,0
1,3,763,765,10250,928,0,0
1,3,765,766,0,929,0,0
1,3,775,776,16384,939,0,0
1,3,776,779,0,945,0,0
1,3,779,780,-10875,946,0,0
1,3,761,769,16384,938,1,0
1,3,776,775,-16384,939,1,0
1,3,775,761,-32768,943,0,0
1,3,769,776,0,944,0,0
1,3,633,634,-16384,738,0,0
1,3,638,639,16384,741,0,0
1,3,592,633,0,752,0,0
1,3,634,642,-32768,753,0,0
1,3,843,844,-16384,688,0,192
1,3,634,633,16384,738,1,0
1,3,844,591,-16384,688,0,448
1,3,591,641,-32768,744,0,0
1,3,641,642,16384,745,0,0
1,3,642,634,0,753,1,0
1,3,590,843,-16384,688,0,0
1,3,592,472,16384,689,0,0
1,3,472,590,-2555,737,0,0
1,3,633,592,-32768,752,1,0
1,3,472,473,16384,544,0,0
1,3,473,845,0,545,0,0
1,3,590,472,30212,737,1,0
1,3,483,485,-16384,559,0,0
1,3,485,829,-32768,1013,0,0
1,3,829,831,16384,1017,0,0
1,3,484,482,16384,558,0,0
1,3,830,484,-32768,1016,0,0
1,3,832,830,-16384,1019,0,0
1,3,630,631,-16384,734,0,0
1,3,631,830,-32768,1015,0,0
1,3,832,846,0,1018,1,0
1,3,830,832,16384,1019,1,0
1,3,632,629,16384,735,0,0
1,3,829,632,-32768,1014,0,0
1,3,831,829,-16384,1017,1,0
1,3,847,831,0,1018,1,72
1,3,629,630,-32768,733,0,0
1,3,846,847,0,1018,1,8
1,3,630,629,0,733,1,0
1,3,631,630,16384,734,1,0
1,3,629,632,-16384,735,1,0
1,3,632,631,-32768,736,0,0
1,3,478,477,-16384,550,0,0
1,3,480,481,16384,552,0,0
1,3,481,478,0,553,0,0
1,3,477,480,-32768,555,0,0
1,3,479,475,0,554,0,0
1,3,482,479,16384,556,0,0
1,3,477,475,-16384,549,0,0
1,3,479,480,16384,551,0,0
1,3,475,479,-32768,554,1,0
1,3,480,477,0,555,1,0
1,3,475,476,0,547,0,0
1,3,848,483,-16384,557,0,136
1,3,831,832,-32768,1018,0,0
1,3,476,849,16384,548,0,0
1,3,471,848,-16384,557,0,0
1,3,468,469,6711,540,0,0
1,3,849,468,16384,548,0,136
1,3,469,628,-16384,731,0,0
1,3,628,470,-16384,732,0,0
1,3,470,471,-8192,541,0,0
1,3,466,467,24576,539,0,0
1,3,469,468,-26056,540,1,0
1,3,845,474,0,545,0,128
1,3,474,469,-8192,546,0,0
1,3,468,627,-32768,729,0,0
1,3,627,466,-32768,730,0,0
1,3,467,590,-32768,690,0,0
1,3,67,68,21437,70,0,0
1,3,850,77,0,79,0,55
1,3,77,78,-3355,80,0,0
1,3,78,79,-15001,81,0,0
1,3,79,67,-30212,82,0,0
1,3,68,69,28544,71,0,0
1,3,851,850,0,79,0,32
1,3,58,57,-11547,49,0,0
1,3,59,58,-4117,50,0,0
1,3,58,59,28650,50,1,0
1,3,69,852,-4223,71,1,0
1,3,59,69,16384,90,0,0
1,3,57,58,21220,49,1,0
1,3,67,57,-32768,69,0,0
1,3,68,67,-11330,70,1,0
1,3,852,68,-4223,71,1,83
1,3,69,70,-32768,72,0,0
1,3,853,74,3355,77,0,101
1,3,74,75,0,78,0,0
1,3,76,851,0,79,0,0
1,3,854,51,11547,44,0,71
1,3,51,52,4117,45,0,0
1,3,52,59,0,51,0,0
1,3,51,854,-21220,44,1,0
1,3,70,71,-28544,73,0,0
1,3,71,855,-21437,74,0,0
1,3,52,51,-28650,45,1,0
1,3,71,70,4223,73,1,0
1,3,855,71,11330,74,1,137
1,3,70,52,-16384,89,0,0
1,3,57,55,-16384,48,0,0
1,3,55,856,-32768,88,1,0
1,3,857,663,-16384,784,0,128
1,3,663,664,-32768,785,0,0
1,3,664,659,16384,786,0,0
1,3,436,858,-32768,525,0,0
1,3,501,499,-24576,584,0,0
1,3,457,502,8192,585,0,0
1,3,502,501,-8192,587,0,0
1,3,455,456,16384,522,0,0
1,3,437,455,-32768,523,0,0
1,3,456,457,0,524,0,0
1,3,858,437,-32768,525,0,104
1,3,859,436,24576,501,0,22
1,3,433,432,-32768,497,1,0
1,3,437,433,-16384,502,0,0
1,3,432,455,16384,521,0,0
1,3,455,437,0,523,1,0
1,3,499,860,-16384,582,0,0
1,3,841,501,-32768,583,0,64
1,3,502,503,9083,586,0,0
1,3,501,502,24576,587,1,0
1,3,551,549,-16384,650,0,0
1,3,614,625,16384,796,1,0
1,3,597,551,-24576,696,0,0
1,3,557,597,-16384,795,0,0
1,3,570,569,24576,667,0,0
1,3,571,570,28799,668,0,0
1,3,572,573,-28799,669,0,0
1,3,576,577,0,674,0,0
1,3,589,596,-16384,694,0,0
1,3,596,572,-26056,695,0,0
1,3,667,670,-32768,797,0,0
1,3,573,823,-32768,1004,0,0
1,3,823,667,-32768,1005,0,0
1,3,670,824,-32768,1006,0,0
1,3,824,825,-32768,1007,0,0
1,3,825,571,-32768,1008,0,0
1,3,661,669,10250,798,0,0
1,3,668,662,-10250,799,0,0
1,3,662,661,-32768,800,1,0
1,3,669,668,0,801,0,0
1,3,667,668,-16384,793,0,0
1,3,669,670,16384,794,0,0
1,3,670,667,0,797,1,0
1,3,668,669,-32768,801,1,0
1,3,660,661,16384,783,0,0
1,3,659,660,16384,792,0,0
1,3,661,861,0,800,0,0
1,3,751,752,-16384,914,0,0
1,3,662,857,-16384,784,0,0
1,3,862,662,0,800,0,104
1,3,753,754,16384,916,0,0
1,3,861,862,0,800,0,96
1,3,754,751,-32768,917,0,0
1,3,752,753,0,915,0,0
1,3,752,751,16384,914,1,0
1,3,753,752,-32768,915,1,0
1,3,754,753,-16384,916,1,0
1,3,751,754,0,917,1,0
1,3,657,658,16384,778,0,0
1,3,659,657,-32768,779,0,0
1,3,658,660,0,780,0,0
1,3,660,659,-16384,792,1,0
1,3,82,83,0,85,0,0
1,3,83,863,-16384,87,0,0
1,3,665,81,-32768,787,0,0
1,3,81,864,24576,791,0,0
1,3,84,85,-32768,86,0,0
1,3,863,84,-16384,87,0,48
1,3,85,665,31470,788,0,0
1,3,80,666,0,789,0,0
1,3,666,82,-1297,790,0,0
1,3,864,80,24576,791,0,67
1,3,75,80,16384,83,0,0
1,3,81,76,-16384,84,0,0
1,3,80,81,-8192,791,1,0
1,3,549,865,-24576,648,0,0
1,3,84,83,16384,87,1,0
1,3,658,657,-16384,778,1,0
1,3,83,658,0,781,0,0
1,3,657,84,-32768,782,0,0
1,3,563,564,8192,662,0,0
1,3,564,565,3968,663,0,0
1,3,566,567,-3968,664,0,0
1,3,584,585,-32768,681,0,0
1,3,567,595,-6711,692,0,0
1,3,595,588,-16384,693,0,0
1,3,565,826,0,1009,0,0
1,3,826,827,0,1010,0,0
1,3,827,828,0,1011,0,0
1,3,828,566,0,1012,0,0
1,3,581,582,-32768,678,0,0
1,3,582,583,24576,679,0,0
1,3,588,581,-16384,685,0,0
1,3,582,581,0,678,1,0
1,3,581,866,-16384,686,0,0
1,3,560,562,16384,660,0,0
1,3,562,563,13270,661,0,0
1,3,586,587,-24576,683,0,0
1,3,587,560,-32768,684,0,0
1,3,560,587,0,684,1,0
1,3,583,584,27931,680,0,0
1,3,585,586,-27931,682,0,0
1,3,585,867,0,681,1,0
1,3,586,585,4836,682,1,0
1,3,587,586,8192,683,1,0
1,3,610,611,-26209,713,0,0
1,3,583,582,-8192,679,1,0
1,3,584,583,-4836,680,1,0
1,3,867,584,0,681,1,124
1,3,613,612,26634,715,0,0
1,3,612,610,-32768,714,0,0
1,3,611,610,6558,713,1,0
1,3,610,612,0,714,1,0
1,3,612,613,-6133,715,1,0
1,3,834,611,-32768,1023,0,0
1,3,578,579,8192,676,0,0
1,3,579,580,0,677,0,0
1,3,580,589,-16384,687,0,0
1,3,580,579,-32768,677,1,0
1,3,866,580,-16384,686,0,32
1,3,575,576,-4836,673,0,0
1,3,577,578,4836,675,0,0
1,3,577,868,-32768,674,1,0
1,3,578,577,-27931,675,1,0
1,3,579,578,-24576,676,1,0
1,3,606,607,6133,710,0,0
1,3,575,574,24576,672,1,0
1,3,576,575,27931,673,1,0
1,3,868,576,-32768,674,1,144
1,3,609,608,-6133,712,0,0
1,3,608,606,0,711,0,0
1,3,607,606,-26634,710,1,0
1,3,606,608,-32768,711,1,0
1,3,608,609,26634,712,1,0
1,3,609,833,0,1021,0,0
1,3,607,613,16384,1024,0,0
1,3,833,834,16384,1022,0,0
1,3,613,607,-16384,1024,1,0
1,3,609,611,16384,1020,0,0
1,3,833,609,-32768,1021,1,0
1,3,834,833,-16384,1022,1,0
1,3,611,834,0,1023,1,0
1,3,611,609,-16384,1020,1,0
1,3,561,560,16384,670,0,0
1,3,574,561,-32768,671,1,0
1,3,869,560,0,658,0,160
1,3,561,558,-32768,659,0,0
1,3,560,561,-16384,670,1,0
1,3,568,561,16384,665,0,0
1,3,569,568,19497,666,0,0
1,3,561,574,0,671,0,0
1,3,574,575,-8192,672,0,0
1,3,556,557,-8192,655,0,0
1,3,558,556,-16384,656,0,0
1,3,635,636,16384,739,0,0
1,3,640,637,-16384,743,0,0
1,3,636,646,0,751,0,0
1,3,643,635,-32768,754,0,0
1,3,643,644,-16384,747,0,0
1,3,644,870,-32768,748,0,0
1,3,635,643,0,754,1,0
1,3,581,871,16384,685,1,0
1,3,580,581,16384,686,1,0
1,3,589,580,16384,687,1,0
1,3,636,635,-16384,739,1,0
1,3,870,589,-32768,748,0,64
1,3,871,588,16384,685,1,64
1,3,645,646,-16384,749,0,0
1,3,646,636,-32768,751,1,0
1,3,588,645,0,1025,0,0
1,3,637,638,0,740,0,0
1,3,642,643,-32768,746,0,0
1,3,639,640,-32768,742,0,0
1,3,646,592,0,750,0,0
1,3,872,44,16384,40,0,248
1,3,45,873,-16384,41,0,0
1,3,44,45,0,54,0,0
1,3,53,54,-16384,46,0,0
1,3,45,44,-32768,54,1,0
1,3,46,53,4223,61,0,0
1,3,54,655,-24576,774,0,0
1,3,655,45,-32768,775,0,0
1,3,44,656,-32768,776,0,0
1,3,656,46,24576,777,0,0
1,3,48,874,24576,43,0,0
1,3,61,60,-32768,58,0,0
1,3,60,48,-32768,60,0,0
1,3,856,875,0,88,0,32
1,3,46,47,16384,42,0,0
1,3,47,53,0,57,0,0
1,3,53,46,-28544,61,1,0
1,3,47,60,16384,55,0,0
1,3,61,53,-16384,56,0,0
1,3,53,47,-32768,57,1,0
1,3,60,61,0,58,1,0
1,3,55,56,-25521,47,0,0
1,3,56,61,-32768,59,0,0
1,3,875,55,0,88,0,336
1,3,63,64,0,64,0,0
1,3,64,65,-16384,65,0,0
1,3,65,62,-32768,66,0,0
1,3,62,63,16384,67,0,0
1,3,54,53,16384,46,1,0
1,3,62,54,-32768,62,0,0
1,3,53,63,0,63,0,0
1,3,63,62,-16384,67,1,0
1,3,403,404,-32768,469,0,0
1,3,404,407,16384,473,0,0
1,3,407,408,16384,474,0,0
1,3,408,409,0,475,0,0
1,3,876,403,-32768,503,0,144
1,3,404,405,-32768,470,0,0
1,3,405,406,16384,471,0,0
1,3,406,407,0,472,0,0
1,3,407,404,-16384,473,1,0
1,3,416,417,16384,482,0,0
1,3,417,418,7695,483,0,0
1,3,420,416,24576,485,0,0
1,3,421,420,-32768,486,0,0
1,3,422,421,-25072,487,0,0
1,3,426,422,-16384,491,0,0
1,3,877,427,0,492,0,63
1,3,427,426,-8192,493,0,0
1,3,416,420,-8192,485,1,0
1,3,417,416,-16384,482,1,0
1,3,418,419,14103,484,0,0
1,3,419,877,0,492,0,0
1,3,418,417,-25072,483,1,0
1,3,419,418,-18664,484,1,0
1,3,432,433,0,497,0,0
1,3,433,419,0,498,0,0
1,3,434,432,0,499,0,0
1,3,409,434,8192,500,0,0
1,3,421,422,7695,487,1,0
1,3,410,411,-32768,476,0,0
1,3,412,410,-32768,477,0,0
1,3,415,412,-32768,481,0,0
1,3,420,421,0,486,1,0
1,3,411,876,-32768,503,0,0
1,3,410,412,0,477,1,0
1,3,413,410,16384,478,0,0
1,3,412,414,-16384,479,0,0
1,3,414,413,-32768,480,0,0
1,3,878,879,0,503,1,48
1,3,496,495,-32768,578,0,0
1,3,497,496,-16384,579,0,0
1,3,495,498,16384,580,0,0
1,3,403,878,0,503,1,0
1,3,498,674,25521,808,0,0
1,3,674,403,16384,809,0,0
1,3,879,411,0,503,1,168
1,3,411,673,-16384,806,0,0
1,3,673,497,-26298,807,0,0
1,3,400,399,-32768,467,1,0
1,3,399,495,16384,576,0,0
1,3,496,400,-16384,577,0,0
1,3,495,496,0,578,1,0
1,3,880,3,-32768,1,0,32
1,3,3,813,16384,989,0,0
1,3,813,814,0,990,0,0
1,3,814,821,-16384,1001,0,0
1,3,0,1,-32768,0,0,0
1,3,2,880,-32768,1,0,0
1,3,881,0,-16384,994,0,64
1,3,821,822,0,1002,0,0
1,3,815,816,0,993,0,0
1,3,816,881,-16384,994,0,0
1,3,822,815,16384,1003,0,0
1,3,814,815,0,995,0,0
1,3,821,814,16384,1001,1,0
1,3,822,821,-32768,1002,1,0
1,3,815,822,-16384,1003,1,0
1,3,1,4,-16384,2,0,0
1,3,4,5,-32768,3,0,0
1,3,5,2,16384,4,0,0
1,3,814,28,16384,991,0,0
1,3,31,815,-16384,992,0,0
1,3,815,814,-32768,995,1,0
1,3,28,31,0,996,1,0
1,3,40,38,0,37,0,0
1,3,38,601,-18017,701,0,0
1,3,601,605,-32768,708,0,0
1,3,600,601,-32768,699,0,0
1,3,601,38,14750,701,1,0
1,3,38,600,-11769,988,0,0
1,3,882,33,0,32,0,32
1,3,33,40,-16384,53,0,0
1,3,33,882,-32768,32,1,0
1,3,883,43,0,39,0,80
1,3,43,542,-12587,636,0,0
1,3,542,33,-16384,637,0,0
1,3,601,600,0,699,1,0
1,3,600,603,-16384,704,0,0
1,3,604,601,16384,707,0,0
1,3,32,884,-32768,31,0,0
1,3,598,32,-32768,697,0,0
1,3,605,598,-16384,709,0,0
1,3,28,885,32294,29,0,0
1,3,886,31,-32294,30,0,209
1,3,884,32,0,31,1,32
1,3,32,598,0,697,1,0
1,3,603,599,0,705,0,0
1,3,598,604,0,706,0,0
1,3,31,28,-32768,996,0,0
1,3,19,20,0,16,0,0
1,3,20,22,-16384,19,0,0
1,3,41,19,16384,52,0,0
1,3,602,600,-32768,703,0,0
1,3,20,19,-32768,16,1,0
1,3,19,543,16384,638,0,0
1,3,543,544,12587,639,0,0
1,3,544,675,0,810,0,0
1,3,6,7,-32768,5,0,0
1,3,16,6,-16384,12,0,0
1,3,7,599,-32768,698,0,0
1,3,599,602,16384,702,0,0
1,3,7,6,0,5,1,0
1,3,887,886,-32294,30,0,192
1,3,599,7,0,698,1,0
1,3,13,14,16384,10,0,0
1,3,14,18,16384,15,1,0
1,3,18,21,16384,17,0,0
1,3,30,888,-32294,30,0,0
1,3,35,30,-24576,34,0,0
1,3,36,37,-8192,35,0,0
1,3,37,35,-16384,92,0,0
1,3,676,36,0,813,0,0
1,3,14,15,-32768,11,0,0
1,3,18,14,-16384,15,0,0
1,3,23,18,0,20,0,0
1,3,21,20,-32768,18,0,0
1,3,22,23,-8192,28,0,0
1,3,6,13,0,13,0,0
1,3,888,887,-32294,30,0,128
1,3,15,16,-24576,27,0,0
1,3,399,400,0,467,0,0
1,3,401,402,-32768,468,0,0
1,3,402,493,16384,572,0,0
1,3,494,401,-16384,573,0,0
1,3,400,494,0,574,0,0
1,3,493,399,0,575,0,0
1,3,402,401,0,468,1,0
1,3,675,402,16384,811,0,0
1,3,401,676,-16384,812,0,0
1,3,39,41,0,38,0,0
1,3,600,39,18017,700,0,0
1,3,38,39,0,36,0,0
1,3,39,600,-14750,700,1,0
1,3,600,38,20998,988,1,0
1,3,39,38,-32768,36,1,0
1,3,38,872,16384,40,0,0
1,3,873,39,-16384,41,0,264
1,3,454,492,16384,571,0,0
1,3,691,690,-10250,837,0,0
1,3,492,692,2280,838,0,0
1,3,692,691,0,839,0,0
1,3,454,439,-32768,519,0,0
1,3,439,438,16384,520,0,0
1,3,438,492,0,570,0,0
1,3,492,454,-16384,571,1,0
1,3,440,441,-2555,506,0,0
1,3,441,540,-8192,634,0,0
1,3,690,691,22517,837,1,0
1,3,540,889,-16384,850,0,0
1,3,691,737,0,893,0,0
1,3,737,440,0,894,0,0
1,3,772,770,24576,934,0,0
1,3,890,772,-32768,935,0,224
1,3,425,424,-16384,490,0,0
1,3,422,428,0,494,0,0
1,3,429,425,0,495,0,0
1,3,430,431,0,496,0,0
1,3,431,429,-16384,560,0,0
1,3,428,430,16384,561,0,0
1,3,424,425,16384,490,1,0
1,3,425,438,0,504,0,0
1,3,439,424,-32768,505,0,0
1,3,438,439,-16384,520,1,0
1,3,459,458,-32768,528,0,0
1,3,458,435,16384,581,0,0
1,3,860,459,-16384,582,0,64
1,3,435,859,24576,501,0,0
1,3,431,430,-32768,496,1,0
1,3,430,458,16384,526,0,0
1,3,459,431,-16384,527,0,0
1,3,458,459,0,528,1,0
1,3,687,688,16384,823,0,0
1,3,689,687,-32768,835,0,0
1,3,690,689,-16384,836,0,0
1,3,689,690,16384,836,1,0
1,3,693,891,-16384,840,0,0
1,3,694,693,-16384,841,0,0
1,3,889,694,-16384,850,0,48
1,3,688,677,-32768,824,0,0
1,3,677,453,30566,825,0,0
1,3,452,453,5636,517,0,0
1,3,453,677,-2201,825,1,0
1,3,677,678,-26056,814,0,0
1,3,678,452,30709,826,0,0
1,3,451,452,8192,516,0,0
1,3,678,679,-21220,815,0,0
1,3,452,678,-2058,826,1,0
1,3,679,451,30946,827,0,0
1,3,450,451,14325,515,0,0
1,3,679,680,-16384,816,0,0
1,3,451,679,-1821,827,1,0
1,3,680,450,32189,828,0,0
1,3,423,415,-26209,488,0,0
1,3,424,423,-22210,489,0,0
1,3,453,454,16384,518,0,0
1,3,449,450,16384,514,0,0
1,3,680,681,-16384,817,0,0
1,3,450,680,-578,828,1,0
1,3,681,449,-32768,829,0,0
1,3,448,449,16384,513,0,0
1,3,681,682,-16384,818,0,0
1,3,449,681,0,829,1,0
1,3,682,448,-31613,830,0,0
1,3,447,448,18442,512,0,0
1,3,682,683,-11547,819,0,0
1,3,448,682,1154,830,1,0
1,3,683,447,-29941,831,0,0
1,3,446,447,24576,511,0,0
1,3,683,684,-8192,820,0,0
1,3,447,683,2826,831,1,0
1,3,684,446,-27657,832,0,0
1,3,445,446,28544,510,0,0
1,3,684,685,0,821,0,0
1,3,446,684,5110,832,1,0
1,3,685,445,-23536,833,0,0
1,3,444,445,-32768,509,0,0
1,3,445,685,9231,833,1,0
1,3,685,444,-16384,834,0,0
1,3,442,443,-29412,507,0,0
1,3,443,444,-32768,508,0,0
1,3,892,442,-20746,635,0,17
1,3,685,686,0,822,0,0
1,3,444,685,16384,834,1,0
1,3,541,892,-20746,635,0,0
1,3,687,689,0,835,1,0
1,3,891,541,-16384,840,0,96
1,3,686,736,16384,891,0,0
1,3,736,687,16384,892,0,0
1,3,701,711,12415,853,0,0
1,3,711,712,0,854,0,0
1,3,712,713,-8192,855,0,0
1,3,743,741,-32768,902,0,0
1,3,713,744,-16384,903,0,0
1,3,744,745,-32768,904,0,0
1,3,746,743,-32768,905,0,0
1,3,745,746,-32768,913,0,0
1,3,773,893,-32768,935,0,0
1,3,774,773,-24576,936,0,0
1,3,702,701,16384,845,1,0
1,3,740,702,-32768,899,0,0
1,3,741,740,-22210,900,0,0
1,3,703,704,-32768,846,0,0
1,3,714,703,-32768,856,0,0
1,3,704,742,16384,901,0,0
1,3,749,748,0,908,0,0
1,3,742,749,10969,909,0,0
1,3,747,750,0,910,0,0
1,3,750,714,-16384,911,0,0
1,3,748,747,0,912,0,0
1,3,745,747,-16384,906,0,0
1,3,748,746,16384,907,0,0
1,3,747,748,-32768,912,1,0
1,3,746,745,0,913,1,0
1,3,693,694,16384,841,1,0
1,3,695,696,-16384,842,0,0
1,3,694,734,0,887,0,0
1,3,734,695,0,888,0,0
1,3,696,735,-32768,889,0,0
1,3,735,693,-32768,890,0,0
1,3,696,695,16384,842,1,0
1,3,697,698,-16384,843,0,0
1,3,695,697,0,851,0,0
1,3,698,696,-32768,862,0,0
1,3,894,890,-32768,935,0,160
1,3,698,697,16384,843,1,0
1,3,699,700,-16384,844,0,0
1,3,697,699,0,852,0,0
1,3,700,698,-32768,861,0,0
1,3,700,699,16384,844,1,0
1,3,701,702,-16384,845,0,0
1,3,702,738,-32768,895,0,0
1,3,738,700,-32768,896,0,0
1,3,699,739,0,897,0,0
1,3,739,701,0,898,0,0
1,3,893,894,-32768,935,0,96
1,3,895,707,0,848,1,48
1,3,709,710,-32768,849,0,0
1,3,707,732,-16384,883,0,0
1,3,732,709,-16384,884,0,0
1,3,710,709,0,849,1,0
1,3,709,715,-8192,863,0,0
1,3,716,710,6133,864,0,0
1,3,717,716,16384,865,0,0
1,3,896,720,-16384,868,0,96
1,3,720,721,-16384,869,0,0
1,3,721,722,-32768,870,0,0
1,3,722,723,-32768,871,0,0
1,3,723,717,-32768,872,0,0
1,3,715,718,0,866,0,0
1,3,718,719,-16384,867,0,0
1,3,719,896,-16384,868,0,0
1,3,719,718,16384,867,1,0
1,3,720,719,16384,868,1,0
1,3,721,720,16384,869,1,0
1,3,718,725,16384,874,0,0
1,3,725,728,0,877,0,0
1,3,728,897,-19286,880,0,0
1,3,722,721,0,870,1,0
1,3,723,722,0,871,1,0
1,3,717,723,0,872,1,0
1,3,724,717,0,873,0,0
1,3,726,724,16384,875,0,0
1,3,897,730,-19286,880,0,399
1,3,730,731,-24576,881,0,0
1,3,731,726,-30487,882,0,0
1,3,731,730,8192,881,1,0
1,3,727,726,-32768,876,0,0
1,3,898,727,-24576,879,0,271
1,3,726,731,2280,882,1,0
1,3,728,729,-16384,878,0,0
1,3,729,898,-24576,879,0,0
1,3,730,728,13481,880,1,0
1,3,708,895,0,848,1,0
1,3,710,733,16384,885,0,0
1,3,733,708,16384,886,0,0
1,3,704,703,0,846,1,0
1,3,705,706,-32768,847,0,0
1,3,703,705,-16384,857,0,0
1,3,706,704,16384,860,0,0
1,3,706,705,0,847,1,0
1,3,707,708,-32768,848,0,0
1,3,705,707,-16384,858,0,0
1,3,708,706,16384,859,0,0
1,3,10,11,-32768,7,0,0
1,3,11,17,16384,14,0,0
1,3,17,27,0,24,0,0
1,3,17,11,-16384,14,1,0
1,3,899,900,16384,91,0,160
1,3,9,10,24576,26,0,0
1,3,8,9,16384,6,0,0
1,3,884,8,-32768,31,0,32
1,3,885,901,32294,29,0,128
1,3,8,884,0,31,1,0
1,3,11,12,-16384,8,0,0
1,3,902,29,32301,29,0,224
1,3,29,34,24576,33,0,0
1,3,34,899,16384,91,0,0
1,3,12,8,0,9,0,0
1,3,901,902,32279,29,0,160
1,3,27,24,8192,25,0,0
1,3,25,26,-32768,22,0,0
1,3,882,25,-32768,32,1,96
1,3,42,883,0,39,0,0
1,3,903,377,8192,437,0,22
1,3,378,42,8192,440,0,0
1,3,24,25,16384,21,0,0
1,3,25,882,0,32,0,0
1,3,26,17,-16384,23,0,0
1,3,900,86,16384,91,0,416
1,3,86,903,8192,437,0,0
1,3,295,296,8192,329,0,0
1,3,377,295,24576,438,0,0
1,3,296,378,-8192,439,0,0
1,3,296,295,-24576,329,1,0
1,3,295,297,24576,330,0,0
1,3,298,296,-8192,331,0,0
1,3,297,298,8192,332,1,0
1,3,89,90,-16384,94,0,0
1,3,92,99,16384,104,0,0
1,3,99,89,0,105,0,0
1,3,90,301,-32768,336,0,0
1,3,89,99,-32768,105,1,0
1,3,100,101,0,106,0,0
1,3,99,545,16384,640,0,0
1,3,545,100,16384,641,0,0
1,3,101,546,-16384,642,0,0
1,3,546,89,-16384,643,0,0
1,3,101,100,-32768,106,1,0
1,3,102,103,0,107,0,0
1,3,103,101,-16384,110,0,0
1,3,100,102,16384,111,0,0
1,3,91,92,0,95,0,0
1,3,93,91,0,96,0,0
1,3,382,93,18939,444,0,0
1,3,381,382,8192,443,0,0
1,3,94,95,-32768,97,0,0
1,3,114,94,-32768,123,0,0
1,3,904,114,-16384,538,0,56
1,3,91,93,-32768,96,1,0
1,3,95,94,0,97,1,0
1,3,93,95,16384,102,0,0
1,3,94,91,-16384,103,0,0
1,3,300,299,-24576,335,0,0
1,3,301,300,-24576,337,0,0
1,3,299,905,-24576,338,0,0
1,3,298,297,-24576,332,0,0
1,3,297,299,-32768,333,0,0
1,3,300,298,-16384,334,0,0
1,3,299,300,8192,335,1,0
1,3,129,130,-16384,135,0,0
1,3,148,129,0,157,0,0
1,3,130,155,-32768,170,0,0
1,3,155,148,16384,172,1,0
1,3,130,129,16384,135,1,0
1,3,129,149,0,158,0,0
1,3,154,130,-32768,169,0,0
1,3,149,154,-16384,173,0,0
1,3,127,128,-16384,134,0,0
1,3,149,127,0,159,0,0
1,3,128,154,-32768,168,0,0
1,3,154,149,16384,173,1,0
1,3,128,127,16384,134,1,0
1,3,127,150,0,160,0,0
1,3,153,128,-32768,167,0,0
1,3,150,153,-16384,174,0,0
1,3,906,464,0,542,0,16
1,3,103,102,-32768,107,1,0
1,3,104,105,0,108,0,0
1,3,105,103,-16384,109,0,0
1,3,102,104,16384,112,0,0
1,3,105,104,-32768,108,1,0
1,3,120,105,-16384,129,0,0
1,3,104,121,16384,138,0,0
1,3,125,126,-16384,133,0,0
1,3,150,125,0,161,0,0
1,3,126,153,-32768,166,0,0
1,3,153,150,16384,174,1,0
1,3,126,125,16384,133,1,0
1,3,125,151,0,162,0,0
1,3,152,126,-32768,165,0,0
1,3,151,152,-16384,175,0,0
1,3,123,122,-16384,132,0,0
1,3,151,123,0,163,0,0
1,3,122,152,-32768,164,0,0
1,3,152,151,16384,175,1,0
1,3,121,122,-32768,130,0,0
1,3,123,124,0,131,0,0
1,3,122,123,16384,132,1,0
1,3,464,465,0,536,0,0
1,3,465,904,-16384,538,0,0
1,3,462,463,0,535,0,0
1,3,465,464,-32768,536,1,0
1,3,463,465,-16384,537,0,0
1,3,464,462,16384,543,0,0
1,3,124,134,16384,139,0,0
1,3,137,138,-16384,142,0,0
1,3,138,136,-16384,143,0,0
1,3,134,135,24576,140,0,0
1,3,135,907,16384,154,0,0
1,3,136,120,-8192,141,0,0
1,3,138,137,16384,142,1,0
1,3,145,138,-32768,149,0,0
1,3,137,144,0,150,0,0
1,3,144,145,-16384,153,0,0
1,3,140,141,-16384,145,0,0
1,3,144,140,0,147,0,0
1,3,141,145,-32768,148,0,0
1,3,145,144,16384,153,1,0
1,3,874,49,24576,43,0,11
1,3,49,856,0,88,0,0
1,3,856,49,-32768,88,1,416
1,3,49,672,16384,804,0,0
1,3,142,143,16384,146,0,0
1,3,143,671,0,803,0,0
1,3,672,142,-32768,805,0,0
1,3,141,140,16384,145,1,0
1,3,143,142,-16384,146,1,0
1,3,142,141,-32768,151,0,0
1,3,140,143,0,152,0,0
1,3,106,107,8192,113,0,0
1,3,107,460,-8192,529,0,0
1,3,461,106,24576,530,0,0
1,3,460,461,-24576,532,0,0
1,3,107,106,-24576,113,1,0
1,3,108,109,8192,114,0,0
1,3,109,107,-8192,119,0,0
1,3,106,108,24576,120,0,0
1,3,109,108,-24576,114,1,0
1,3,110,111,8192,115,0,0
1,3,111,109,-8192,118,0,0
1,3,108,110,24576,121,0,0
1,3,111,110,-24576,115,1,0
1,3,112,113,8192,116,0,0
1,3,113,111,-8192,117,0,0
1,3,110,112,24576,122,0,0
1,3,95,115,-32768,124,0,0
1,3,115,908,24576,125,0,0
1,3,132,906,0,542,0,0
1,3,131,132,-16384,136,0,0
1,3,155,131,-32768,171,0,0
1,3,148,155,-16384,172,0,0
1,3,379,380,8192,442,0,0
1,3,380,381,8192,531,0,0
1,3,909,379,-2555,441,0,44
1,3,381,380,-24576,531,1,0
1,3,461,460,8192,532,1,0
1,3,380,461,24576,533,0,0
1,3,460,381,-8192,534,0,0
1,3,908,116,24576,125,0,130
1,3,116,117,16384,126,0,0
1,3,117,118,0,127,0,0
1,3,118,133,-16384,137,0,0
1,3,133,148,0,156,0,0
1,3,157,156,-32768,179,0,0
1,3,910,157,-19161,647,0,24
1,3,118,117,-32768,127,1,0
1,3,117,156,16384,176,0,0
1,3,157,118,-16384,177,0,0
1,3,156,157,0,179,1,0
1,3,162,163,8192,183,0,0
1,3,163,170,-13028,192,0,0
1,3,171,162,29412,195,0,0
1,3,911,112,-24576,116,1,45
1,3,112,171,24576,194,0,0
1,3,113,911,-24576,116,1,0
1,3,170,113,-8192,193,0,0
1,3,163,162,-24576,183,1,0
1,3,162,168,24576,186,0,0
1,3,169,163,-8192,191,0,0
1,3,168,169,8192,216,0,0
1,3,164,165,8192,184,0,0
1,3,168,164,24576,187,0,0
1,3,165,169,-8192,190,0,0
1,3,169,168,-24576,216,1,0
1,3,156,912,19161,644,0,0
1,3,165,164,-24576,184,1,0
1,3,166,167,8192,185,0,0
1,3,164,166,24576,188,0,0
1,3,167,165,-8192,189,0,0
1,3,326,913,-16384,366,0,0
1,3,914,326,0,367,0,16
1,3,351,915,-31045,383,0,0
1,3,352,351,-27616,384,0,0
1,3,913,327,-16384,366,0,14
1,3,353,354,16384,386,0,0
1,3,916,353,-32768,445,0,232
1,3,354,352,-32768,387,0,0
1,3,917,98,-16384,99,0,112
1,3,98,119,-16384,128,0,0
1,3,374,375,0,434,0,0
1,3,119,916,-32768,445,0,0
1,3,97,917,-16384,99,0,0
1,3,918,372,0,431,0,128
1,3,372,97,-16384,432,0,0
1,3,375,376,16384,435,0,0
1,3,327,918,0,431,0,0
1,3,376,373,-32768,436,0,0
1,3,373,374,-16384,433,0,0
1,3,374,373,16384,433,1,0
1,3,375,374,-32768,434,1,0
1,3,376,375,-16384,435,1,0
1,3,373,376,0,436,1,0
1,3,87,88,16384,93,0,0
1,3,88,96,16384,98,0,0
1,3,905,302,-24576,338,0,67
1,3,96,909,-2555,441,0,0
1,3,302,87,-32768,466,0,0
1,3,96,88,-16384,98,1,0
1,3,98,97,16384,99,1,0
1,3,88,98,-32768,100,0,0
1,3,97,96,0,101,0,0
1,3,184,185,-8192,207,0,0
1,3,198,919,8192,220,0,0
1,3,261,262,24576,290,0,0
1,3,262,263,24576,291,0,0
1,3,263,264,24576,292,0,0
1,3,264,198,24576,293,0,0
1,3,262,261,-8192,290,1,0
1,3,261,265,-24576,294,0,0
1,3,266,262,8192,295,0,0
1,3,265,266,24576,298,0,0
1,3,264,263,-8192,292,1,0
1,3,263,267,-24576,296,0,0
1,3,268,264,8192,297,0,0
1,3,267,268,24576,299,0,0
1,3,268,267,-8192,299,1,0
1,3,267,329,-24576,368,0,0
1,3,330,268,8192,369,0,0
1,3,329,330,24576,372,1,0
1,3,349,350,1154,382,0,0
1,3,328,914,0,367,0,0
1,3,350,328,3742,385,0,0
1,3,920,183,-24576,206,0,147
1,3,183,261,24576,289,0,0
1,3,176,177,8192,200,0,0
1,3,182,920,-24576,206,0,0
1,3,177,921,24576,201,0,0
1,3,181,176,-8192,204,0,0
1,3,185,181,8192,217,0,0
1,3,922,184,-24576,208,0,22
1,3,187,923,24576,209,0,0
1,3,924,187,-24576,757,0,56
1,3,174,173,-24576,198,0,0
1,3,172,175,-24576,199,0,0
1,3,925,174,-8192,202,0,56
1,3,175,182,24576,205,0,0
1,3,167,166,-24576,185,1,0
1,3,166,172,24576,196,0,0
1,3,173,167,-8192,197,0,0
1,3,348,349,17681,381,0,0
1,3,915,348,-31045,383,0,175
1,3,349,348,-15086,381,1,0
1,3,355,356,16384,388,0,0
1,3,356,349,0,414,0,0
1,3,348,355,-32768,415,0,0
1,3,346,347,15732,380,0,0
1,3,356,355,-16384,388,1,0
1,3,347,356,0,413,0,0
1,3,355,346,-32768,416,0,0
1,3,347,346,-17035,380,1,0
1,3,357,358,15162,389,0,0
1,3,358,347,-3355,412,0,0
1,3,346,357,-32768,417,0,0
1,3,344,345,14562,379,0,0
1,3,358,357,-17605,389,1,0
1,3,345,358,-3355,411,0,0
1,3,357,344,30212,418,0,0
1,3,345,344,-18205,379,1,0
1,3,359,360,13224,390,0,0
1,3,360,345,-4836,410,0,0
1,3,344,359,27931,419,0,0
1,3,342,343,12415,378,0,0
1,3,360,359,-19543,390,1,0
1,3,343,360,-3355,409,0,0
1,3,359,342,27931,420,0,0
1,3,343,342,-20352,378,1,0
1,3,361,362,10969,391,0,0
1,3,362,343,-4836,408,0,0
1,3,342,361,27931,421,0,0
1,3,340,341,9544,377,0,0
1,3,362,361,-21798,391,1,0
1,3,341,362,-4836,407,0,0
1,3,361,340,27931,422,0,0
1,3,341,340,-23223,377,1,0
1,3,363,364,7738,392,0,0
1,3,364,341,-4836,406,0,0
1,3,340,363,26056,423,0,0
1,3,338,339,6469,376,0,0
1,3,364,363,-25029,392,1,0
1,3,339,364,-8192,405,0,0
1,3,363,338,26056,424,0,0
1,3,339,338,-26298,376,1,0
1,3,365,366,5344,393,0,0
1,3,366,339,-8192,404,0,0
1,3,338,365,26056,425,0,0
1,3,336,337,3355,375,0,0
1,3,366,365,-27423,393,1,0
1,3,337,366,-11547,403,0,0
1,3,365,336,22020,426,0,0
1,3,337,336,-29412,375,1,0
1,3,367,368,2280,394,0,0
1,3,368,337,-11547,402,0,0
1,3,336,367,18939,427,0,0
1,3,334,335,1093,374,0,0
1,3,368,367,-30487,394,1,0
1,3,335,368,-16384,401,0,0
1,3,367,334,18939,428,0,0
1,3,335,334,-31674,374,1,0
1,3,369,370,0,395,0,0
1,3,370,335,-16384,400,0,0
1,3,334,369,16384,429,0,0
1,3,332,333,-548,373,0,0
1,3,370,369,-32768,395,1,0
1,3,333,370,-16384,399,0,0
1,3,369,332,16384,430,0,0
1,3,332,331,13828,371,0,0
1,3,333,332,32219,373,1,0
1,3,331,371,-1633,396,0,0
1,3,371,333,-21220,398,0,0
1,3,331,330,9825,370,0,0
1,3,330,329,-8192,372,0,0
1,3,371,331,31134,396,1,0
1,3,329,371,-21220,397,0,0
1,3,926,232,2280,257,0,123
1,3,232,233,0,258,0,0
1,3,233,234,-4449,259,0,0
1,3,234,235,-8804,260,0,0
1,3,235,927,-13828,261,0,0
1,3,252,253,30487,279,0,0
1,3,927,928,-13828,261,0,31
1,3,251,252,22020,278,0,0
1,3,253,929,-31613,280,0,0
1,3,252,251,-10747,278,1,0
1,3,253,252,-2280,279,1,0
1,3,929,253,1154,280,1,32
1,3,281,282,-32768,312,0,0
1,3,928,236,-13828,261,0,82
1,3,236,930,-15732,262,0,0
1,3,240,241,-32768,265,0,0
1,3,241,250,15516,276,0,0
1,3,250,251,18939,277,0,0
1,3,250,241,-17251,276,1,0
1,3,251,250,-13828,277,1,0
1,3,931,272,16384,302,0,16
1,3,278,279,8192,309,0,0
1,3,241,651,-32768,764,0,0
1,3,271,931,16384,302,0,0
1,3,651,238,-25521,765,0,0
1,3,213,212,-24576,240,0,0
1,3,238,213,-19739,263,0,0
1,3,212,652,-32768,766,0,0
1,3,277,278,0,308,0,0
1,3,279,280,16384,310,0,0
1,3,280,281,24576,311,0,0
1,3,282,283,-24576,313,0,0
1,3,283,284,-16384,314,0,0
1,3,284,277,-8192,315,0,0
1,3,932,228,18749,253,0,51
1,3,228,229,15910,254,0,0
1,3,229,230,10747,255,0,0
1,3,230,231,5753,256,0,0
1,3,231,933,2280,257,0,0
1,3,255,256,-19961,282,0,0
1,3,933,926,2280,257,0,48
1,3,929,254,-31613,280,0,112
1,3,254,255,-26634,281,0,0
1,3,256,257,-16384,283,0,0
1,3,257,258,-13828,284,0,0
1,3,258,259,-8992,285,0,0
1,3,254,929,1154,280,1,0
1,3,255,254,6133,281,1,0
1,3,256,255,12806,282,1,0
1,3,257,256,16384,283,1,0
1,3,934,257,18939,284,1,33
1,3,274,275,-24576,305,0,0
1,3,258,934,18939,284,1,0
1,3,259,258,23775,285,1,0
1,3,214,259,27931,286,1,0
1,3,269,270,0,300,0,0
1,3,652,214,-32768,767,0,0
1,3,270,271,8192,301,0,0
1,3,272,273,24576,303,0,0
1,3,273,274,-32768,304,0,0
1,3,275,276,-16384,306,0,0
1,3,276,269,-8192,307,0,0
1,3,214,215,-24576,241,0,0
1,3,225,226,25376,251,0,0
1,3,226,227,21220,252,0,0
1,3,227,932,18749,253,0,0
1,3,215,224,-24576,275,0,0
1,3,259,214,-4836,286,0,0
1,3,224,260,-31287,287,0,0
1,3,260,225,30212,288,0,0
1,3,215,216,-4836,242,0,0
1,3,216,217,-10250,243,0,0
1,3,223,224,29412,250,0,0
1,3,224,215,8192,275,1,0
1,3,221,222,16384,248,0,0
1,3,222,223,24576,249,0,0
1,3,244,303,3968,339,0,0
1,3,303,312,-8192,350,0,0
1,3,245,244,16384,763,0,0
1,3,245,246,-32768,269,0,0
1,3,246,247,30212,270,0,0
1,3,244,245,-16384,763,1,0
1,3,303,311,0,347,0,0
1,3,311,312,-16384,348,0,0
1,3,312,303,24576,350,1,0
1,3,311,303,-32768,347,1,0
1,3,312,311,16384,348,1,0
1,3,306,312,-32768,349,1,0
1,3,306,307,-16384,342,0,0
1,3,308,309,-32768,343,0,0
1,3,309,310,28799,344,0,0
1,3,310,304,16384,345,0,0
1,3,307,308,-32768,346,0,0
1,3,312,306,0,349,0,0
1,3,304,245,22517,340,0,0
1,3,935,285,24576,318,1,237
1,3,285,288,8192,320,0,0
1,3,308,307,0,346,1,0
1,3,315,308,16384,353,0,0
1,3,320,315,24576,358,0,0
1,3,239,240,-31045,274,0,0
1,3,239,242,-16384,266,0,0
1,3,247,248,24576,271,0,0
1,3,248,249,18939,272,0,0
1,3,249,240,13828,273,0,0
1,3,240,239,1722,274,1,0
1,3,303,305,16384,341,0,0
1,3,305,323,0,361,0,0
1,3,323,325,-16384,364,0,0
1,3,930,237,-15732,262,0,67
1,3,237,239,-30212,264,0,0
1,3,242,243,-8192,267,0,0
1,3,243,244,0,268,0,0
1,3,186,922,-24576,208,0,0
1,3,189,190,-24576,211,0,0
1,3,192,193,8192,213,0,0
1,3,195,196,-24576,219,0,0
1,3,919,199,8192,220,0,45
1,3,199,200,8192,221,0,0
1,3,200,192,8192,222,0,0
1,3,193,205,8192,229,0,0
1,3,206,207,8192,230,0,0
1,3,205,206,8192,231,0,0
1,3,207,285,-8192,316,0,0
1,3,285,936,-8192,318,0,0
1,3,937,189,24576,210,0,67
1,3,936,935,-8192,318,0,22
1,3,921,178,24576,201,0,11
1,3,178,938,8192,218,0,0
1,3,190,191,-8192,212,0,0
1,3,194,195,24576,214,0,0
1,3,191,939,-24576,755,0,0
1,3,939,647,-24576,755,0,101
1,3,650,194,8192,760,0,0
1,3,647,650,24576,762,0,0
1,3,923,186,24576,209,0,124
1,3,196,197,-8192,215,0,0
1,3,648,924,-24576,757,0,0
1,3,197,649,8192,758,0,0
1,3,649,648,-8192,761,0,0
1,3,647,648,-24576,756,0,0
1,3,649,650,8192,759,0,0
1,3,648,649,24576,761,1,0
1,3,650,647,-8192,762,1,0
1,3,200,199,-24576,221,1,0
1,3,199,201,24576,223,0,0
1,3,201,202,8192,224,0,0
1,3,202,200,-8192,225,0,0
1,3,193,192,-24576,213,1,0
1,3,192,203,24576,226,0,0
1,3,203,204,8192,227,0,0
1,3,204,193,-8192,228,0,0
1,3,206,205,-24576,231,1,0
1,3,205,208,24576,232,0,0
1,3,208,209,8192,233,0,0
1,3,209,206,-8192,234,0,0
1,3,210,211,-24576,235,0,0
1,3,211,212,24576,238,0,0
1,3,213,210,-8192,239,0,0
1,3,212,213,8192,240,1,0
1,3,209,208,-24576,233,1,0
1,3,211,210,8192,235,1,0
1,3,210,209,-8192,236,0,0
1,3,208,211,24576,237,0,0
1,3,217,218,-16384,244,0,0
1,3,218,219,-21220,245,0,0
1,3,219,220,26056,246,0,0
1,3,220,221,10747,247,0,0
1,3,180,940,-24576,203,0,0
1,3,188,937,24576,210,0,0
1,3,286,180,-8192,317,0,0
1,3,935,286,-8192,318,0,34
1,3,940,179,-24576,203,0,135
1,3,938,188,8192,218,0,203
1,3,286,935,24576,318,1,0
1,3,287,286,-24576,319,0,0
1,3,288,287,-8192,321,0,0
1,3,179,925,-8192,202,0,0
1,3,158,159,0,178,0,0
1,3,912,547,19161,644,0,66
1,3,547,158,16384,645,0,0
1,3,159,548,-16384,646,0,0
1,3,548,910,-19161,647,0,0
1,3,159,158,-32768,178,1,0
1,3,158,160,16384,180,0,0
1,3,160,161,0,181,0,0
1,3,161,159,-16384,182,0,0
1,3,161,160,-32768,181,1,0
1,3,160,289,16384,322,0,0
1,3,289,290,8192,323,0,0
1,3,291,161,-16384,324,0,0
1,3,941,291,-32768,328,0,48
1,3,396,391,0,462,1,0
1,3,653,396,16384,770,0,0
1,3,391,654,-16384,771,0,0
1,3,654,653,-32768,773,0,0
1,3,395,393,-32768,463,0,0
1,3,393,653,16384,769,0,0
1,3,654,395,-16384,772,0,0
1,3,653,654,0,773,1,0
1,3,392,393,21798,456,0,0
1,3,394,392,-32768,459,0,0
1,3,395,394,-16384,460,0,0
1,3,393,395,0,463,1,0
1,3,290,292,16384,325,0,0
1,3,292,293,0,326,0,0
1,3,293,294,-16384,327,0,0
1,3,294,941,-32768,328,0,0
1,3,293,292,-32768,326,1,0
1,3,292,392,16384,457,0,0
1,3,394,293,-16384,458,0,0
1,3,392,394,0,459,1,0
1,3,316,306,-32768,354,0,0
1,3,325,324,0,365,0,0
1,3,324,383,-16384,446,0,0
1,3,383,316,-16384,447,0,0
1,3,321,322,-8192,360,0,0
1,3,323,321,0,362,0,0
1,3,322,324,-16384,363,0,0
1,3,325,323,16384,364,1,0
1,3,324,325,-32768,365,1,0
1,3,384,385,-8192,448,0,0
1,3,387,388,-32768,450,0,0
1,3,388,389,23095,451,0,0
1,3,389,390,16384,454,0,0
1,3,390,384,0,768,0,0
1,3,316,383,16384,447,1,0
1,3,389,316,-32768,452,0,0
1,3,383,390,0,453,0,0
1,3,390,389,-16384,454,1,0
1,3,317,318,-32768,355,0,0
1,3,314,319,0,356,0,0
1,3,319,317,-16384,357,0,0
1,3,318,320,29865,359,0,0
1,3,307,313,-11547,351,0,0
1,3,313,314,-3968,352,0,0
1,3,385,391,-16384,455,0,0
1,3,396,386,16384,461,0,0
1,3,391,396,-32768,462,0,0
1,3,386,387,24576,449,0,0
1,3,615,616,-16384,717,0,0
1,3,619,620,16384,720,0,0
1,3,621,622,16384,723,0,0
1,3,622,623,0,724,0,0
1,3,623,624,-16384,725,0,0
1,3,614,615,-24576,716,0,0
1,3,624,625,-8192,726,0,0
1,3,625,614,-16384,796,0,0
1,3,624,623,16384,725,1,0
1,3,625,624,24576,726,1,0
1,3,615,614,8192,716,1,0
1,3,616,615,16384,717,1,0
1,3,942,869,0,658,0,64
1,3,623,622,-32768,724,1,0
1,3,593,594,16384,691,0,0
1,3,620,593,24576,721,0,0
1,3,594,621,8192,722,0,0
1,3,594,593,-16384,691,1,0
1,3,555,559,16384,657,0,0
1,3,559,942,0,658,0,0
1,3,621,594,-24576,722,1,0
1,3,622,621,-16384,723,1,0
1,3,550,552,16384,651,0,0
1,3,620,619,-16384,720,1,0
1,3,593,620,-8192,721,1,0
1,3,619,626,-32768,727,1,0
1,3,943,550,8192,649,0,45
1,3,552,553,24576,652,0,0
1,3,553,554,16384,653,0,0
1,3,554,555,8192,654,0,0
1,3,139,137,-6469,144,0,0
1,3,855,66,-21437,74,0,34
1,3,66,72,29865,75,0,0
1,3,72,944,15344,76,0,0
1,3,398,147,-24576,465,0,0
1,3,488,398,-16384,564,0,0
1,3,397,489,16384,565,0,0
1,3,489,488,0,568,0,0
1,3,147,139,-16384,155,0,0
1,3,907,146,16384,154,0,8
1,3,146,397,8192,464,0,0
1,3,50,854,11547,44,0,0
1,3,671,50,16384,802,0,0
1,3,854,50,-21220,44,1,71
1,3,50,66,-32768,68,0,0
1,3,66,855,11330,74,1,0
1,3,616,617,-24576,718,0,0
1,3,617,618,-32768,719,0,0
1,3,626,619,0,727,0,0
1,3,618,626,16384,728,0,0
1,3,618,617,0,719,1,0
1,3,945,491,16384,567,0,64
1,3,491,943,8192,649,0,0
1,3,626,618,-16384,728,1,0
1,3,490,945,16384,567,0,0
1,3,487,490,-32768,569,0,0
1,3,487,488,-16384,563,0,0
1,3,489,490,16384,566,0,0
1,3,488,489,-32768,568,1,0
1,3,490,487,0,569,1,0
1,3,865,486,-24576,648,0,45
1,3,617,616,8192,718,1,0
1,3,944,73,15344,76,0,160
1,3,73,853,3355,77,0,0
1,3,486,487,-18939,562,0,0
