episode,mission,vertex_1,vertex_2,angle,line,side,offset
1,4,107,106,-16384,81,0,0
1,4,108,107,-11547,82,0,0
1,4,109,110,11547,83,0,0
1,4,105,113,-16384,86,0,0
1,4,113,114,-24576,87,0,0
1,4,115,116,24576,88,0,0
1,4,116,109,16384,89,0,0
1,4,110,108,0,110,0,0
1,4,114,115,-32768,457,0,0
1,4,106,105,-16384,458,0,0
1,4,133,112,-16384,106,0,0
1,4,111,137,16384,109,0,0
1,4,112,111,-32768,698,0,0
1,4,110,111,16384,84,0,0
1,4,112,108,-16384,85,0,0
1,4,108,110,-32768,110,1,0
1,4,111,112,0,698,1,0
1,4,117,118,-10250,91,0,0
1,4,118,119,-16384,92,0,0
1,4,122,121,10250,95,0,0
1,4,123,122,16384,96,0,0
1,4,121,117,0,605,0,0
1,4,114,117,-16384,90,0,0
1,4,121,115,16384,94,0,0
1,4,115,114,0,457,1,0
1,4,117,121,-32768,605,1,0
1,4,150,151,-21220,119,0,0
1,4,587,588,12021,667,0,0
1,4,588,673,4362,668,0,0
1,4,151,587,-32768,670,0,0
1,4,673,588,-28405,668,1,140
1,4,674,675,8192,366,0,5
1,4,588,587,-20746,667,1,0
1,4,153,154,-11547,121,0,0
1,4,676,585,28405,665,0,140
1,4,585,586,20746,666,0,0
1,4,586,153,0,671,0,0
1,4,585,676,-4362,665,1,0
1,4,587,586,-16384,688,0,0
1,4,151,366,-13828,339,0,0
1,4,369,153,-18939,344,0,0
1,4,366,369,-16384,345,0,0
1,4,587,151,0,670,1,0
1,4,153,586,-32768,671,1,0
1,4,586,587,16384,688,1,0
1,4,367,322,0,341,0,0
1,4,323,368,-32768,342,0,0
1,4,368,367,16384,346,0,0
1,4,322,323,-16384,347,1,0
1,4,366,367,0,340,0,0
1,4,368,369,-32768,343,0,0
1,4,369,366,16384,345,1,0
1,4,367,368,-16384,346,1,0
1,4,62,63,12160,39,0,0
1,4,65,62,16384,111,0,0
1,4,63,674,8192,366,0,0
1,4,65,105,-32768,79,0,0
1,4,106,62,0,80,0,0
1,4,62,65,-16384,111,1,0
1,4,105,106,16384,458,1,0
1,4,119,677,-6193,93,0,0
1,4,64,65,20607,40,0,0
1,4,67,64,24576,367,0,0
1,4,586,585,-12021,666,1,0
1,4,678,282,-32768,228,0,64
1,4,282,283,16384,229,0,0
1,4,283,284,0,230,0,0
1,4,284,285,-16384,231,0,0
1,4,281,678,-32768,228,0,0
1,4,285,286,0,232,0,0
1,4,286,679,-16384,233,0,0
1,4,680,275,16384,221,0,64
1,4,275,681,0,222,0,0
1,4,278,279,-16384,225,0,0
1,4,681,276,0,222,0,96
1,4,276,277,-16384,223,0,0
1,4,277,278,-32768,224,0,0
1,4,280,281,16384,227,0,0
1,4,679,287,-16384,233,0,96
1,4,287,280,-32768,272,1,0
1,4,682,202,-16384,157,0,64
1,4,683,207,-32768,161,0,40
1,4,207,208,24576,162,0,0
1,4,208,684,16384,163,0,0
1,4,202,203,0,158,0,0
1,4,203,204,-16384,159,0,0
1,4,205,206,-16384,160,0,0
1,4,206,683,-32768,161,0,0
1,4,204,205,-16384,277,1,0
1,4,685,312,-32768,257,0,96
1,4,312,313,16384,258,0,0
1,4,686,316,0,261,0,64
1,4,316,317,-16384,262,0,0
1,4,313,314,-32768,259,0,0
1,4,314,315,16384,260,0,0
1,4,315,686,0,261,0,0
1,4,687,311,-16384,256,0,64
1,4,311,685,-32768,257,0,0
1,4,317,308,0,263,0,0
1,4,307,688,0,253,0,0
1,4,308,307,16384,254,0,0
1,4,310,687,-16384,256,0,0
1,4,204,210,0,164,0,0
1,4,210,211,-16384,165,0,0
1,4,219,205,-32768,173,0,0
1,4,205,204,16384,277,0,0
1,4,135,564,0,629,1,0
1,4,598,689,16384,702,0,0
1,4,599,598,-32768,703,0,0
1,4,564,599,-16384,704,0,0
1,4,212,213,16384,167,0,0
1,4,213,690,0,168,0,0
1,4,216,691,-16384,171,0,0
1,4,690,214,0,168,0,80
1,4,214,215,-16384,169,0,0
1,4,215,216,-32768,170,0,0
1,4,211,212,0,166,0,0
1,4,288,318,16384,264,0,0
1,4,318,321,0,270,0,0
1,4,321,692,-16384,276,0,0
1,4,304,303,-16384,250,0,0
1,4,305,306,16384,251,0,0
1,4,306,304,0,252,0,0
1,4,318,319,16384,265,0,0
1,4,302,320,-16384,266,0,0
1,4,319,309,16384,267,0,0
1,4,303,302,-16384,268,0,0
1,4,309,305,16384,269,1,0
1,4,321,318,-32768,270,1,0
1,4,320,321,-16384,624,0,0
1,4,688,305,0,253,0,64
1,4,309,310,-32768,255,0,0
1,4,305,309,-16384,269,0,0
1,4,124,123,11547,97,0,0
1,4,293,264,-19739,239,0,0
1,4,294,293,-18939,240,0,0
1,4,295,294,-11547,241,0,0
1,4,296,297,18939,242,0,0
1,4,297,298,11547,243,0,0
1,4,298,295,0,244,0,0
1,4,259,296,13028,275,0,0
1,4,691,217,-16384,171,0,40
1,4,217,218,-32768,172,0,0
1,4,220,219,16384,174,0,0
1,4,218,220,-32768,278,1,0
1,4,221,222,0,176,0,0
1,4,222,299,-16384,245,0,0
1,4,299,300,-32768,246,0,0
1,4,300,301,16384,247,0,0
1,4,301,302,-32768,248,0,0
1,4,302,693,16384,268,1,0
1,4,218,221,-16384,175,0,0
1,4,303,220,0,249,0,0
1,4,693,303,16384,268,1,64
1,4,220,218,0,278,0,0
1,4,694,67,29412,41,0,135
1,4,677,120,-6193,93,0,271
1,4,120,126,-10630,99,0,0
1,4,190,340,-32768,299,0,0
1,4,340,560,-32768,616,0,0
1,4,126,190,-32768,625,0,0
1,4,127,128,-22517,101,0,0
1,4,128,129,-28650,102,0,0
1,4,129,130,-32768,103,0,0
1,4,130,695,29865,104,0,0
1,4,181,182,0,138,0,0
1,4,126,127,-16384,100,0,0
1,4,189,190,16384,144,0,0
1,4,190,126,0,625,1,0
1,4,188,189,2555,143,0,0
1,4,182,192,3355,147,0,0
1,4,192,188,3355,148,0,0
1,4,561,562,-20021,617,0,0
1,4,560,561,-28717,618,0,0
1,4,337,338,-16384,295,0,0
1,4,338,339,-32768,296,0,0
1,4,562,561,12746,617,1,0
1,4,561,696,4053,618,1,0
1,4,339,562,16384,619,1,0
1,4,187,188,-15086,142,0,0
1,4,192,191,17681,146,0,0
1,4,188,192,-29412,148,1,0
1,4,191,187,3355,149,0,0
1,4,184,344,-26634,302,0,0
1,4,344,337,-20685,303,0,0
1,4,186,187,-13028,141,0,0
1,4,191,183,21798,145,0,0
1,4,187,191,-29412,149,1,0
1,4,183,186,4510,150,0,0
1,4,183,184,22853,139,0,0
1,4,185,186,-10969,140,0,0
1,4,186,183,-28257,150,1,0
1,4,184,185,4223,151,0,0
1,4,185,184,-28544,151,1,0
1,4,696,697,4053,618,1,17
1,4,340,341,-16384,298,0,0
1,4,341,345,-32768,305,0,0
1,4,560,340,0,616,1,0
1,4,697,560,4012,618,1,174
1,4,345,185,-27931,304,0,0
1,4,339,181,-16384,297,0,0
1,4,342,343,16384,300,0,0
1,4,132,342,16384,565,0,0
1,4,562,339,-16384,619,0,0
1,4,181,132,-29130,626,0,0
1,4,125,124,16384,98,0,0
1,4,343,125,18317,301,0,0
1,4,342,132,-16384,565,1,0
1,4,540,342,0,567,0,0
1,4,132,541,-32768,568,0,0
1,4,541,540,16384,571,0,0
1,4,539,540,0,566,0,0
1,4,541,542,-32768,569,0,0
1,4,542,539,16384,570,1,0
1,4,540,541,-16384,571,1,0
1,4,695,131,29865,104,0,83
1,4,131,132,21892,105,0,0
1,4,132,181,3637,626,1,0
1,4,698,225,0,178,0,160
1,4,225,226,-16384,179,0,0
1,4,226,699,-32768,180,0,0
1,4,224,698,0,178,0,0
1,4,228,229,-32768,182,0,0
1,4,229,230,16384,183,0,0
1,4,230,224,0,274,0,0
1,4,699,227,-32768,180,0,40
1,4,227,228,16384,181,0,0
1,4,223,224,-16384,177,0,0
1,4,251,700,16384,203,0,0
1,4,230,251,16384,273,1,0
1,4,224,230,-32768,274,1,0
1,4,261,223,-16384,572,1,0
1,4,539,542,-16384,570,0,0
1,4,223,261,16384,572,0,0
1,4,648,539,0,799,0,0
1,4,542,649,-32768,800,0,0
1,4,649,650,-32768,801,0,0
1,4,650,223,-32768,802,0,0
1,4,261,651,0,803,0,0
1,4,651,648,0,804,0,0
1,4,692,255,-16384,276,0,128
1,4,255,252,-23421,623,0,0
1,4,700,252,16384,203,0,80
1,4,252,255,9346,623,1,0
1,4,258,259,19739,208,0,0
1,4,262,701,-32768,210,0,0
1,4,263,262,-16384,211,0,0
1,4,264,265,-13423,212,0,0
1,4,265,263,-16384,643,0,0
1,4,255,256,0,206,0,0
1,4,701,260,-32768,210,0,56
1,4,256,257,16384,207,0,0
1,4,257,258,16384,642,0,0
1,4,260,261,-16384,209,0,0
1,4,238,239,0,190,0,0
1,4,239,702,-16384,191,0,0
1,4,267,268,-32768,214,0,0
1,4,268,703,16384,215,0,0
1,4,703,269,16384,215,0,64
1,4,269,270,0,216,0,0
1,4,266,238,-16384,429,0,0
1,4,702,240,-16384,191,0,64
1,4,240,704,-32768,192,0,0
1,4,237,267,16384,430,0,0
1,4,705,236,16384,188,0,96
1,4,236,237,0,189,0,0
1,4,704,241,-32768,192,0,96
1,4,235,705,16384,188,0,0
1,4,241,242,-16384,193,0,0
1,4,242,243,-32768,194,0,0
1,4,706,234,16384,186,0,128
1,4,234,235,0,187,0,0
1,4,246,247,-32768,198,0,0
1,4,247,248,16384,199,0,0
1,4,248,249,0,200,0,0
1,4,249,250,-16384,201,0,0
1,4,244,245,0,196,0,0
1,4,707,233,-32768,374,0,32
1,4,233,244,8192,620,0,0
1,4,245,246,16384,197,0,0
1,4,233,706,16384,186,0,0
1,4,243,244,-16384,195,0,0
1,4,244,233,-24576,620,1,0
1,4,230,231,-32768,184,0,0
1,4,250,251,0,202,0,0
1,4,251,230,-16384,273,0,0
1,4,252,253,-32768,204,0,0
1,4,253,254,16384,205,0,0
1,4,231,232,-16384,185,0,0
1,4,232,707,-32768,374,0,0
1,4,273,274,-32768,220,0,0
1,4,274,680,16384,221,0,0
1,4,279,280,0,226,0,0
1,4,280,273,-16384,271,0,0
1,4,287,288,0,234,0,0
1,4,292,289,-32768,238,0,0
1,4,273,280,16384,271,1,0
1,4,280,287,0,272,0,0
1,4,254,291,16384,621,0,0
1,4,254,266,-32768,213,0,0
1,4,270,271,16384,217,0,0
1,4,271,272,0,218,0,0
1,4,290,291,0,236,0,0
1,4,291,254,-16384,621,1,0
1,4,272,290,0,622,1,0
1,4,272,273,16384,219,0,0
1,4,289,290,-16384,235,0,0
1,4,290,272,-32768,622,0,0
1,4,291,292,16384,237,0,0
1,4,509,510,-16384,526,0,0
1,4,511,512,16384,527,0,0
1,4,510,511,-32768,533,1,0
1,4,512,509,-3355,534,0,0
1,4,512,513,16384,528,0,0
1,4,513,514,0,529,0,0
1,4,509,512,29412,534,1,0
1,4,514,509,-16384,535,0,0
1,4,508,509,-32768,525,0,0
1,4,514,515,0,530,0,0
1,4,509,514,16384,535,1,0
1,4,515,508,-16384,536,0,0
1,4,506,517,16384,538,0,0
1,4,517,520,0,541,0,0
1,4,635,506,16384,773,0,0
1,4,637,635,-32768,774,1,0
1,4,631,637,-32768,775,1,0
1,4,520,642,-16384,784,1,0
1,4,642,631,-16384,786,0,0
1,4,507,508,-32768,524,0,0
1,4,515,516,0,531,0,0
1,4,508,515,16384,536,1,0
1,4,516,507,-16384,537,0,0
1,4,506,507,-32768,523,0,0
1,4,516,517,0,532,0,0
1,4,507,516,16384,537,1,0
1,4,517,506,-16384,538,1,0
1,4,471,708,16384,513,0,0
1,4,518,471,-32768,539,0,0
1,4,503,518,-32768,563,0,0
1,4,471,472,24576,476,0,0
1,4,708,471,-16384,513,1,160
1,4,518,503,0,563,1,0
1,4,638,639,-32768,776,0,0
1,4,640,518,16384,779,0,0
1,4,503,641,-16384,780,0,0
1,4,639,640,-32768,781,0,0
1,4,641,638,-32768,782,0,0
1,4,517,519,16384,540,0,0
1,4,520,517,-32768,541,1,0
1,4,519,555,0,591,0,0
1,4,555,556,0,592,0,0
1,4,709,520,-16384,783,0,16
1,4,537,538,0,564,0,0
1,4,556,557,16384,593,0,0
1,4,557,537,0,700,0,0
1,4,538,597,0,701,0,0
1,4,597,709,-16384,783,0,0
1,4,538,537,-32768,564,1,0
1,4,639,638,0,776,1,0
1,4,537,639,16384,777,0,0
1,4,638,538,-16384,778,0,0
1,4,710,136,16384,108,0,64
1,4,136,336,16384,293,0,0
1,4,565,567,-32768,634,0,0
1,4,711,565,-32768,635,0,40
1,4,631,632,-16384,767,0,0
1,4,336,635,16384,770,0,0
1,4,635,637,0,774,0,0
1,4,637,631,0,775,0,0
1,4,135,710,16384,108,0,0
1,4,564,135,-32768,629,0,0
1,4,567,564,-16384,633,0,0
1,4,563,564,-32768,628,0,0
1,4,565,563,-16384,630,0,0
1,4,564,567,16384,633,1,0
1,4,567,565,0,634,1,0
1,4,712,563,-32768,627,0,40
1,4,563,565,16384,630,1,0
1,4,565,711,0,635,1,0
1,4,201,682,-16384,157,0,0
1,4,684,209,16384,163,0,128
1,4,511,510,0,533,0,0
1,4,209,643,13828,787,0,0
1,4,643,511,0,788,0,0
1,4,510,644,0,789,0,0
1,4,644,713,0,790,0,0
1,4,197,198,-16384,154,0,0
1,4,199,200,-16384,155,0,0
1,4,200,201,-32768,156,0,0
1,4,198,199,-16384,294,0,0
1,4,713,197,0,790,0,72
1,4,136,135,-16384,108,1,0
1,4,336,136,-16384,293,1,0
1,4,689,335,16384,702,0,8
1,4,335,334,16384,705,0,0
1,4,635,336,-16384,770,1,0
1,4,636,635,0,771,0,0
1,4,334,636,16384,772,0,0
1,4,198,334,0,291,0,0
1,4,335,199,-32768,292,0,0
1,4,199,198,16384,294,1,0
1,4,334,335,-16384,705,1,0
1,4,469,470,-24576,475,0,0
1,4,470,503,-32768,518,0,0
1,4,137,346,-32768,306,0,0
1,4,348,349,-4836,309,0,0
1,4,346,348,14608,375,0,0
1,4,349,355,0,373,0,0
1,4,349,395,16384,370,0,0
1,4,395,396,0,371,0,0
1,4,396,355,-16384,372,0,0
1,4,355,349,-32768,373,1,0
1,4,566,711,-32768,635,0,0
1,4,632,633,0,768,0,0
1,4,139,712,-32768,627,0,0
1,4,566,139,-16384,631,0,0
1,4,711,566,0,635,1,8
1,4,633,634,16384,769,0,0
1,4,520,630,0,765,0,0
1,4,642,520,16384,784,0,0
1,4,634,642,-32768,785,0,0
1,4,397,566,-32768,636,0,0
1,4,138,139,-32768,112,0,0
1,4,139,566,16384,631,1,0
1,4,397,138,-17681,632,0,0
1,4,566,397,0,636,1,0
1,4,347,397,-18227,376,0,0
1,4,346,138,-32768,307,0,0
1,4,347,348,0,308,0,0
1,4,348,346,-18159,375,1,0
1,4,397,347,14540,376,1,0
1,4,138,397,15086,632,1,0
1,4,596,347,-16384,699,0,0
1,4,629,596,0,764,0,0
1,4,630,629,16384,766,0,0
1,4,142,143,-32768,115,0,0
1,4,195,196,0,153,0,0
1,4,143,195,4836,807,0,0
1,4,714,660,-16384,816,0,64
1,4,196,669,16384,824,0,0
1,4,196,195,-32768,153,1,0
1,4,669,196,-16384,824,1,0
1,4,670,669,0,825,1,0
1,4,143,715,16384,472,0,0
1,4,195,143,-27931,807,1,0
1,4,663,195,-16384,817,0,0
1,4,195,663,16384,817,1,0
1,4,663,664,0,818,1,0
1,4,353,351,-16384,796,0,0
1,4,716,645,-32768,791,0,32
1,4,645,351,-32768,792,0,0
1,4,353,646,0,793,0,0
1,4,646,553,0,794,0,0
1,4,351,353,16384,796,1,0
1,4,134,133,-32768,107,0,0
1,4,350,134,-24576,310,0,0
1,4,351,350,-16384,311,0,0
1,4,60,717,3355,38,0,0
1,4,675,60,8192,366,0,90
1,4,140,141,-32768,113,0,0
1,4,141,142,16384,114,0,0
1,4,718,140,-32768,795,0,32
1,4,553,140,16384,589,0,0
1,4,140,718,0,795,1,0
1,4,352,353,-16384,312,0,0
1,4,354,352,-9672,313,0,0
1,4,355,354,-1297,314,0,0
1,4,476,719,0,482,0,0
1,4,483,484,-16384,485,0,0
1,4,501,476,16384,512,0,0
1,4,484,501,-32768,514,0,0
1,4,479,480,-16384,483,0,0
1,4,708,502,16384,513,0,64
1,4,502,479,0,515,0,0
1,4,484,479,-16384,511,0,0
1,4,501,484,0,514,1,0
1,4,479,502,-32768,515,1,0
1,4,502,501,16384,521,0,0
1,4,472,473,16384,477,0,0
1,4,474,475,16384,478,0,0
1,4,475,476,8192,479,0,0
1,4,476,501,-16384,512,1,0
1,4,502,708,-16384,513,1,0
1,4,501,502,-16384,521,1,0
1,4,473,474,16384,522,0,0
1,4,504,505,-16384,555,0,0
1,4,524,533,16384,556,0,0
1,4,533,534,0,557,0,0
1,4,534,504,-16384,558,0,0
1,4,505,535,-16384,559,0,0
1,4,535,536,-32768,560,0,0
1,4,536,521,16384,561,0,0
1,4,521,524,16384,562,0,0
1,4,504,474,0,519,0,0
1,4,473,505,-32768,520,0,0
1,4,474,473,-16384,522,1,0
1,4,505,504,16384,555,1,0
1,4,521,720,-32768,542,0,0
1,4,721,524,0,543,0,16
1,4,524,521,-16384,562,1,0
1,4,568,569,16384,637,0,0
1,4,720,522,-32768,542,0,8
1,4,522,722,16384,548,0,0
1,4,570,568,0,638,0,0
1,4,523,721,0,543,0,0
1,4,723,523,16384,548,0,48
1,4,569,571,-32768,639,0,0
1,4,722,723,16384,548,0,16
1,4,571,570,-16384,640,0,0
1,4,569,568,-16384,637,1,0
1,4,568,570,-32768,638,1,0
1,4,571,569,0,639,1,0
1,4,570,571,16384,640,1,0
1,4,526,527,-8192,545,0,0
1,4,527,525,-16384,547,0,0
1,4,525,528,-24576,549,0,0
1,4,528,529,-32768,550,0,0
1,4,529,530,24576,551,0,0
1,4,531,532,8192,552,0,0
1,4,532,526,0,553,0,0
1,4,530,531,16384,554,0,0
1,4,522,525,-32768,544,0,0
1,4,527,523,0,546,0,0
1,4,525,527,16384,547,1,0
1,4,523,522,-16384,548,1,0
1,4,461,468,-16384,470,0,0
1,4,468,469,-16384,474,0,0
1,4,481,482,16384,484,0,0
1,4,482,485,16384,510,0,0
1,4,493,485,0,494,0,0
1,4,482,494,-32768,495,0,0
1,4,494,493,16384,509,0,0
1,4,485,482,-16384,510,1,0
1,4,492,493,0,493,0,0
1,4,494,495,-32768,496,0,0
1,4,495,492,16384,508,0,0
1,4,493,494,-16384,509,1,0
1,4,491,492,0,492,0,0
1,4,495,496,-32768,497,0,0
1,4,496,491,16384,507,0,0
1,4,492,495,-16384,508,1,0
1,4,490,491,0,491,0,0
1,4,496,497,-32768,498,0,0
1,4,497,490,16384,506,0,0
1,4,491,496,-16384,507,1,0
1,4,724,481,0,517,0,192
1,4,489,490,0,490,0,0
1,4,497,498,-32768,499,0,0
1,4,498,489,16384,505,0,0
1,4,490,497,-16384,506,1,0
1,4,488,489,0,489,0,0
1,4,498,499,-32768,500,0,0
1,4,499,488,16384,504,0,0
1,4,489,498,-16384,505,1,0
1,4,487,488,0,488,0,0
1,4,499,500,-32768,501,0,0
1,4,500,487,16384,503,0,0
1,4,488,499,-16384,504,1,0
1,4,484,487,0,487,0,0
1,4,500,479,-32768,502,0,0
1,4,487,500,-16384,503,1,0
1,4,479,484,16384,511,1,0
1,4,480,724,0,517,0,0
1,4,477,478,-8192,480,0,0
1,4,478,461,-16384,481,0,0
1,4,725,477,0,482,0,512
1,4,485,486,16384,486,0,0
1,4,719,725,0,482,0,192
1,4,486,483,-32768,516,0,0
1,4,146,726,0,117,0,0
1,4,465,464,16384,471,0,0
1,4,715,465,16384,472,0,128
1,4,464,146,16384,473,0,0
1,4,668,193,-16384,823,0,0
1,4,193,194,0,152,0,0
1,4,664,663,-32768,818,0,0
1,4,194,664,-16384,819,0,0
1,4,726,727,0,117,0,128
1,4,667,668,-32768,822,0,0
1,4,194,193,-32768,152,1,0
1,4,667,666,-16384,821,1,0
1,4,668,667,0,822,1,0
1,4,193,668,16384,823,1,0
1,4,727,728,0,117,0,192
1,4,729,657,-32768,809,0,64
1,4,665,666,-32768,820,0,0
1,4,666,730,16384,821,0,0
1,4,671,672,0,828,0,0
1,4,672,665,-16384,829,0,0
1,4,655,654,-16384,808,1,0
1,4,665,672,16384,829,1,0
1,4,730,667,16384,821,0,64
1,4,657,671,-16384,827,0,0
1,4,657,729,0,809,1,0
1,4,671,657,16384,827,1,0
1,4,672,671,-32768,828,1,0
1,4,661,662,0,815,0,0
1,4,662,714,-16384,816,0,0
1,4,669,670,-32768,825,0,0
1,4,670,661,16384,826,0,0
1,4,664,194,16384,819,1,0
1,4,661,670,-16384,826,1,0
1,4,662,661,-32768,815,1,0
1,4,666,665,0,820,1,0
1,4,461,462,0,462,0,0
1,4,467,468,-32768,467,0,0
1,4,462,467,-16384,468,0,0
1,4,468,461,16384,470,1,0
1,4,463,464,0,464,0,0
1,4,465,466,-32768,465,0,0
1,4,466,463,16384,469,0,0
1,4,464,465,-16384,471,1,0
1,4,462,463,0,463,0,0
1,4,466,467,-32768,466,0,0
1,4,467,462,16384,468,1,0
1,4,463,466,-16384,469,1,0
1,4,574,575,-32768,650,0,0
1,4,575,576,16384,651,0,0
1,4,576,577,0,652,0,0
1,4,577,574,-16384,653,0,0
1,4,577,576,-32768,652,1,0
1,4,15,731,-16384,9,0,0
1,4,8,15,-16384,604,0,0
1,4,574,577,16384,653,1,0
1,4,2,3,-24576,1,0,0
1,4,3,11,-32768,6,0,0
1,4,731,2,-16384,9,0,640
1,4,11,732,-32768,411,0,0
1,4,575,574,0,650,1,0
1,4,4,5,24576,2,0,0
1,4,12,4,-32768,7,0,0
1,4,13,14,16384,8,0,0
1,4,16,17,16384,11,0,0
1,4,26,27,16384,16,0,0
1,4,5,28,16384,17,0,0
1,4,29,30,16384,18,0,0
1,4,732,12,-32768,411,0,96
1,4,17,13,16384,456,0,0
1,4,14,29,16384,600,0,0
1,4,27,16,16384,601,0,0
1,4,30,31,16384,602,0,0
1,4,28,26,16384,603,0,0
1,4,576,575,-16384,651,1,0
1,4,451,454,-32768,448,0,0
1,4,543,451,-32768,573,0,0
1,4,454,544,-32768,574,0,0
1,4,10,572,0,644,0,0
1,4,544,10,16384,648,0,0
1,4,572,620,-16384,746,0,0
1,4,621,543,-16384,747,0,0
1,4,618,619,-16384,745,0,0
1,4,619,621,-32768,748,0,0
1,4,620,618,0,749,0,0
1,4,15,8,16384,604,1,0
1,4,8,9,0,645,0,0
1,4,573,15,-32768,647,0,0
1,4,9,573,-16384,649,0,0
1,4,9,10,0,5,0,0
1,4,544,573,-32768,646,0,0
1,4,10,544,-16384,648,1,0
1,4,573,9,16384,649,1,0
1,4,449,450,-32768,443,0,0
1,4,452,449,-16384,445,0,0
1,4,450,453,16384,446,0,0
1,4,453,452,0,449,0,0
1,4,451,452,-16384,444,0,0
1,4,453,454,16384,447,0,0
1,4,454,451,0,448,1,0
1,4,452,453,-32768,449,1,0
1,4,0,1,8192,0,0,0
1,4,6,7,-8192,3,0,0
1,4,7,8,-16384,4,0,0
1,4,1,6,0,10,0,0
1,4,31,0,16384,19,0,0
1,4,380,733,-32768,356,0,0
1,4,402,400,-16384,382,0,0
1,4,400,628,-16384,762,0,0
1,4,628,380,-16384,763,0,0
1,4,602,600,16384,714,0,0
1,4,600,603,0,716,0,0
1,4,603,604,-16384,717,0,0
1,4,604,734,-32768,718,0,0
1,4,601,602,0,715,0,0
1,4,734,605,-32768,718,0,120
1,4,605,601,16384,719,0,0
1,4,398,399,-16384,378,0,0
1,4,399,400,-32768,379,0,0
1,4,400,402,16384,382,1,0
1,4,402,398,0,383,0,0
1,4,400,399,0,379,1,0
1,4,601,400,24576,713,0,0
1,4,735,601,-32768,715,1,8
1,4,399,398,16384,378,1,0
1,4,398,600,0,712,0,0
1,4,600,602,-16384,714,1,0
1,4,602,735,-32768,715,1,0
1,4,736,401,0,380,0,704
1,4,401,402,-16384,381,0,0
1,4,737,738,0,355,0,704
1,4,401,736,-32768,380,1,0
1,4,738,379,0,355,0,896
1,4,379,398,-16384,377,0,0
1,4,402,401,16384,381,1,0
1,4,398,402,-32768,383,1,0
1,4,446,447,-16384,436,0,0
1,4,446,16,8192,433,0,0
1,4,27,447,24576,434,0,0
1,4,447,446,16384,436,1,0
1,4,16,27,-16384,601,1,0
1,4,392,739,-24576,364,0,0
1,4,447,392,-32768,435,0,0
1,4,48,740,-22517,32,0,0
1,4,439,440,8192,425,0,0
1,4,440,26,0,595,0,0
1,4,26,741,-16384,603,1,0
1,4,28,48,-32768,594,0,0
1,4,741,28,-16384,603,1,32
1,4,444,445,-16384,431,0,0
1,4,394,444,0,437,0,0
1,4,445,444,16384,431,1,0
1,4,14,445,24576,438,0,0
1,4,742,14,-16384,600,1,16
1,4,743,744,8192,641,0,90
1,4,24,615,-32768,738,0,0
1,4,24,25,-16384,15,0,0
1,4,614,615,16384,737,0,0
1,4,615,24,0,738,1,0
1,4,25,614,-32768,739,0,0
1,4,376,745,24576,353,0,0
1,4,445,376,-32768,440,0,0
1,4,20,21,8192,13,0,0
1,4,13,746,-16384,456,1,0
1,4,21,13,0,575,0,0
1,4,23,20,16384,657,0,0
1,4,18,19,-16384,12,0,0
1,4,180,18,0,137,0,0
1,4,744,180,8192,641,0,271
1,4,19,548,-16384,658,0,0
1,4,19,20,0,598,0,0
1,4,23,548,-32768,599,0,0
1,4,20,23,-16384,657,1,0
1,4,548,19,16384,658,1,0
1,4,745,747,24576,353,0,67
1,4,548,24,-25124,695,0,0
1,4,748,391,8192,363,0,475
1,4,391,446,0,432,0,0
1,4,22,23,24576,14,0,0
1,4,746,17,-16384,456,1,160
1,4,17,22,-32768,576,0,0
1,4,390,748,8192,363,0,0
1,4,548,549,-16384,586,0,0
1,4,749,548,7643,695,1,191
1,4,549,622,-32768,750,0,0
1,4,547,24,-32768,585,0,0
1,4,24,749,7643,695,1,0
1,4,622,547,-16384,751,0,0
1,4,744,743,-24576,641,1,181
1,4,750,623,0,752,0,64
1,4,552,180,0,588,0,0
1,4,180,744,-24576,641,1,0
1,4,623,552,16384,753,0,0
1,4,54,55,16384,35,0,0
1,4,733,381,-32768,356,0,192
1,4,382,383,-32768,357,0,0
1,4,384,54,-32768,358,0,0
1,4,377,736,0,380,0,0
1,4,383,384,-32768,387,0,0
1,4,381,382,-32768,656,0,0
1,4,377,378,16384,354,0,0
1,4,378,737,0,355,0,0
1,4,736,377,-32768,380,1,192
1,4,444,29,8192,439,0,0
1,4,29,742,-16384,600,1,0
1,4,374,751,24576,352,0,0
1,4,30,374,-32768,577,0,0
1,4,47,31,0,578,0,0
1,4,31,30,-16384,602,1,0
1,4,46,47,-8192,31,0,0
1,4,751,375,24576,352,0,181
1,4,375,752,16384,581,0,0
1,4,753,46,-16384,580,0,72
1,4,754,33,0,20,0,64
1,4,747,34,24576,353,0,135
1,4,33,394,-8192,369,0,0
1,4,403,384,16384,384,0,0
1,4,383,404,-16384,385,0,0
1,4,404,403,-32768,386,0,0
1,4,384,383,0,387,1,0
1,4,381,545,-24576,579,0,0
1,4,546,382,24576,582,0,0
1,4,382,381,0,656,1,0
1,4,752,546,16384,581,0,96
1,4,545,753,-16384,580,0,0
1,4,32,754,0,20,0,0
1,4,34,35,-32768,21,0,0
1,4,35,755,-25188,61,0,0
1,4,756,32,-7579,27,0,53
1,4,405,408,-16384,403,0,0
1,4,757,405,990,405,0,96
1,4,408,758,-31777,406,0,0
1,4,406,759,-32768,389,0,0
1,4,408,406,-16384,390,0,0
1,4,758,408,990,406,1,96
1,4,388,389,0,362,0,0
1,4,389,393,0,365,0,0
1,4,393,405,-16384,388,0,0
1,4,405,757,-31777,405,1,0
1,4,443,388,10250,720,0,0
1,4,50,760,-32768,33,0,0
1,4,739,50,-24576,364,0,316
1,4,614,25,0,739,1,0
1,4,25,617,0,743,0,0
1,4,617,390,0,744,0,0
1,4,393,389,-32768,365,1,0
1,4,49,606,-16384,721,0,0
1,4,606,393,-16384,722,0,0
1,4,389,607,16384,723,0,0
1,4,607,439,16384,724,0,0
1,4,405,414,0,395,0,0
1,4,421,422,-27523,400,0,0
1,4,422,423,-31287,401,0,0
1,4,423,408,-32768,402,0,0
1,4,408,405,16384,403,1,0
1,4,761,421,-23963,761,0,75
1,4,430,431,-416,414,0,0
1,4,626,430,16384,759,0,0
1,4,431,627,-16384,760,0,0
1,4,627,761,-23963,761,0,0
1,4,414,415,2777,396,0,0
1,4,415,626,6469,758,0,0
1,4,419,420,-13828,399,0,0
1,4,426,429,0,413,0,0
1,4,431,430,32351,414,1,0
1,4,420,431,-17797,596,0,0
1,4,430,416,19739,597,0,0
1,4,429,419,0,607,0,0
1,4,416,762,27931,397,0,0
1,4,426,427,16384,409,0,0
1,4,428,429,-16384,410,0,0
1,4,427,428,0,412,0,0
1,4,429,426,-32768,413,1,0
1,4,762,417,27931,397,0,89
1,4,417,418,21220,398,0,0
1,4,418,424,15229,407,0,0
1,4,425,426,0,408,0,0
1,4,424,425,8192,606,0,0
1,4,425,424,-24576,606,1,0
1,4,424,558,21220,613,0,0
1,4,558,559,8192,614,0,0
1,4,559,425,-4836,615,0,0
1,4,740,49,-22517,32,0,77
1,4,12,11,0,411,1,0
1,4,428,427,-32768,412,1,0
1,4,427,612,16384,733,0,0
1,4,612,12,16384,734,0,0
1,4,11,613,-16384,735,0,0
1,4,613,428,-16384,736,0,0
1,4,156,157,-4836,123,0,0
1,4,584,676,28405,665,0,0
1,4,157,584,-16384,672,0,0
1,4,66,694,29412,41,0,0
1,4,676,584,-4362,665,1,17
1,4,174,175,24576,133,0,0
1,4,154,155,0,122,0,0
1,4,591,156,-16384,679,0,0
1,4,155,591,-8192,680,0,0
1,4,76,66,-32768,50,0,0
1,4,68,77,-32768,51,0,0
1,4,584,583,0,685,0,0
1,4,77,76,-32768,711,1,0
1,4,157,356,2555,315,0,0
1,4,359,158,-2555,320,0,0
1,4,356,359,0,322,0,0
1,4,584,157,16384,672,1,0
1,4,158,583,-16384,673,1,0
1,4,583,584,-32768,685,1,0
1,4,173,330,-32768,287,0,0
1,4,331,174,-32768,288,0,0
1,4,330,331,-32768,289,0,0
1,4,331,330,0,289,1,0
1,4,357,331,16384,317,0,0
1,4,330,358,-16384,318,0,0
1,4,358,357,-32768,321,0,0
1,4,356,357,16384,316,0,0
1,4,358,359,-16384,319,0,0
1,4,357,358,0,321,1,0
1,4,359,356,-32768,322,1,0
1,4,172,173,-24576,132,0,0
1,4,158,159,4836,124,0,0
1,4,763,582,-20746,663,0,78
1,4,582,583,-28405,664,0,0
1,4,583,158,16384,673,0,0
1,4,161,162,11547,126,0,0
1,4,581,763,-20746,663,0,0
1,4,162,581,0,674,0,0
1,4,159,160,16384,125,0,0
1,4,593,161,0,683,0,0
1,4,160,593,8192,684,0,0
1,4,583,582,4362,664,1,0
1,4,582,581,12021,663,1,0
1,4,594,53,-24576,691,0,0
1,4,176,594,-19739,692,0,0
1,4,176,764,-16384,135,0,0
1,4,594,176,13028,692,1,0
1,4,52,53,-32768,34,0,0
1,4,764,177,-16384,135,0,128
1,4,53,594,8192,691,1,0
1,4,177,52,-16384,693,0,0
1,4,53,68,-29412,42,0,0
1,4,455,456,16384,451,0,0
1,4,456,457,0,452,0,0
1,4,457,458,-16384,453,0,0
1,4,458,455,-32768,455,1,0
1,4,760,51,-32768,33,0,256
1,4,52,177,16384,693,1,0
1,4,177,595,-8192,696,0,0
1,4,51,52,-32768,697,0,0
1,4,178,765,16384,136,0,0
1,4,615,178,-32768,740,0,0
1,4,595,616,0,741,0,0
1,4,616,614,0,742,0,0
1,4,409,332,16384,404,0,0
1,4,758,409,-31777,406,0,578
1,4,759,407,-32768,389,0,576
1,4,407,409,16384,391,0,0
1,4,409,758,990,406,1,0
1,4,766,409,-16384,404,1,40
1,4,410,432,16384,415,0,0
1,4,432,624,0,754,0,0
1,4,409,625,-31261,756,0,0
1,4,625,410,-32768,757,0,0
1,4,332,766,-16384,404,1,0
1,4,624,332,945,755,0,0
1,4,410,411,31175,392,0,0
1,4,432,410,-16384,415,1,0
1,4,413,438,0,424,0,0
1,4,438,448,0,441,0,0
1,4,448,432,-10747,442,0,0
1,4,411,413,14325,706,0,0
1,4,411,412,16384,393,0,0
1,4,412,413,0,394,0,0
1,4,413,411,-18442,706,1,0
1,4,433,103,24576,416,0,0
1,4,434,435,-32768,417,0,0
1,4,435,433,-32768,422,0,0
1,4,104,434,-16384,709,1,0
1,4,103,104,6133,710,0,0
1,4,436,438,-16384,420,0,0
1,4,413,437,16384,421,0,0
1,4,437,436,0,423,0,0
1,4,438,413,-32768,424,1,0
1,4,435,436,-16384,418,0,0
1,4,437,433,16384,419,0,0
1,4,433,435,0,422,1,0
1,4,436,437,-32768,423,1,0
1,4,103,102,16384,76,0,0
1,4,102,104,0,707,0,0
1,4,104,103,-26634,710,1,0
1,4,102,81,16384,75,0,0
1,4,80,104,-16384,77,0,0
1,4,81,80,0,78,0,0
1,4,104,102,-32768,707,1,0
1,4,77,78,-16384,52,0,0
1,4,83,76,16384,57,0,0
1,4,767,768,-32768,78,1,32
1,4,76,77,0,711,0,0
1,4,81,82,16384,55,0,0
1,4,82,83,9346,56,0,0
1,4,768,81,-32768,78,1,160
1,4,78,79,-9346,53,0,0
1,4,79,80,-16384,54,0,0
1,4,80,767,-32768,78,1,0
1,4,96,97,8192,71,0,0
1,4,98,99,-32768,72,0,0
1,4,100,96,16384,73,0,0
1,4,99,101,24576,74,0,0
1,4,441,442,-16384,426,0,0
1,4,442,98,-20971,428,0,0
1,4,97,455,0,450,0,0
1,4,458,441,0,454,0,0
1,4,455,458,0,455,0,0
1,4,101,100,16384,708,0,0
1,4,100,101,-16384,708,1,0
1,4,434,104,16384,709,0,0
1,4,101,608,-32768,725,0,0
1,4,608,434,-32768,726,0,0
1,4,104,609,0,727,0,0
1,4,609,100,0,728,0,0
1,4,332,757,990,405,0,0
1,4,332,333,16384,290,0,0
1,4,757,332,-31777,405,1,578
1,4,333,443,11547,427,0,0
1,4,769,333,-21220,427,1,6
1,4,98,442,11796,428,1,0
1,4,442,610,-4449,729,0,0
1,4,333,611,-32768,731,0,0
1,4,611,98,-32768,732,0,0
1,4,443,769,-21220,427,1,0
1,4,610,443,0,730,0,0
1,4,43,756,-7579,27,0,0
1,4,755,85,-25188,61,0,42
1,4,40,43,0,654,0,0
1,4,85,38,-32768,655,0,0
1,4,36,37,-32768,22,0,0
1,4,37,38,16384,23,0,0
1,4,85,36,-16384,60,0,0
1,4,38,85,0,655,1,0
1,4,40,41,16384,25,0,0
1,4,42,43,-16384,26,0,0
1,4,41,42,0,28,0,0
1,4,43,40,-32768,654,1,0
1,4,717,61,3355,38,0,67
1,4,61,69,0,43,0,0
1,4,69,72,0,58,0,0
1,4,770,554,-16384,590,0,24
1,4,554,716,-32768,791,0,0
1,4,69,70,16384,44,0,0
1,4,71,72,-16384,45,0,0
1,4,72,69,-32768,58,1,0
1,4,771,74,10969,609,0,64
1,4,70,73,24576,47,0,0
1,4,73,771,10969,609,0,0
1,4,58,59,-3355,37,0,0
1,4,72,58,0,46,0,0
1,4,45,39,0,30,0,0
1,4,44,71,-32768,49,0,0
1,4,38,44,25873,29,0,0
1,4,93,84,-16384,67,0,0
1,4,75,94,16384,68,0,0
1,4,84,75,-32768,70,0,0
1,4,94,93,0,608,1,0
1,4,74,75,16384,48,0,0
1,4,75,84,0,70,1,0
1,4,39,40,6894,24,0,0
1,4,84,45,-8192,59,0,0
1,4,144,145,-32768,116,0,0
1,4,145,718,-32768,795,0,0
1,4,772,144,-16384,798,0,256
1,4,145,770,-16384,590,0,0
1,4,718,145,0,795,1,128
1,4,647,772,-16384,798,0,0
1,4,652,647,0,805,0,0
1,4,659,652,16384,813,0,0
1,4,660,659,0,814,0,0
1,4,652,659,-16384,813,1,0
1,4,659,660,-32768,814,1,0
1,4,660,662,16384,816,1,0
1,4,773,647,-16384,797,0,192
1,4,647,652,-32768,805,1,0
1,4,652,653,16384,812,0,0
1,4,653,654,-32768,806,0,0
1,4,654,655,16384,808,0,0
1,4,655,658,0,810,0,0
1,4,654,653,0,806,1,0
1,4,653,652,-16384,812,1,0
1,4,728,147,0,117,0,384
1,4,147,774,-16384,797,0,0
1,4,656,729,-32768,809,0,0
1,4,774,773,-16384,797,0,128
1,4,658,656,16384,811,0,0
1,4,729,656,0,809,1,128
1,4,658,655,-32768,810,1,0
1,4,656,658,-16384,811,1,0
1,4,55,95,24576,69,0,0
1,4,460,377,0,460,0,0
1,4,95,460,16384,461,0,0
1,4,387,385,-32768,360,0,0
1,4,87,459,0,459,0,0
1,4,775,776,-16384,461,1,32
1,4,385,87,16384,610,0,0
1,4,460,775,-16384,461,1,0
1,4,459,460,9672,689,0,0
1,4,776,95,-16384,461,1,168
1,4,95,387,24576,690,0,0
1,4,86,87,0,62,0,0
1,4,385,386,-32768,359,0,0
1,4,87,385,-16384,610,1,0
1,4,386,86,16384,611,0,0
1,4,90,86,0,583,0,0
1,4,386,91,-26485,584,0,0
1,4,86,386,-16384,611,1,0
1,4,91,90,16384,612,0,0
1,4,89,90,2555,64,0,0
1,4,90,91,-16384,612,1,0
1,4,91,89,22517,660,0,0
1,4,88,89,10630,63,0,0
1,4,91,92,-24576,65,0,0
1,4,92,88,23684,659,0,0
1,4,89,91,-10250,660,1,0
1,4,92,93,-16384,66,0,0
1,4,94,88,16384,361,0,0
1,4,93,94,-32768,608,0,0
1,4,88,92,-9083,659,1,0
1,4,57,176,-16384,134,0,0
1,4,581,580,16384,686,0,0
1,4,765,179,16384,136,0,128
1,4,179,743,8192,641,0,0
1,4,550,777,16384,587,0,0
1,4,743,179,-24576,641,1,362
1,4,179,550,16384,694,0,0
1,4,327,163,13828,284,0,0
1,4,162,328,18939,285,0,0
1,4,328,327,16384,328,0,0
1,4,581,162,-32768,674,1,0
1,4,163,580,0,675,1,0
1,4,580,581,-16384,686,1,0
1,4,171,326,-16384,283,0,0
1,4,329,172,-16384,286,0,0
1,4,326,329,-16384,329,0,0
1,4,371,372,0,349,0,0
1,4,326,360,0,323,0,0
1,4,361,329,-32768,326,0,0
1,4,360,361,-16384,327,0,0
1,4,329,326,16384,329,1,0
1,4,360,327,0,324,0,0
1,4,328,361,-32768,325,0,0
1,4,361,360,16384,327,1,0
1,4,327,328,-16384,328,1,0
1,4,778,171,-8192,131,0,67
1,4,372,373,16384,350,0,0
1,4,170,778,-8192,131,0,0
1,4,373,370,-32768,351,0,0
1,4,371,370,16384,348,1,0
1,4,372,371,-32768,349,1,0
1,4,373,372,-16384,350,1,0
1,4,370,373,0,351,1,0
1,4,163,164,21220,127,0,0
1,4,779,579,-4362,661,0,78
1,4,579,580,-12021,662,0,0
1,4,580,163,-32768,675,0,0
1,4,166,167,27931,129,0,0
1,4,578,779,-4362,661,0,0
1,4,167,578,16384,676,0,0
1,4,164,165,-32768,128,0,0
1,4,165,592,24576,681,0,0
1,4,592,166,16384,682,0,0
1,4,579,578,28405,661,1,0
1,4,56,57,-13028,36,0,0
1,4,59,56,-8192,368,0,0
1,4,580,579,20746,662,1,0
1,4,777,551,16384,587,0,64
1,4,551,750,0,752,0,0
1,4,168,169,8192,130,0,0
1,4,322,168,16384,279,0,0
1,4,175,323,16384,280,0,0
1,4,169,324,0,281,0,0
1,4,325,170,0,282,0,0
1,4,324,325,0,336,0,0
1,4,323,322,16384,347,0,0
1,4,370,371,-16384,348,0,0
1,4,149,152,-16384,120,0,0
1,4,152,590,-24576,677,0,0
1,4,590,150,-32768,678,0,0
1,4,148,149,-27931,118,0,0
1,4,673,589,4362,668,0,17
1,4,589,148,-16384,669,0,0
1,4,589,673,-28405,668,1,0
1,4,578,589,-32768,687,0,0
1,4,363,148,30212,332,0,0
1,4,167,364,-30212,333,0,0
1,4,364,363,-32768,337,0,0
1,4,148,589,16384,669,1,0
1,4,578,167,-16384,676,1,0
1,4,589,578,0,687,1,0
1,4,324,362,16384,330,0,0
1,4,365,325,-16384,335,0,0
1,4,325,324,-32768,336,1,0
1,4,362,365,0,338,0,0
1,4,362,363,16384,331,0,0
1,4,364,365,-16384,334,0,0
1,4,363,364,0,337,1,0
1,4,365,362,-32768,338,1,0
