episode,mission,vertex_1,vertex_2,angle,line,side,offset
1,5,665,516,30804,608,0,179
1,5,516,517,23095,609,0,0
1,5,517,666,16384,610,0,0
1,5,526,528,-16384,628,0,0
1,5,667,665,30804,608,0,114
1,5,528,527,0,629,0,0
1,5,526,525,0,626,0,0
1,5,525,527,-16384,627,1,0
1,5,528,526,16384,628,1,0
1,5,527,528,-32768,629,1,0
1,5,666,668,16384,610,0,208
1,5,508,521,0,616,0,0
1,5,521,524,-16384,622,0,0
1,5,524,526,-16384,625,0,0
1,5,524,523,0,623,0,0
1,5,523,525,-16384,624,1,0
1,5,526,524,16384,625,1,0
1,5,525,526,-32768,626,1,0
1,5,521,522,0,618,0,0
1,5,522,523,-16384,621,1,0
1,5,524,521,16384,622,1,0
1,5,523,524,-32768,623,1,0
1,5,517,516,-9672,609,1,0
1,5,507,508,-16384,596,0,0
1,5,668,669,16384,610,0,272
1,5,490,491,-32768,575,0,0
1,5,491,492,16384,576,0,0
1,5,494,490,-16384,579,0,0
1,5,492,494,0,580,0,0
1,5,491,490,0,575,1,0
1,5,521,491,16384,617,0,0
1,5,522,521,-32768,618,1,0
1,5,490,522,-16384,619,0,0
1,5,427,670,0,462,0,0
1,5,493,427,16384,578,0,0
1,5,520,493,-32768,613,0,0
1,5,671,507,-32768,597,0,48
1,5,492,493,16384,577,0,0
1,5,494,492,-32768,580,1,0
1,5,493,520,0,613,1,0
1,5,520,494,-16384,615,0,0
1,5,672,505,24576,594,0,122
1,5,505,673,16384,595,0,0
1,5,669,517,-16384,610,1,320
1,5,674,675,-16384,187,1,208
1,5,394,511,16384,600,0,0
1,5,391,392,-32768,422,0,0
1,5,392,393,16384,423,0,0
1,5,393,394,0,424,0,0
1,5,425,426,-16384,459,0,0
1,5,670,425,0,462,0,64
1,5,426,520,-32768,614,0,0
1,5,393,392,-16384,423,1,0
1,5,426,425,16384,459,1,0
1,5,425,393,0,460,0,0
1,5,392,426,-32768,461,0,0
1,5,509,671,-32768,597,0,0
1,5,510,509,-16384,598,0,0
1,5,502,501,-11273,591,0,0
1,5,501,503,-16384,592,0,0
1,5,503,667,30804,608,0,0
1,5,527,525,16384,627,0,0
1,5,500,499,-16384,588,0,0
1,5,499,502,-16384,590,0,0
1,5,522,500,0,620,0,0
1,5,523,522,16384,621,0,0
1,5,525,523,16384,624,0,0
1,5,169,170,-16384,179,0,0
1,5,675,169,-16384,187,1,304
1,5,162,497,21220,584,0,0
1,5,497,498,16384,585,0,0
1,5,498,391,16384,586,0,0
1,5,498,497,-16384,585,1,0
1,5,499,498,0,587,0,0
1,5,676,499,16384,590,1,40
1,5,497,162,-11547,584,1,0
1,5,162,501,-32768,589,0,0
1,5,502,676,16384,590,1,0
1,5,501,502,21494,591,1,0
1,5,156,162,27931,172,0,0
1,5,503,504,-32768,593,0,0
1,5,504,672,24575,594,0,0
1,5,516,503,-1963,608,1,0
1,5,144,143,-16384,161,0,0
1,5,146,145,16384,162,1,0
1,5,143,478,-32768,554,0,0
1,5,478,146,-32768,555,0,0
1,5,145,479,0,556,0,0
1,5,479,144,0,557,0,0
1,5,140,139,0,154,0,0
1,5,141,142,-32768,156,0,0
1,5,139,141,-16384,158,0,0
1,5,142,143,-32768,159,0,0
1,5,144,140,0,160,0,0
1,5,143,144,16384,161,1,0
1,5,133,135,29412,149,0,0
1,5,138,136,0,152,0,0
1,5,677,138,16384,157,0,5
1,5,678,133,-16384,496,0,16
1,5,135,137,-32768,151,0,0
1,5,137,677,16384,157,0,0
1,5,139,138,0,153,0,0
1,5,137,141,-32768,155,0,0
1,5,138,137,-16384,157,1,0
1,5,141,139,16384,158,1,0
1,5,280,679,-16384,528,0,0
1,5,469,470,16384,535,0,0
1,5,470,280,-496,544,0,0
1,5,279,280,-16384,304,0,0
1,5,470,468,16384,536,0,0
1,5,468,279,0,543,0,0
1,5,280,470,32271,544,1,0
1,5,146,279,-16384,303,0,0
1,5,147,146,0,478,0,0
1,5,468,147,16384,534,0,0
1,5,279,468,-32768,543,1,0
1,5,145,146,-16384,162,0,0
1,5,147,148,16384,163,0,0
1,5,146,147,-32768,478,1,0
1,5,148,145,0,479,0,0
1,5,680,674,16384,187,0,80
1,5,400,401,-16384,429,0,0
1,5,399,400,-32768,428,0,0
1,5,400,399,0,428,1,0
1,5,401,400,16384,429,1,0
1,5,402,401,-32768,430,1,0
1,5,615,616,-16384,753,0,0
1,5,399,615,-16384,757,1,0
1,5,616,402,-16384,758,1,0
1,5,174,681,-17329,183,0,0
1,5,177,174,0,186,0,0
1,5,616,615,16384,753,1,0
1,5,615,399,16384,757,0,0
1,5,402,616,16384,758,0,0
1,5,176,177,-16384,185,0,0
1,5,176,173,0,184,1,0
1,5,177,176,16384,185,1,0
1,5,174,177,-32768,186,1,0
1,5,173,178,-16384,188,0,0
1,5,178,179,-16384,189,0,0
1,5,179,174,-16384,190,0,0
1,5,682,175,-17329,183,0,154
1,5,175,683,-32768,652,0,0
1,5,683,175,0,652,1,101
1,5,175,684,-24575,684,0,0
1,5,152,466,-29727,532,0,0
1,5,475,474,4836,541,0,0
1,5,474,152,-9346,549,0,0
1,5,466,475,20126,550,1,0
1,5,151,152,-26056,165,0,0
1,5,474,473,8192,540,0,0
1,5,473,151,-5721,548,0,0
1,5,152,474,23421,549,1,0
1,5,465,151,-22853,531,0,0
1,5,473,472,10250,539,0,0
1,5,472,465,-3355,547,0,0
1,5,151,473,27046,548,1,0
1,5,464,465,-19286,530,0,0
1,5,472,471,11547,538,0,0
1,5,471,464,-1963,546,0,0
1,5,465,472,29412,547,1,0
1,5,681,682,-17329,183,0,128
1,5,463,464,-18106,529,0,0
1,5,471,469,13828,537,0,0
1,5,469,463,-990,545,0,0
1,5,464,471,30804,546,1,0
1,5,679,463,-16384,528,0,24
1,5,463,469,31777,545,1,0
1,5,152,151,6711,165,1,0
1,5,151,480,-16384,558,0,0
1,5,480,481,-32768,559,0,0
1,5,481,152,16384,560,0,0
1,5,155,156,-32768,167,0,0
1,5,157,153,0,168,0,0
1,5,153,155,-16384,191,0,0
1,5,153,154,0,166,0,0
1,5,155,153,16384,191,1,0
1,5,154,467,-16384,551,0,0
1,5,467,594,-32768,721,0,0
1,5,594,595,-32768,722,0,0
1,5,595,155,-32768,723,0,0
1,5,466,467,-31728,533,0,0
1,5,685,466,-12641,550,0,8
1,5,467,154,16384,551,1,0
1,5,167,168,-32768,177,0,0
1,5,168,169,30212,178,0,0
1,5,169,680,16384,187,0,0
1,5,401,402,0,430,0,0
1,5,545,167,-16384,653,0,0
1,5,170,157,-2555,180,0,0
1,5,154,475,2555,542,0,0
1,5,475,685,-12641,550,0,0
1,5,683,545,-32768,652,0,75
1,5,545,683,0,652,1,0
1,5,167,545,16384,653,1,0
1,5,684,565,-24576,684,0,77
1,5,565,167,-32768,685,0,0
1,5,596,597,-32768,724,0,0
1,5,598,596,-16384,726,0,0
1,5,597,599,16384,727,0,0
1,5,599,598,0,729,0,0
1,5,595,594,0,722,1,0
1,5,594,598,-16384,725,0,0
1,5,599,595,16384,728,0,0
1,5,598,599,-32768,729,1,0
1,5,584,686,4635,709,0,0
1,5,585,584,12227,710,0,0
1,5,586,585,16384,711,0,0
1,5,583,587,-16384,712,0,0
1,5,587,586,-32768,713,0,0
1,5,513,512,-21494,603,0,0
1,5,514,513,-16384,605,0,0
1,5,669,518,16384,610,0,448
1,5,518,519,9267,611,0,0
1,5,519,514,2009,612,0,0
1,5,519,518,-23500,611,1,0
1,5,687,515,8192,606,0,90
1,5,515,514,0,607,0,0
1,5,514,519,-30758,612,1,0
1,5,673,506,16384,595,0,512
1,5,506,687,8192,606,0,0
1,5,518,669,-16384,610,1,0
1,5,512,510,-16384,602,0,0
1,5,163,164,-16384,174,0,0
1,5,171,161,11547,181,0,0
1,5,164,674,-16384,187,1,0
1,5,511,171,16384,601,0,0
1,5,511,510,-32768,599,0,0
1,5,171,511,-16384,601,1,0
1,5,510,688,16384,602,1,0
1,5,161,171,-21220,181,1,0
1,5,688,512,16384,602,1,160
1,5,512,513,11273,603,1,0
1,5,513,161,0,604,0,0
1,5,161,159,4836,171,0,0
1,5,689,163,-30212,173,0,66
1,5,164,165,2555,175,0,0
1,5,165,166,0,176,0,0
1,5,690,164,16384,187,0,464
1,5,395,396,-32768,425,0,0
1,5,166,544,-16384,650,0,0
1,5,674,690,16384,187,0,336
1,5,396,397,-16384,426,0,0
1,5,397,398,0,427,0,0
1,5,396,395,0,425,1,0
1,5,397,396,16384,426,1,0
1,5,398,397,-32768,427,1,0
1,5,617,618,-16384,754,0,0
1,5,395,617,-16384,755,1,0
1,5,618,398,-16384,756,1,0
1,5,618,617,16384,754,1,0
1,5,617,395,16384,755,0,0
1,5,398,618,16384,756,0,0
1,5,544,691,0,651,0,0
1,5,544,166,16384,650,1,0
1,5,691,544,-32768,651,1,75
1,5,166,564,0,682,0,0
1,5,564,692,-8192,683,0,0
1,5,150,158,-32768,169,0,0
1,5,159,160,0,170,0,0
1,5,160,150,-16384,192,0,0
1,5,158,689,-30212,173,0,0
1,5,149,150,-32768,164,0,0
1,5,150,160,16384,192,1,0
1,5,462,149,-16384,519,0,0
1,5,160,600,0,730,0,0
1,5,601,462,0,731,0,0
1,5,600,601,0,737,0,0
1,5,454,149,30212,510,0,0
1,5,461,454,-20126,518,0,0
1,5,149,462,16384,519,1,0
1,5,462,461,-1039,527,0,0
1,5,602,604,16384,734,0,0
1,5,604,693,0,735,0,0
1,5,694,603,-16384,736,0,80
1,5,603,602,-32768,738,0,0
1,5,600,602,16384,732,0,0
1,5,603,601,-16384,733,0,0
1,5,601,600,-32768,737,1,0
1,5,602,603,0,738,1,0
1,5,172,695,-15426,182,0,0
1,5,691,172,0,651,0,101
1,5,172,691,-32768,651,1,0
1,5,692,172,-8192,683,0,13
1,5,453,454,27931,509,0,0
1,5,460,453,-23421,517,0,0
1,5,454,461,12641,518,1,0
1,5,461,460,-3040,526,0,0
1,5,452,453,24576,508,0,0
1,5,459,452,-27046,516,0,0
1,5,453,460,9346,517,1,0
1,5,460,459,-6711,525,0,0
1,5,451,452,22517,507,0,0
1,5,458,451,-29412,515,0,0
1,5,452,459,5721,516,1,0
1,5,459,458,-9914,524,0,0
1,5,450,451,21220,506,0,0
1,5,457,450,-30804,514,0,0
1,5,451,458,3355,515,1,0
1,5,458,457,-13481,523,0,0
1,5,136,134,3355,150,0,0
1,5,134,678,-16384,496,0,0
1,5,695,173,-15440,182,0,21
1,5,173,176,-32768,184,0,0
1,5,449,450,18939,505,0,0
1,5,456,449,-31777,513,0,0
1,5,450,457,1963,514,1,0
1,5,457,456,-14661,522,0,0
1,5,448,449,16384,504,0,0
1,5,455,448,-32271,512,0,0
1,5,449,456,990,513,1,0
1,5,456,455,-16384,521,0,0
1,5,447,448,16384,503,0,0
1,5,446,447,-32768,511,0,0
1,5,448,455,496,512,1,0
1,5,455,446,-16384,520,0,0
1,5,145,148,-32768,479,1,0
1,5,446,145,-16384,501,0,0
1,5,148,447,16384,502,0,0
1,5,447,446,0,511,1,0
1,5,459,460,26056,525,1,0
1,5,460,476,16384,552,0,0
1,5,476,477,0,553,0,0
1,5,477,656,-16384,808,0,0
1,5,656,459,-16384,809,0,0
1,5,659,660,0,814,0,0
1,5,661,662,-32768,817,0,0
1,5,662,659,16384,819,0,0
1,5,660,661,-16384,820,0,0
1,5,656,477,16384,808,1,0
1,5,477,659,0,813,0,0
1,5,662,656,-32768,818,0,0
1,5,659,662,-16384,819,1,0
1,5,630,631,0,775,0,0
1,5,631,632,-16384,776,0,0
1,5,632,633,-32768,779,0,0
1,5,633,657,16384,810,0,0
1,5,46,51,-16384,51,1,0
1,5,632,631,16384,776,1,0
1,5,631,46,0,777,0,0
1,5,51,632,-32768,778,0,0
1,5,629,630,-16384,774,0,0
1,5,634,629,0,786,1,0
1,5,657,658,16384,811,0,0
1,5,658,634,16384,812,0,0
1,5,658,657,-16384,811,1,0
1,5,660,658,0,815,0,0
1,5,657,661,-32768,816,0,0
1,5,661,660,16384,820,1,0
1,5,693,605,0,735,0,69
1,5,605,694,-16384,736,0,0
1,5,634,635,28799,780,0,0
1,5,635,636,16384,781,0,0
1,5,636,637,3968,782,0,0
1,5,642,651,-16384,799,0,0
1,5,626,627,-3968,771,0,0
1,5,627,628,-16384,772,0,0
1,5,628,629,-28799,773,0,0
1,5,652,648,16384,802,0,0
1,5,637,626,0,785,0,0
1,5,640,650,-30709,797,0,0
1,5,650,642,-23095,798,0,0
1,5,646,652,8192,801,0,0
1,5,648,653,23095,803,0,0
1,5,653,640,30709,804,0,0
1,5,644,654,-6133,805,0,0
1,5,654,655,0,806,0,0
1,5,655,646,6133,807,0,0
1,5,645,646,-4836,792,0,0
1,5,654,696,26634,805,1,0
1,5,655,654,-32768,806,1,0
1,5,646,655,-26634,807,1,0
1,5,646,647,22020,793,0,0
1,5,647,648,5636,794,0,0
1,5,652,646,-24576,801,1,0
1,5,648,652,-16384,802,1,0
1,5,646,645,27931,792,1,0
1,5,647,646,-10747,793,1,0
1,5,642,643,-5636,789,0,0
1,5,643,644,-22020,790,0,0
1,5,651,642,16384,799,1,0
1,5,644,651,24576,800,1,0
1,5,644,645,4836,791,0,0
1,5,696,644,26634,805,1,25
1,5,644,643,10747,790,1,0
1,5,645,644,-27931,791,1,0
1,5,640,641,-19739,787,0,0
1,5,641,642,31045,788,0,0
1,5,650,640,2058,797,1,0
1,5,642,650,9672,798,1,0
1,5,642,641,-1722,788,1,0
1,5,643,642,27131,789,1,0
1,5,648,649,-31045,795,0,0
1,5,649,640,19739,796,0,0
1,5,653,648,-9672,803,1,0
1,5,640,653,-2058,804,1,0
1,5,641,640,13028,787,1,0
1,5,640,649,-13028,796,1,0
1,5,648,647,-27131,794,1,0
1,5,649,648,1722,795,1,0
1,5,629,634,-32768,786,0,0
1,5,651,644,-8192,800,0,0
1,5,623,624,-16384,767,0,0
1,5,638,639,6809,784,0,0
1,5,639,663,0,821,0,0
1,5,663,623,0,822,0,0
1,5,624,664,-32768,823,0,0
1,5,625,626,-16384,770,0,0
1,5,637,638,16384,783,0,0
1,5,626,637,-32768,785,1,0
1,5,664,625,-27353,824,0,0
1,5,347,314,-16384,373,1,0
1,5,624,623,16384,767,1,0
1,5,314,624,-32768,768,0,0
1,5,623,347,0,769,0,0
1,5,569,570,-16384,691,0,0
1,5,575,576,16384,696,0,0
1,5,570,575,-32768,706,0,0
1,5,576,569,0,707,0,0
1,5,576,575,-16384,696,1,0
1,5,686,576,4635,709,0,70
1,5,570,571,-19424,692,0,0
1,5,574,575,19424,695,0,0
1,5,575,570,0,706,1,0
1,5,575,583,-29654,708,0,0
1,5,697,588,-4050,714,0,138
1,5,588,589,-9489,715,0,0
1,5,589,590,-16384,716,0,0
1,5,590,591,-32768,717,0,0
1,5,591,592,16384,718,0,0
1,5,570,569,16384,691,1,0
1,5,569,697,-4050,714,0,0
1,5,593,570,30709,720,0,0
1,5,592,593,22517,719,0,0
1,5,546,549,-32768,657,0,0
1,5,571,572,-27353,693,0,0
1,5,573,574,27014,694,0,0
1,5,572,581,-32768,702,0,0
1,5,581,546,-32768,703,0,0
1,5,549,582,-32768,704,0,0
1,5,582,573,-32768,705,0,0
1,5,546,547,-16384,654,0,0
1,5,548,549,16384,655,0,0
1,5,547,548,-32768,656,0,0
1,5,549,546,0,657,1,0
1,5,0,1,-27931,0,0,0
1,5,1,0,4836,0,1,0
1,5,273,1,31900,296,0,0
1,5,0,275,0,298,0,0
1,5,275,273,-16384,300,1,0
1,5,567,568,-1480,689,0,0
1,5,568,569,-11873,690,0,0
1,5,576,577,11232,697,0,0
1,5,577,578,1722,698,0,0
1,5,569,576,-32768,707,1,0
1,5,1,281,-32768,305,0,0
1,5,281,566,-16384,687,0,0
1,5,566,567,-16384,688,0,0
1,5,578,579,16384,699,0,0
1,5,579,580,16384,700,0,0
1,5,580,698,16384,701,0,0
1,5,20,14,0,21,0,0
1,5,10,428,16384,464,0,0
1,5,428,20,16384,465,0,0
1,5,14,429,-16384,466,0,0
1,5,429,6,-16384,467,0,0
1,5,2,0,-16384,1,0,0
1,5,6,7,0,4,0,0
1,5,699,2,-30212,3,0,99
1,5,7,8,1963,5,0,0
1,5,8,700,0,8,0,0
1,5,13,14,-16384,9,0,0
1,5,20,21,16384,15,0,0
1,5,14,20,-32768,21,1,0
1,5,21,13,0,22,0,0
1,5,15,13,-16384,10,0,0
1,5,21,22,16384,16,0,0
1,5,13,21,-32768,22,1,0
1,5,22,15,0,23,0,0
1,5,16,15,-16384,11,0,0
1,5,22,23,16384,17,0,0
1,5,15,22,-32768,23,1,0
1,5,23,16,0,24,0,0
1,5,17,16,-16384,12,0,0
1,5,23,24,16384,18,0,0
1,5,16,23,-32768,24,1,0
1,5,24,17,0,25,0,0
1,5,701,287,-16384,314,0,8
1,5,287,288,-32768,315,0,0
1,5,288,702,16384,316,0,0
1,5,3,4,16384,2,0,0
1,5,11,9,-16384,7,0,0
1,5,4,29,0,30,0,0
1,5,30,11,0,31,0,0
1,5,9,10,0,6,0,0
1,5,550,3,0,658,0,0
1,5,698,550,16384,701,0,80
1,5,29,431,16384,470,0,0
1,5,434,30,-16384,475,0,0
1,5,431,434,0,476,0,0
1,5,432,48,16384,472,0,0
1,5,32,433,-16384,473,0,0
1,5,433,432,-32768,477,0,0
1,5,431,432,16384,471,0,0
1,5,433,434,-16384,474,0,0
1,5,434,431,-32768,476,1,0
1,5,432,433,0,477,1,0
1,5,59,60,16384,62,0,0
1,5,63,64,16384,65,0,0
1,5,60,63,16384,69,0,0
1,5,613,614,-16384,751,0,0
1,5,53,54,-16384,55,0,0
1,5,69,53,-16384,73,0,0
1,5,614,69,0,752,0,0
1,5,84,69,-16384,94,0,0
1,5,613,84,0,750,1,0
1,5,614,613,16384,751,1,0
1,5,69,614,-32768,752,1,0
1,5,63,60,-16384,69,1,0
1,5,61,68,16384,72,0,0
1,5,68,619,0,759,0,0
1,5,619,63,0,760,0,0
1,5,60,620,-32768,761,0,0
1,5,620,61,-32768,762,0,0
1,5,58,621,0,763,0,0
1,5,621,59,0,764,0,0
1,5,62,57,-16384,64,0,0
1,5,57,35,-16384,70,1,0
1,5,703,133,16384,147,0,48
1,5,133,678,16384,496,1,0
1,5,34,35,-32768,34,0,0
1,5,57,58,6133,61,0,0
1,5,35,57,16384,70,0,0
1,5,61,62,-26634,63,0,0
1,5,704,68,-6133,67,0,86
1,5,68,61,-16384,72,1,0
1,5,37,38,-8192,37,0,0
1,5,39,40,24576,39,0,0
1,5,49,39,-32768,47,0,0
1,5,40,50,16384,48,0,0
1,5,38,49,-18939,49,0,0
1,5,50,37,2058,50,0,0
1,5,35,37,-16384,36,0,0
1,5,37,50,-30709,50,1,0
1,5,50,703,16384,147,0,0
1,5,31,32,-32768,32,0,0
1,5,33,31,-16384,33,0,0
1,5,38,36,0,38,0,0
1,5,48,49,-32768,46,0,0
1,5,49,38,13828,49,1,0
1,5,36,33,0,463,1,0
1,5,36,34,16384,35,0,0
1,5,54,33,-16384,56,0,0
1,5,33,36,-32768,463,0,0
1,5,18,17,-16384,13,0,0
1,5,24,25,16384,19,0,0
1,5,17,24,-32768,25,1,0
1,5,25,18,0,26,0,0
1,5,19,18,-16384,14,0,0
1,5,25,26,16384,20,0,0
1,5,18,25,-32768,26,1,0
1,5,26,19,0,27,0,0
1,5,19,26,-32768,27,1,0
1,5,26,27,-32768,28,0,0
1,5,27,28,16384,29,0,0
1,5,28,55,16384,57,0,0
1,5,54,53,16384,55,1,0
1,5,55,28,-16384,57,1,0
1,5,28,54,-32768,59,0,0
1,5,53,55,0,60,0,0
1,5,705,224,-16384,241,0,48
1,5,218,225,-32768,268,0,0
1,5,224,219,0,269,0,0
1,5,219,218,-16384,270,1,0
1,5,225,226,-16384,242,0,0
1,5,226,282,-32768,309,0,0
1,5,282,283,-32768,310,0,0
1,5,283,19,-32768,311,0,0
1,5,284,285,0,312,0,0
1,5,285,286,-3742,313,0,0
1,5,286,701,-16384,314,0,0
1,5,702,284,16384,316,0,96
1,5,283,282,0,310,1,0
1,5,285,284,-32768,312,1,0
1,5,284,283,16384,317,0,0
1,5,282,285,-16384,318,0,0
1,5,70,69,-32768,74,0,0
1,5,77,70,-16384,87,0,0
1,5,69,84,16384,94,1,0
1,5,84,77,0,146,0,0
1,5,71,70,-29412,75,0,0
1,5,77,78,-3355,81,0,0
1,5,70,77,16384,87,1,0
1,5,78,71,-16384,88,0,0
1,5,72,71,-29412,76,0,0
1,5,78,79,-3355,82,0,0
1,5,71,78,16384,88,1,0
1,5,79,72,-16384,89,0,0
1,5,73,72,-32768,77,0,0
1,5,79,80,0,83,0,0
1,5,72,79,16384,89,1,0
1,5,80,73,-16384,90,0,0
1,5,74,73,-32768,78,0,0
1,5,80,81,0,84,0,0
1,5,73,80,16384,90,1,0
1,5,81,74,-16384,91,0,0
1,5,55,56,16384,58,0,0
1,5,56,706,0,95,0,0
1,5,75,74,-32768,79,0,0
1,5,81,82,0,85,0,0
1,5,74,81,16384,91,1,0
1,5,82,75,-16384,92,0,0
1,5,76,75,-32768,80,0,0
1,5,82,83,0,86,0,0
1,5,75,82,16384,92,1,0
1,5,83,76,-16384,93,0,0
1,5,76,83,16384,93,1,0
1,5,83,93,0,104,0,0
1,5,102,76,-32768,109,0,0
1,5,93,707,8192,562,0,0
1,5,706,85,0,95,0,208
1,5,85,223,-8192,240,0,0
1,5,223,705,-16384,241,0,0
1,5,708,102,26634,110,0,9
1,5,709,105,-32768,111,0,192
1,5,105,289,16384,319,0,0
1,5,289,710,0,320,0,0
1,5,246,711,-9346,264,0,0
1,5,251,246,12746,273,0,0
1,5,444,445,-32768,499,0,0
1,5,236,237,-32768,255,0,0
1,5,237,444,16384,498,0,0
1,5,445,712,-26056,500,0,0
1,5,713,251,0,574,0,128
1,5,245,246,0,265,0,0
1,5,246,251,-20021,273,1,0
1,5,251,713,-32768,574,1,0
1,5,246,245,-32768,265,1,0
1,5,714,248,-12021,266,0,43
1,5,245,278,16384,301,0,0
1,5,248,430,-16384,468,0,0
1,5,430,246,-16384,469,0,0
1,5,271,272,-29412,295,0,0
1,5,438,270,0,487,0,0
1,5,270,442,-16384,494,0,0
1,5,442,271,-23421,495,0,0
1,5,266,438,-16384,486,0,0
1,5,715,441,4362,492,0,35
1,5,441,266,0,493,0,0
1,5,438,266,16384,486,1,0
1,5,270,438,-32768,487,1,0
1,5,266,267,16384,292,0,0
1,5,439,440,0,488,0,0
1,5,267,439,0,491,0,0
1,5,237,236,0,255,1,0
1,5,236,264,-16384,290,0,0
1,5,440,439,-32768,488,1,0
1,5,264,440,-16384,489,1,0
1,5,439,237,16384,490,0,0
1,5,268,269,-16384,293,0,0
1,5,269,270,-32768,294,0,0
1,5,437,268,0,485,0,0
1,5,264,265,0,291,0,0
1,5,265,437,-16384,484,0,0
1,5,440,264,16384,489,0,0
1,5,536,537,17813,639,0,0
1,5,537,542,-7348,647,0,0
1,5,542,543,-16384,648,0,0
1,5,543,716,-32768,649,0,0
1,5,717,718,-16384,645,0,34
1,5,543,542,16384,648,1,0
1,5,537,539,0,643,0,0
1,5,539,540,-8507,644,0,0
1,5,540,717,-16384,645,0,0
1,5,542,537,25419,647,1,0
1,5,535,536,14831,638,0,0
1,5,716,535,-32768,649,0,106
1,5,239,238,-17936,257,0,0
1,5,240,239,-14954,258,0,0
1,5,239,240,17813,258,1,0
1,5,537,719,-14954,639,1,0
1,5,240,537,0,640,0,0
1,5,238,239,14831,257,1,0
1,5,536,535,-17936,638,1,0
1,5,719,536,-14954,639,1,150
1,5,535,238,-32768,641,0,0
1,5,238,236,-23630,256,0,0
1,5,538,535,24576,642,0,0
1,5,718,541,-16384,645,0,256
1,5,541,538,-32768,646,0,0
1,5,535,543,0,649,1,0
1,5,711,240,-9346,264,0,51
1,5,531,532,0,631,0,0
1,5,533,534,-32768,634,0,0
1,5,532,533,-16384,635,0,0
1,5,534,720,24576,637,0,0
1,5,406,407,-16384,438,0,0
1,5,408,721,16384,439,0,0
1,5,720,408,24576,637,0,226
1,5,722,199,-16384,214,0,512
1,5,199,203,-21220,218,0,0
1,5,203,204,-24576,219,0,0
1,5,204,205,-32768,220,0,0
1,5,205,206,29412,221,0,0
1,5,206,207,22853,222,0,0
1,5,207,723,15583,223,0,0
1,5,407,531,-8192,636,0,0
1,5,529,530,-16384,630,0,0
1,5,532,529,0,632,0,0
1,5,530,533,-32768,633,0,0
1,5,533,532,16384,635,1,0
1,5,214,215,30402,233,0,0
1,5,215,216,27131,234,0,0
1,5,216,217,20746,235,0,0
1,5,217,218,16384,236,0,0
1,5,229,214,-32768,246,0,0
1,5,230,229,-16384,247,0,0
1,5,218,250,1722,272,0,0
1,5,234,231,16384,251,0,0
1,5,443,234,-29412,497,0,0
1,5,712,443,-26056,500,0,20
1,5,231,230,-32768,248,0,0
1,5,227,228,16384,244,0,0
1,5,228,232,0,249,0,0
1,5,232,233,-16384,250,0,0
1,5,233,227,-32768,271,0,0
1,5,724,725,0,248,1,16
1,5,232,228,-32768,249,1,0
1,5,725,231,0,248,1,128
1,5,233,232,16384,250,1,0
1,5,231,234,-16384,251,1,0
1,5,234,233,-32768,252,0,0
1,5,228,227,-16384,244,1,0
1,5,227,229,-32768,245,0,0
1,5,229,230,16384,247,1,0
1,5,230,724,0,248,1,0
1,5,273,275,16384,300,0,0
1,5,435,276,0,480,0,0
1,5,274,436,-32768,481,0,0
1,5,436,273,16384,482,0,0
1,5,275,435,16384,483,0,0
1,5,276,274,-16384,561,0,0
1,5,272,274,-32768,297,0,0
1,5,276,277,0,299,0,0
1,5,274,276,16384,561,1,0
1,5,5,699,-30212,3,0,0
1,5,700,12,0,8,0,24
1,5,213,5,-32768,232,0,0
1,5,235,213,-16384,254,0,0
1,5,277,715,4362,492,0,0
1,5,12,227,16384,243,0,0
1,5,233,235,-16384,253,0,0
1,5,227,233,0,271,1,0
1,5,253,254,-24576,275,0,0
1,5,254,255,-32768,276,0,0
1,5,256,257,0,277,0,0
1,5,255,256,16384,282,0,0
1,5,726,242,9137,260,0,31
1,5,242,243,6894,261,0,0
1,5,243,244,1297,262,0,0
1,5,244,245,0,263,0,0
1,5,713,489,-32768,574,1,64
1,5,252,253,-32768,274,0,0
1,5,278,252,26941,302,0,0
1,5,103,708,26634,110,0,0
1,5,258,259,-16384,281,0,0
1,5,710,290,0,320,0,48
1,5,290,103,16384,321,0,0
1,5,259,258,16384,281,1,0
1,5,256,255,-16384,282,1,0
1,5,255,259,-32768,283,0,0
1,5,258,256,0,284,0,0
1,5,488,489,9672,573,0,0
1,5,489,713,0,574,0,0
1,5,250,487,12415,571,0,0
1,5,487,488,0,572,0,0
1,5,222,241,3355,259,0,0
1,5,488,487,-32768,572,1,0
1,5,489,488,-23095,573,1,0
1,5,219,727,16384,237,0,0
1,5,218,219,16384,270,0,0
1,5,250,218,-31045,272,1,0
1,5,487,250,-20352,571,1,0
1,5,241,726,9137,260,0,0
1,5,104,709,-32768,111,0,0
1,5,259,104,-16384,280,0,0
1,5,727,220,16384,237,0,34
1,5,220,221,8192,238,0,0
1,5,221,222,0,239,0,0
1,5,323,324,0,349,0,0
1,5,386,387,23421,415,0,0
1,5,388,386,-32768,454,0,0
1,5,293,294,-32768,323,0,0
1,5,388,293,-16384,417,0,0
1,5,294,386,16384,418,0,0
1,5,386,388,0,454,1,0
1,5,291,292,0,322,0,0
1,5,384,291,16384,413,0,0
1,5,292,385,-16384,414,0,0
1,5,728,485,16384,568,0,64
1,5,485,384,0,569,0,0
1,5,292,291,-32768,322,1,0
1,5,294,293,0,323,1,0
1,5,291,294,16384,324,0,0
1,5,293,292,-16384,325,0,0
1,5,311,312,26485,338,0,0
1,5,387,414,-32768,446,0,0
1,5,421,311,-32768,453,0,0
1,5,414,415,-16384,447,0,0
1,5,419,420,-32768,451,0,0
1,5,420,421,16384,452,0,0
1,5,423,422,0,456,0,0
1,5,424,423,16384,457,0,0
1,5,729,424,-32768,458,0,16
1,5,415,416,0,448,0,0
1,5,416,417,-16384,449,0,0
1,5,422,419,16384,455,0,0
1,5,417,422,23095,686,0,0
1,5,417,418,-21220,450,0,0
1,5,418,729,-32768,458,0,0
1,5,422,417,-9672,686,1,0
1,5,190,194,7037,209,0,0
1,5,194,195,4836,210,0,0
1,5,195,196,0,211,0,0
1,5,196,197,-8192,212,0,0
1,5,197,198,-11547,213,0,0
1,5,730,184,10747,199,0,74
1,5,184,731,-8578,308,0,0
1,5,184,189,4223,204,0,0
1,5,189,190,0,205,0,0
1,5,731,184,24189,308,1,131
1,5,551,552,0,659,0,0
1,5,552,553,-16384,660,0,0
1,5,553,412,-32768,675,0,0
1,5,561,551,16384,676,0,0
1,5,412,561,-32768,678,0,0
1,5,551,561,-16384,676,1,0
1,5,295,296,-32768,326,0,0
1,5,356,295,-29314,382,0,0
1,5,296,388,-23421,416,0,0
1,5,385,486,0,570,0,0
1,5,486,563,-16384,679,0,0
1,5,563,551,-16384,680,0,0
1,5,307,297,-16384,334,0,0
1,5,317,318,16384,343,0,0
1,5,339,340,0,365,0,0
1,5,732,313,-32768,339,0,40
1,5,313,314,24576,340,0,0
1,5,321,322,-16384,347,0,0
1,5,314,347,16384,373,0,0
1,5,347,348,6282,374,0,0
1,5,312,732,-32768,339,0,0
1,5,315,316,0,341,0,0
1,5,316,317,8192,342,0,0
1,5,318,319,24576,344,0,0
1,5,319,320,-32768,345,0,0
1,5,320,321,-24576,346,0,0
1,5,322,315,-8192,348,0,0
1,5,297,298,0,327,0,0
1,5,328,329,-24576,354,0,0
1,5,324,325,8192,350,0,0
1,5,325,326,16384,351,0,0
1,5,326,327,24576,352,0,0
1,5,329,330,-16384,355,0,0
1,5,330,323,-8192,356,0,0
1,5,305,306,-16384,333,0,0
1,5,306,495,-32768,581,0,0
1,5,495,496,16384,582,0,0
1,5,496,307,-32768,583,0,0
1,5,298,299,8192,328,0,0
1,5,300,301,-8192,329,0,0
1,5,327,328,-32768,353,0,0
1,5,299,303,16384,331,0,0
1,5,355,356,-16384,381,0,0
1,5,359,360,16384,385,0,0
1,5,333,334,16384,359,0,0
1,5,360,361,24576,386,0,0
1,5,357,358,0,383,0,0
1,5,358,359,8192,384,0,0
1,5,361,362,-32768,387,0,0
1,5,362,363,-24576,388,0,0
1,5,363,364,-16384,389,0,0
1,5,364,357,-8192,390,0,0
1,5,302,310,16384,337,0,0
1,5,331,332,0,357,0,0
1,5,332,333,8192,358,0,0
1,5,334,335,24576,360,0,0
1,5,335,336,-32768,361,0,0
1,5,336,337,-24576,362,0,0
1,5,338,331,-8192,364,0,0
1,5,304,300,-16384,332,0,0
1,5,303,365,11547,391,0,0
1,5,366,304,-11547,392,0,0
1,5,365,366,0,743,0,0
1,5,301,302,0,330,0,0
1,5,308,309,16384,335,0,0
1,5,310,308,-32768,336,0,0
1,5,337,338,-16384,363,0,0
1,5,344,345,-24576,370,0,0
1,5,348,349,16384,375,0,0
1,5,349,350,3355,376,0,0
1,5,350,733,0,377,0,0
1,5,340,341,8192,366,0,0
1,5,341,342,16384,367,0,0
1,5,342,343,24576,368,0,0
1,5,343,344,-32768,369,0,0
1,5,345,346,-16384,371,0,0
1,5,346,339,-8192,372,0,0
1,5,734,379,-32768,407,0,96
1,5,379,380,16384,408,0,0
1,5,380,381,0,410,0,0
1,5,610,611,-16384,747,0,0
1,5,381,382,0,409,0,0
1,5,382,383,0,411,0,0
1,5,383,735,-16384,431,0,0
1,5,609,610,-32768,746,0,0
1,5,377,378,-16384,406,0,0
1,5,378,734,-32768,407,0,0
1,5,736,376,-16384,431,0,72
1,5,611,612,0,748,0,0
1,5,735,736,-16384,431,0,64
1,5,612,609,16384,749,0,0
1,5,610,609,0,746,1,0
1,5,611,610,16384,747,1,0
1,5,612,611,-32768,748,1,0
1,5,609,612,-16384,749,1,0
1,5,374,375,-16384,401,0,0
1,5,376,374,0,404,0,0
1,5,375,377,-32768,405,0,0
1,5,353,354,0,379,0,0
1,5,354,355,-8192,380,0,0
1,5,309,608,25730,745,0,0
1,5,352,353,-3355,378,0,0
1,5,733,351,0,377,0,56
1,5,606,607,-27931,739,0,0
1,5,607,305,-25730,740,0,0
1,5,608,606,27931,744,0,0
1,5,607,606,4836,739,1,0
1,5,365,607,21220,741,0,0
1,5,608,366,-21220,742,0,0
1,5,366,365,-32768,743,1,0
1,5,606,608,-4836,744,1,0
1,5,367,368,-2058,393,0,0
1,5,368,352,-12082,394,0,0
1,5,369,370,26941,396,0,0
1,5,371,367,1875,397,0,0
1,5,370,371,16384,412,0,0
1,5,351,369,16384,395,0,0
1,5,370,372,-32768,398,0,0
1,5,373,371,0,399,0,0
1,5,372,373,16384,400,0,0
1,5,371,370,-16384,412,1,0
1,5,373,372,-16384,400,1,0
1,5,375,374,16384,401,1,0
1,5,374,373,0,402,0,0
1,5,372,375,-32768,403,0,0
1,5,737,120,0,124,0,192
1,5,120,123,-16384,126,0,0
1,5,123,131,-32768,144,0,0
1,5,130,131,16384,141,0,0
1,5,123,132,-16384,143,0,0
1,5,131,123,0,144,1,0
1,5,132,130,-32768,145,0,0
1,5,119,737,0,124,0,0
1,5,738,119,16384,133,0,64
1,5,131,127,-32768,142,0,0
1,5,121,738,16384,133,0,0
1,5,127,128,-16384,139,0,0
1,5,128,403,-32768,432,0,0
1,5,403,121,-32768,433,0,0
1,5,118,119,0,123,0,0
1,5,121,122,-32768,125,0,0
1,5,122,118,16384,132,1,0
1,5,119,121,-16384,133,1,0
1,5,193,739,-32768,208,0,0
1,5,404,405,0,434,0,0
1,5,721,404,16384,439,0,160
1,5,403,128,0,432,1,0
1,5,405,404,-32768,434,1,0
1,5,128,405,-16384,435,0,0
1,5,404,403,16384,436,0,0
1,5,723,208,15583,223,0,56
1,5,208,209,0,230,0,0
1,5,405,406,-10250,437,0,0
1,5,130,132,0,145,1,0
1,5,208,130,16384,224,0,0
1,5,132,209,-16384,225,0,0
1,5,209,208,-32768,230,1,0
1,5,198,722,-16384,214,0,0
1,5,202,200,16384,217,0,0
1,5,200,201,23095,215,0,0
1,5,201,193,30709,216,0,0
1,5,209,210,-13028,226,0,0
1,5,210,211,-3355,227,0,0
1,5,211,212,0,228,0,0
1,5,212,202,8192,229,0,0
1,5,247,714,-12021,266,0,0
1,5,249,247,0,267,0,0
1,5,257,249,8192,278,0,0
1,5,100,106,0,112,0,0
1,5,106,258,-16384,279,0,0
1,5,100,101,16384,108,0,0
1,5,106,100,-32768,112,1,0
1,5,107,106,-16384,113,0,0
1,5,101,107,0,114,1,0
1,5,118,122,-16384,132,0,0
1,5,124,125,16384,135,0,0
1,5,125,118,0,136,0,0
1,5,122,740,-32768,137,0,0
1,5,114,115,16384,121,0,0
1,5,116,114,16384,131,0,0
1,5,115,124,0,134,0,0
1,5,740,126,-32768,137,0,128
1,5,126,116,16384,138,0,0
1,5,192,191,-28799,207,0,0
1,5,739,192,-32768,208,0,320
1,5,741,95,0,105,0,64
1,5,107,101,-32768,114,0,0
1,5,108,107,-24576,115,0,0
1,5,95,108,-16384,128,0,0
1,5,109,108,-29025,116,0,0
1,5,95,111,-3742,118,0,0
1,5,111,109,-16384,127,0,0
1,5,108,95,16384,128,1,0
1,5,110,109,-29025,117,0,0
1,5,111,112,-3742,119,0,0
1,5,109,111,16384,127,1,0
1,5,112,110,-16384,129,0,0
1,5,742,743,-32768,203,0,96
1,5,188,742,-32768,203,0,0
1,5,191,188,-24576,206,0,0
1,5,744,112,16384,129,1,16
1,5,745,117,-16384,130,0,5
1,5,112,483,-3355,564,0,0
1,5,117,484,-32768,566,0,0
1,5,110,744,16384,129,1,0
1,5,484,110,-29412,567,0,0
1,5,113,745,-16384,130,0,0
1,5,483,113,0,565,0,0
1,5,113,114,0,120,0,0
1,5,116,117,-32768,122,0,0
1,5,117,113,16384,130,1,0
1,5,114,116,-16384,131,1,0
1,5,96,97,-16384,106,0,0
1,5,180,96,0,195,0,0
1,5,181,180,0,196,0,0
1,5,97,389,-32768,419,0,0
1,5,389,390,-32768,420,0,0
1,5,180,181,-32768,196,1,0
1,5,181,182,16384,197,0,0
1,5,185,180,-16384,200,0,0
1,5,182,185,0,231,0,0
1,5,94,741,0,105,0,0
1,5,98,99,16384,107,0,0
1,5,101,129,-32768,140,0,0
1,5,129,98,24576,193,0,0
1,5,99,94,8192,194,0,0
1,5,707,482,8192,562,0,22
1,5,482,100,8192,563,0,0
1,5,182,183,12641,198,0,0
1,5,186,185,-24576,201,0,0
1,5,185,182,-32768,231,1,0
1,5,183,186,-3159,307,0,0
1,5,183,730,10747,199,0,0
1,5,187,186,-29412,202,0,0
1,5,186,183,29608,307,1,0
1,5,731,187,-8578,308,0,21
1,5,743,187,-32768,203,0,480
1,5,187,731,24189,308,1,0
1,5,411,412,16384,444,0,0
1,5,553,558,-16384,666,0,0
1,5,558,411,-32768,674,0,0
1,5,412,553,0,675,1,0
1,5,557,411,16384,665,0,0
1,5,558,559,-16384,667,0,0
1,5,559,557,-32768,673,0,0
1,5,411,558,0,674,1,0
1,5,556,557,16384,664,0,0
1,5,559,560,-16384,668,0,0
1,5,560,556,-32768,672,0,0
1,5,557,559,0,673,1,0
1,5,555,556,16384,663,0,0
1,5,560,413,-16384,669,0,0
1,5,413,555,-32768,671,0,0
1,5,556,560,0,672,1,0
1,5,86,87,16384,96,0,0
1,5,88,89,16384,97,0,0
1,5,87,88,16384,98,0,0
1,5,390,86,-32768,421,0,0
1,5,410,181,0,441,0,0
1,5,89,410,0,443,1,0
1,5,413,409,-16384,445,0,0
1,5,554,555,16384,662,0,0
1,5,409,554,-32768,670,0,0
1,5,555,413,0,671,1,0
1,5,409,410,-16384,440,0,0
1,5,410,89,-32768,443,0,0
1,5,89,554,16384,661,0,0
1,5,554,409,0,670,1,0
1,5,44,45,-24576,43,0,0
1,5,46,47,8192,45,0,0
1,5,51,46,16384,51,0,0
1,5,47,52,0,52,0,0
1,5,45,51,30709,53,0,0
1,5,52,44,-13828,54,0,0
1,5,45,41,-16384,44,0,0
1,5,51,45,-2058,53,1,0
1,5,66,67,-16384,68,0,0
1,5,41,66,-16384,71,1,0
1,5,134,51,16384,148,0,0
1,5,678,134,16384,496,1,144
1,5,41,42,0,40,0,0
1,5,65,66,26634,66,0,0
1,5,66,41,16384,71,0,0
1,5,622,65,-32768,766,0,0
1,5,67,704,-6133,67,0,0
1,5,43,44,-32768,42,0,0
1,5,44,52,18939,54,1,0
1,5,52,260,0,285,0,0
1,5,260,261,0,286,0,0
1,5,90,43,-32768,306,1,0
1,5,261,90,-16384,442,0,0
1,5,262,263,-32768,287,0,0
1,5,263,728,16384,568,0,0
1,5,561,562,-16384,677,0,0
1,5,562,262,-16384,681,0,0
1,5,261,260,-32768,286,1,0
1,5,263,262,0,287,1,0
1,5,260,263,16384,288,0,0
1,5,262,261,-16384,289,0,0
1,5,42,43,16384,41,0,0
1,5,90,91,-16384,99,0,0
1,5,92,84,-16384,100,0,0
1,5,91,92,-16384,103,0,0
1,5,43,90,0,306,0,0
1,5,84,613,-32768,750,0,0
1,5,64,622,-32768,765,0,0
1,5,88,87,-16384,98,1,0
1,5,87,92,-32768,101,0,0
1,5,91,88,0,102,0,0
1,5,92,91,16384,103,1,0
