episode,mission,vertex_1,vertex_2,angle,line,side,offset
1,6,416,417,16384,468,0,0
1,6,426,427,16384,475,0,0
1,6,427,416,16384,506,0,0
1,6,412,739,-16384,868,1,0
1,6,416,427,-16384,506,1,0
1,6,422,421,16384,507,0,0
1,6,427,772,-32768,913,0,0
1,6,772,422,-32768,914,0,0
1,6,421,773,0,915,0,0
1,6,773,416,0,916,0,0
1,6,420,421,0,471,0,0
1,6,422,423,-32768,472,0,0
1,6,421,422,-16384,507,1,0
1,6,423,420,16384,508,0,0
1,6,423,434,-32768,482,0,0
1,6,437,420,0,485,0,0
1,6,420,423,-16384,508,1,0
1,6,434,437,16384,509,0,0
1,6,434,435,-32768,483,0,0
1,6,436,437,0,484,0,0
1,6,437,434,-16384,509,1,0
1,6,435,436,16384,510,0,0
1,6,436,435,-16384,510,1,0
1,6,458,436,0,511,0,0
1,6,435,460,-32768,514,0,0
1,6,460,458,16384,519,0,0
1,6,459,458,-8192,512,0,0
1,6,460,461,-24576,513,0,0
1,6,458,460,-16384,519,1,0
1,6,461,459,16384,520,0,0
1,6,461,462,-32768,515,0,0
1,6,465,459,0,518,0,0
1,6,459,461,-16384,520,1,0
1,6,462,465,16384,521,0,0
1,6,462,463,-32768,516,0,0
1,6,464,465,0,517,0,0
1,6,465,462,-16384,521,1,0
1,6,463,464,16384,522,0,0
1,6,1081,1082,-16384,522,1,16
1,6,507,510,16384,586,1,0
1,6,510,770,0,909,0,0
1,6,771,507,-32768,912,0,0
1,6,1082,463,-16384,522,1,112
1,6,463,466,-32768,523,0,0
1,6,466,771,31287,911,0,0
1,6,464,1081,-16384,522,1,0
1,6,467,464,0,524,0,0
1,6,770,467,1592,910,0,0
1,6,438,439,-32768,487,0,0
1,6,441,442,0,489,0,0
1,6,442,438,-16384,537,0,0
1,6,439,441,16384,538,1,0
1,6,419,438,-32768,486,0,0
1,6,442,443,0,490,0,0
1,6,443,419,-16384,536,0,0
1,6,438,442,16384,537,1,0
1,6,418,419,-32768,470,0,0
1,6,443,440,0,491,0,0
1,6,440,418,-16384,535,0,0
1,6,419,443,16384,536,1,0
1,6,417,418,-32768,469,0,0
1,6,440,414,0,488,0,0
1,6,414,417,-16384,534,0,0
1,6,418,440,16384,535,1,0
1,6,411,412,-16384,464,0,0
1,6,413,411,-8192,465,0,0
1,6,414,413,0,466,0,0
1,6,417,414,16384,534,1,0
1,6,468,469,-16384,542,0,0
1,6,469,776,-32768,923,0,0
1,6,776,777,-32768,924,0,0
1,6,778,468,0,925,0,0
1,6,777,485,27931,1308,0,0
1,6,1083,483,0,553,0,128
1,6,483,778,-3968,1307,0,0
1,6,457,456,-16384,541,0,0
1,6,469,468,16384,542,1,0
1,6,456,469,-32768,921,0,0
1,6,468,457,0,922,0,0
1,6,453,456,-32768,504,0,0
1,6,457,454,0,505,0,0
1,6,454,453,-16384,540,0,0
1,6,456,457,16384,541,1,0
1,6,452,453,24576,500,0,0
1,6,454,455,-8192,502,0,0
1,6,455,452,-16384,539,0,0
1,6,453,454,16384,540,1,0
1,6,439,452,24576,501,0,0
1,6,455,441,-8192,503,0,0
1,6,441,439,-16384,538,0,0
1,6,452,455,16384,539,1,0
1,6,486,487,-32768,556,0,0
1,6,488,484,0,557,0,0
1,6,487,488,16384,561,1,0
1,6,484,486,-16384,562,0,0
1,6,482,1083,0,553,0,0
1,6,484,482,6133,554,0,0
1,6,485,486,-32768,555,0,0
1,6,486,484,16384,562,1,0
1,6,491,505,-12021,1336,0,0
1,6,491,492,0,565,0,0
1,6,504,505,-32768,576,0,0
1,6,527,504,-16384,601,0,0
1,6,492,527,-16384,602,0,0
1,6,505,491,20746,1336,1,0
1,6,492,525,0,598,0,0
1,6,525,526,-16384,599,0,0
1,6,526,527,-32768,600,0,0
1,6,527,492,16384,602,1,0
1,6,505,506,-16384,577,0,0
1,6,507,508,-32768,579,0,0
1,6,508,509,16384,580,0,0
1,6,509,510,0,581,0,0
1,6,510,507,-16384,586,0,0
1,6,1084,1085,16384,577,1,16
1,6,509,508,-16384,580,1,0
1,6,505,504,0,576,1,0
1,6,1085,505,16384,577,1,112
1,6,510,509,-32768,581,1,0
1,6,504,511,0,582,0,0
1,6,511,510,-16384,584,0,0
1,6,506,1084,16384,577,1,0
1,6,493,506,-32768,578,1,0
1,6,508,507,0,579,1,0
1,6,512,493,-32768,583,0,0
1,6,507,512,-16384,585,0,0
1,6,1086,502,16384,573,0,32
1,6,502,503,16384,574,0,0
1,6,503,497,0,575,0,0
1,6,519,520,-16384,591,0,0
1,6,1069,1087,-16384,1330,0,0
1,6,1088,1072,16384,1334,0,32
1,6,1072,1069,0,1335,0,0
1,6,502,1086,-16384,573,1,0
1,6,1087,1069,16384,1330,1,32
1,6,1069,502,0,1332,0,0
1,6,488,487,-16384,561,0,0
1,6,495,496,0,568,0,0
1,6,497,495,0,569,0,0
1,6,516,517,-32768,589,0,0
1,6,496,488,-16384,607,0,0
1,6,487,491,-16384,564,0,0
1,6,515,516,16384,588,0,0
1,6,514,515,-32768,595,0,0
1,6,518,519,-32768,590,0,0
1,6,517,518,-16384,596,0,0
1,6,516,515,-16384,588,1,0
1,6,517,516,0,589,1,0
1,6,518,517,16384,596,1,0
1,6,513,514,16384,587,0,0
1,6,514,513,-16384,587,1,0
1,6,519,518,0,590,1,0
1,6,520,519,16384,591,1,0
1,6,521,520,-32768,592,1,0
1,6,513,524,-32768,594,1,0
1,6,515,514,0,595,1,0
1,6,528,529,-32768,604,0,0
1,6,531,532,0,610,0,0
1,6,533,534,0,611,0,0
1,6,532,533,0,628,0,0
1,6,534,800,-16384,967,0,0
1,6,800,528,-32768,968,0,0
1,6,529,801,-32768,969,0,0
1,6,801,531,16384,970,0,0
1,6,497,503,-32768,575,1,0
1,6,529,528,0,604,1,0
1,6,503,529,16384,605,0,0
1,6,528,497,-16384,606,0,0
1,6,532,535,16384,612,0,0
1,6,536,533,-16384,613,0,0
1,6,535,536,0,614,0,0
1,6,533,532,-32768,628,1,0
1,6,536,535,-32768,614,1,0
1,6,538,537,0,615,1,0
1,6,537,536,-16384,618,0,0
1,6,535,538,16384,619,0,0
1,6,542,543,3355,622,0,0
1,6,544,545,-3637,623,0,0
1,6,1056,1057,-32768,1313,0,0
1,6,543,544,0,1338,0,0
1,6,539,541,29412,620,0,0
1,6,541,1089,16384,621,0,0
1,6,1054,1055,0,1311,0,0
1,6,540,539,-32768,1337,0,0
1,6,1089,542,16384,621,0,120
1,6,1057,1054,-16384,1314,0,0
1,6,1055,1056,16384,1312,0,0
1,6,1055,1054,-32768,1311,1,0
1,6,1056,1055,-16384,1312,1,0
1,6,1057,1056,0,1313,1,0
1,6,1054,1057,16384,1314,1,0
1,6,537,538,-32768,615,0,0
1,6,538,539,16384,616,0,0
1,6,540,537,-16384,617,0,0
1,6,539,540,0,1337,1,0
1,6,546,540,-29412,624,0,0
1,6,547,546,-16384,625,0,0
1,6,545,548,-16384,626,0,0
1,6,548,547,-16384,627,0,0
1,6,1090,593,-16384,682,0,256
1,6,737,738,16384,857,0,0
1,6,738,737,-16384,857,1,0
1,6,741,738,0,862,0,0
1,6,737,742,-32768,863,0,0
1,6,742,741,16384,866,0,0
1,6,412,740,0,860,0,0
1,6,743,739,-32768,865,0,0
1,6,740,743,-16384,867,0,0
1,6,739,412,16384,868,0,0
1,6,740,741,0,861,0,0
1,6,742,743,-32768,864,0,0
1,6,741,742,-16384,866,1,0
1,6,743,740,16384,867,1,0
1,6,594,1090,-16384,682,0,0
1,6,1091,594,0,691,0,160
1,6,796,797,24576,963,0,0
1,6,838,836,0,1011,0,0
1,6,839,838,16384,1013,0,0
1,6,797,839,16384,1014,0,0
1,6,836,838,-32768,1011,1,0
1,6,849,850,0,1025,0,0
1,6,616,617,11547,707,0,0
1,6,838,840,-32768,1015,0,0
1,6,848,849,-16384,1024,0,0
1,6,857,848,2280,1035,0,0
1,6,1092,857,16384,1036,0,288
1,6,840,841,-16384,1016,0,0
1,6,841,842,-32768,1017,0,0
1,6,1093,1092,16384,1036,0,80
1,6,843,844,-16384,1019,0,0
1,6,858,1093,16384,1036,0,0
1,6,844,858,23095,1037,0,0
1,6,602,1091,0,691,0,0
1,6,603,602,8192,692,0,0
1,6,619,612,-32768,710,0,0
1,6,1094,603,16384,858,0,128
1,6,842,843,-24576,1018,0,0
1,6,844,1095,-32768,1020,0,0
1,6,858,844,-9672,1037,1,0
1,6,847,848,0,1023,0,0
1,6,848,857,-30487,1035,1,0
1,6,1095,845,-32768,1020,0,48
1,6,845,846,16384,1021,0,0
1,6,846,847,11273,1022,0,0
1,6,857,858,-16384,1036,1,0
1,6,612,613,-21220,703,0,0
1,6,738,1094,16384,858,0,0
1,6,613,614,-16384,704,0,0
1,6,614,615,-11547,705,0,0
1,6,615,616,0,706,0,0
1,6,617,618,16384,708,0,0
1,6,618,619,21220,709,0,0
1,6,593,594,16384,682,1,0
1,6,600,599,-16384,687,1,0
1,6,594,600,0,693,0,0
1,6,651,795,-16384,960,0,0
1,6,795,796,-32768,987,0,0
1,6,836,837,0,1010,0,0
1,6,600,594,-32768,693,1,0
1,6,795,600,-16384,961,0,0
1,6,594,796,16384,962,0,0
1,6,796,795,0,987,1,0
1,6,673,1096,0,770,0,0
1,6,851,853,16384,1028,0,0
1,6,853,673,8192,1029,0,0
1,6,852,851,30834,1042,0,0
1,6,850,851,16384,1026,0,0
1,6,852,860,-32768,1040,0,0
1,6,860,850,-32768,1041,0,0
1,6,851,852,-1933,1042,1,0
1,6,837,836,-32768,1010,1,0
1,6,852,855,-16384,1032,0,0
1,6,860,852,0,1040,1,0
1,6,850,860,0,1041,1,0
1,6,659,658,-32768,743,1,0
1,6,660,661,0,744,0,0
1,6,658,660,16384,755,0,0
1,6,661,659,-16384,765,0,0
1,6,661,660,-32768,744,1,0
1,6,662,663,0,745,0,0
1,6,660,662,16384,754,0,0
1,6,663,661,-16384,764,0,0
1,6,663,662,-32768,745,1,0
1,6,664,665,0,746,0,0
1,6,662,664,16384,753,0,0
1,6,665,663,-16384,763,0,0
1,6,665,664,-32768,746,1,0
1,6,666,667,0,747,0,0
1,6,664,666,16384,752,0,0
1,6,667,665,-16384,762,0,0
1,6,667,666,-32768,747,1,0
1,6,668,669,0,748,0,0
1,6,666,668,16384,751,0,0
1,6,669,667,-16384,761,0,0
1,6,1097,1098,-16384,1034,0,48
1,6,669,668,-32768,748,1,0
1,6,670,671,0,749,0,0
1,6,668,670,16384,750,0,0
1,6,671,669,-16384,760,0,0
1,6,671,670,-32768,749,1,0
1,6,833,671,-16384,1007,0,0
1,6,670,834,16384,1008,0,0
1,6,855,856,0,1033,0,0
1,6,856,1097,-16384,1034,0,0
1,6,808,809,0,978,0,0
1,6,835,852,-32768,1027,0,0
1,6,830,833,-16384,1006,0,0
1,6,834,835,16384,1009,0,0
1,6,1096,674,0,770,0,64
1,6,674,808,-16384,977,0,0
1,6,674,713,0,822,0,0
1,6,808,674,16384,977,1,0
1,6,809,808,-32768,978,1,0
1,6,713,809,-16384,979,1,0
1,6,597,598,-32768,685,0,0
1,6,598,599,27931,686,0,0
1,6,599,1099,16384,687,0,0
1,6,607,608,0,698,0,0
1,6,608,609,11547,699,0,0
1,6,1099,600,16384,687,0,64
1,6,600,1100,0,688,0,0
1,6,604,605,-21220,695,0,0
1,6,1100,1101,0,688,0,160
1,6,609,610,16384,700,0,0
1,6,605,606,-16384,696,0,0
1,6,606,607,-11547,697,0,0
1,6,610,611,21220,701,0,0
1,6,611,604,-32768,702,0,0
1,6,599,598,-4836,686,1,0
1,6,598,597,0,685,1,0
1,6,644,645,0,735,0,0
1,6,1102,650,-32768,738,0,32
1,6,645,672,0,803,0,0
1,6,837,644,0,1012,0,0
1,6,650,651,-24576,739,0,0
1,6,652,653,0,740,0,0
1,6,645,652,16384,759,0,0
1,6,653,672,-16384,769,0,0
1,6,672,645,-32768,803,1,0
1,6,653,652,-32768,740,1,0
1,6,654,655,0,741,0,0
1,6,652,654,16384,758,0,0
1,6,655,653,-16384,768,0,0
1,6,655,654,-32768,741,1,0
1,6,656,657,0,742,0,0
1,6,654,656,16384,757,0,0
1,6,657,655,-16384,767,0,0
1,6,657,656,-32768,742,1,0
1,6,658,659,0,743,0,0
1,6,656,658,16384,756,0,0
1,6,659,657,-16384,766,0,0
1,6,644,837,-32768,1012,1,0
1,6,1098,644,-16384,1034,0,208
1,6,646,647,0,736,0,0
1,6,649,1102,-32768,738,0,0
1,6,672,810,0,980,0,0
1,6,810,646,0,981,0,0
1,6,647,811,0,982,0,0
1,6,811,815,-16384,988,0,0
1,6,815,1006,-16384,1247,0,0
1,6,1006,1007,-16384,1248,0,0
1,6,798,648,16384,965,0,0
1,6,812,799,-24576,983,0,0
1,6,799,798,-32768,986,0,0
1,6,1007,812,-16384,1249,0,0
1,6,648,649,24576,737,0,0
1,6,595,596,-16384,683,0,0
1,6,596,597,-27931,684,0,0
1,6,1101,595,0,688,0,192
1,6,597,596,4836,684,1,0
1,6,591,592,16384,680,0,0
1,6,592,1103,0,689,0,0
1,6,592,591,-16384,680,1,0
1,6,596,595,16384,683,1,0
1,6,595,592,0,694,0,0
1,6,592,595,-32768,694,1,0
1,6,595,798,16384,964,0,0
1,6,799,592,-16384,966,0,0
1,6,798,799,0,986,1,0
1,6,647,646,-32768,736,1,0
1,6,646,810,-32768,981,1,0
1,6,811,647,-32768,982,1,0
1,6,810,813,16384,984,0,0
1,6,813,816,0,989,0,0
1,6,816,817,16384,990,0,0
1,6,818,819,0,991,0,0
1,6,859,818,0,1038,1,0
1,6,817,859,0,1039,1,0
1,6,809,713,16384,979,0,0
1,6,817,830,-32768,1003,0,0
1,6,831,832,-16384,1004,0,0
1,6,713,854,0,1030,0,0
1,6,854,831,-8192,1031,0,0
1,6,832,817,-30834,1043,0,0
1,6,832,818,-16384,1005,0,0
1,6,818,859,-32768,1038,0,0
1,6,859,817,-32768,1039,0,0
1,6,817,832,1933,1043,1,0
1,6,819,822,16384,993,0,0
1,6,822,828,-2280,1000,0,0
1,6,828,1104,-16384,1001,0,0
1,6,1010,1011,22517,1256,0,0
1,6,820,1010,16384,1255,0,0
1,6,1011,814,-32768,1257,0,0
1,6,820,821,-32768,992,0,0
1,6,821,1004,16384,1244,0,0
1,6,1004,1008,0,1252,0,0
1,6,1105,820,-16384,1255,1,32
1,6,1008,1009,16384,1253,0,0
1,6,1010,1105,-16384,1255,1,0
1,6,1011,1010,-10250,1256,1,0
1,6,1106,1011,0,1257,1,64
1,6,1005,814,16384,1246,0,0
1,6,1009,1005,-32768,1254,0,0
1,6,814,1106,0,1257,1,0
1,6,1004,1005,16384,1245,0,0
1,6,1008,1004,-32768,1252,1,0
1,6,1009,1008,-16384,1253,1,0
1,6,1005,1009,0,1254,1,0
1,6,814,811,-32768,985,0,0
1,6,1005,1004,-16384,1245,1,0
1,6,1007,1006,16384,1248,1,0
1,6,1004,1007,-32768,1250,0,0
1,6,1006,1005,0,1251,0,0
1,6,826,827,16384,998,0,0
1,6,1104,829,-16384,1001,0,624
1,6,829,826,-23095,1002,0,0
1,6,588,1107,-16384,665,0,0
1,6,1103,601,0,689,0,32
1,6,601,588,-8192,690,0,0
1,6,635,628,-32768,726,0,0
1,6,827,820,24576,999,0,0
1,6,1108,826,-32768,997,0,80
1,6,826,829,9672,1002,1,0
1,6,822,823,0,994,0,0
1,6,828,822,30487,1000,1,0
1,6,823,824,-11547,995,0,0
1,6,824,825,-16146,996,0,0
1,6,825,1108,-32768,997,0,0
1,6,829,828,16384,1001,1,0
1,6,1107,1109,-16384,665,0,64
1,6,632,633,11547,723,0,0
1,6,628,629,-21220,719,0,0
1,6,629,630,-16384,720,0,0
1,6,630,631,-11547,721,0,0
1,6,631,632,0,722,0,0
1,6,633,634,16384,724,0,0
1,6,634,635,21220,725,0,0
1,6,1001,998,-24576,1236,0,0
1,6,995,1002,25376,1237,0,0
1,6,1002,1001,-1093,1239,0,0
1,6,999,1000,0,1235,0,0
1,6,1003,999,0,1238,0,0
1,6,1001,1002,31674,1239,1,0
1,6,1002,1014,16384,1262,0,0
1,6,1014,1003,16384,1263,0,0
1,6,1000,1015,-16384,1264,0,0
1,6,1015,1001,-16384,1265,0,0
1,6,826,825,0,997,1,0
1,6,999,1003,-32768,1238,1,0
1,6,1003,826,16384,1240,0,0
1,6,825,999,-16384,1241,0,0
1,6,589,590,-32768,676,0,0
1,6,560,570,-32768,675,0,0
1,6,590,589,0,676,1,0
1,6,570,1058,16384,1315,0,0
1,6,1058,590,16384,1316,0,0
1,6,589,1059,-16384,1317,0,0
1,6,1059,560,-16384,1318,0,0
1,6,560,561,-16384,638,0,0
1,6,569,570,16384,647,0,0
1,6,561,569,-32768,674,0,0
1,6,570,560,0,675,1,0
1,6,561,562,-16384,639,0,0
1,6,571,569,16384,648,0,0
1,6,562,571,-32768,673,0,0
1,6,569,561,0,674,1,0
1,6,562,563,-16384,640,0,0
1,6,572,571,16384,649,0,0
1,6,563,572,-32768,672,0,0
1,6,571,562,0,673,1,0
1,6,563,564,-16384,641,0,0
1,6,573,572,16384,650,0,0
1,6,564,573,-32768,671,0,0
1,6,572,563,0,672,1,0
1,6,564,565,-16384,642,0,0
1,6,574,573,16384,651,0,0
1,6,565,574,-32768,670,0,0
1,6,573,564,0,671,1,0
1,6,565,566,-16384,643,0,0
1,6,575,574,16384,652,0,0
1,6,566,575,-32768,669,0,0
1,6,574,565,0,670,1,0
1,6,566,567,-16384,644,0,0
1,6,576,575,16384,653,0,0
1,6,567,576,-32768,668,0,0
1,6,575,566,0,669,1,0
1,6,567,568,-16384,645,0,0
1,6,577,576,16384,654,0,0
1,6,568,577,-32768,667,0,0
1,6,576,567,0,668,1,0
1,6,568,557,-16384,646,0,0
1,6,554,577,16384,655,0,0
1,6,557,554,-32768,666,0,0
1,6,577,568,0,667,1,0
1,6,554,557,0,666,1,0
1,6,895,896,-32768,1088,0,0
1,6,549,550,0,629,0,0
1,6,557,549,0,635,0,0
1,6,550,586,-8192,662,0,0
1,6,586,675,-16384,804,0,0
1,6,709,710,-32768,818,0,0
1,6,582,894,-32768,1084,0,0
1,6,894,895,-32768,1085,0,0
1,6,986,987,27931,1223,0,0
1,6,988,989,-11547,1224,0,0
1,6,990,988,-4836,1226,0,0
1,6,1110,990,0,1228,0,48
1,6,987,991,-32768,1227,0,0
1,6,992,1110,0,1228,0,0
1,6,991,993,26634,1229,0,0
1,6,993,994,18939,1230,0,0
1,6,558,559,16384,637,0,0
1,6,1111,558,-32768,664,0,312
1,6,559,591,4836,679,0,0
1,6,636,637,-21220,727,0,0
1,6,587,1111,-32768,664,0,0
1,6,1112,587,-16384,665,0,528
1,6,639,640,0,730,0,0
1,6,1109,1112,-16384,665,0,320
1,6,640,641,11547,731,0,0
1,6,637,638,-16384,728,0,0
1,6,638,639,-11547,729,0,0
1,6,641,642,16384,732,0,0
1,6,642,643,21220,733,0,0
1,6,643,636,-32768,734,0,0
1,6,559,589,-32768,677,0,0
1,6,591,559,-27931,679,1,0
1,6,550,549,-32768,629,1,0
1,6,549,558,16384,636,0,0
1,6,587,550,-16384,663,0,0
1,6,558,587,0,664,1,0
1,6,994,995,16384,1231,0,0
1,6,998,996,-16384,1234,0,0
1,6,996,997,-10250,1232,0,0
1,6,997,992,-2555,1233,0,0
1,6,731,732,0,848,0,0
1,6,733,731,16384,851,0,0
1,6,732,734,-16384,853,0,0
1,6,734,733,-32768,854,1,0
1,6,732,731,-32768,848,1,0
1,6,729,730,0,849,0,0
1,6,731,729,16384,850,0,0
1,6,730,732,-16384,852,0,0
1,6,978,979,13028,1217,0,0
1,6,979,1113,-8192,1243,0,0
1,6,1113,979,24576,1243,1,22
1,6,981,1114,-19423,1258,0,0
1,6,973,974,0,1213,0,0
1,6,1046,973,2777,1299,0,0
1,6,974,978,4836,1216,0,0
1,6,727,728,0,842,0,0
1,6,729,727,16384,845,0,0
1,6,728,730,-16384,847,0,0
1,6,730,729,-32768,849,1,0
1,6,728,727,-32768,842,1,0
1,6,725,726,0,843,0,0
1,6,727,725,16384,844,0,0
1,6,726,728,-16384,846,0,0
1,6,723,724,0,836,0,0
1,6,725,723,16384,839,0,0
1,6,724,726,-16384,841,0,0
1,6,726,725,-32768,843,1,0
1,6,724,723,-32768,836,1,0
1,6,721,722,0,837,0,0
1,6,723,721,16384,838,0,0
1,6,722,724,-16384,840,0,0
1,6,980,981,-15086,1218,0,0
1,6,979,1013,16384,1260,0,0
1,6,1013,982,18585,1261,0,0
1,6,719,720,0,830,0,0
1,6,721,719,16384,833,0,0
1,6,720,722,-16384,835,0,0
1,6,722,721,-32768,837,1,0
1,6,720,719,-32768,830,1,0
1,6,717,718,0,831,0,0
1,6,719,717,16384,832,0,0
1,6,718,720,-16384,834,0,0
1,6,715,716,0,824,0,0
1,6,717,715,16384,827,0,0
1,6,716,718,-16384,829,0,0
1,6,718,717,-32768,831,1,0
1,6,716,715,-32768,824,1,0
1,6,714,676,0,825,0,0
1,6,715,714,16384,826,0,0
1,6,676,716,-16384,828,0,0
1,6,675,676,-16384,771,0,0
1,6,707,708,16384,816,0,0
1,6,676,714,-32768,825,1,0
1,6,984,980,-10101,1220,0,0
1,6,985,986,24576,1222,0,0
1,6,989,984,-13828,1225,0,0
1,6,982,983,22210,1219,0,0
1,6,983,985,16384,1221,0,0
1,6,581,582,18106,659,0,0
1,6,712,705,-4836,821,0,0
1,6,714,581,-32768,823,0,0
1,6,705,706,0,814,0,0
1,6,706,707,4836,815,0,0
1,6,708,709,27931,817,0,0
1,6,710,711,-27931,819,0,0
1,6,711,712,-16384,820,0,0
1,6,885,886,-8192,1076,0,0
1,6,891,885,0,1080,0,0
1,6,886,878,-24576,1094,0,0
1,6,877,878,16384,1070,0,0
1,6,887,888,-24576,1077,0,0
1,6,888,889,-32768,1078,0,0
1,6,878,886,8192,1094,1,0
1,6,886,903,-16384,1102,0,0
1,6,903,887,-16384,1103,0,0
1,6,876,877,0,1069,0,0
1,6,875,874,-32768,1092,1,0
1,6,874,1079,16384,1348,0,0
1,6,1079,880,16384,1349,0,0
1,6,889,1080,-16384,1350,0,0
1,6,1080,875,-16384,1351,0,0
1,6,878,879,-32768,1071,0,0
1,6,890,891,0,1083,0,0
1,6,890,892,16384,1081,0,0
1,6,893,891,-16384,1082,0,0
1,6,891,890,-32768,1083,1,0
1,6,892,893,0,1095,0,0
1,6,898,899,0,1089,0,0
1,6,893,892,-32768,1095,1,0
1,6,900,898,16384,1096,0,0
1,6,892,900,16384,1097,0,0
1,6,899,901,-16384,1098,0,0
1,6,901,893,-16384,1099,0,0
1,6,896,895,0,1088,1,0
1,6,899,898,-32768,1089,1,0
1,6,898,896,16384,1090,0,0
1,6,895,899,-16384,1091,0,0
1,6,447,451,-16384,533,0,0
1,6,480,481,8192,552,0,0
1,6,481,774,2058,917,0,0
1,6,774,447,0,918,0,0
1,6,451,775,-32768,919,0,0
1,6,470,471,-24576,543,0,0
1,6,471,472,-28257,544,0,0
1,6,472,1115,-32768,545,0,0
1,6,775,470,-26056,920,0,0
1,6,447,446,0,495,0,0
1,6,450,451,-32768,499,0,0
1,6,446,450,-16384,532,0,0
1,6,451,447,16384,533,1,0
1,6,446,445,0,494,0,0
1,6,449,450,-32768,498,0,0
1,6,445,449,-16384,531,0,0
1,6,450,446,16384,532,1,0
1,6,445,444,8192,493,0,0
1,6,448,449,-24576,497,0,0
1,6,444,448,-16384,530,0,0
1,6,449,445,16384,531,1,0
1,6,444,432,8192,492,0,0
1,6,431,448,-24576,496,0,0
1,6,432,431,-16384,529,0,0
1,6,448,444,16384,530,1,0
1,6,430,431,-32768,479,0,0
1,6,432,433,0,480,0,0
1,6,433,430,-16384,528,0,0
1,6,431,432,16384,529,1,0
1,6,429,430,-32768,478,0,0
1,6,433,424,0,481,0,0
1,6,424,429,-16384,527,0,0
1,6,430,433,16384,528,1,0
1,6,424,425,0,473,0,0
1,6,428,429,-32768,477,0,0
1,6,425,428,-16384,526,0,0
1,6,429,424,16384,527,1,0
1,6,425,426,0,474,0,0
1,6,415,428,-32768,476,0,0
1,6,426,415,-16384,525,0,0
1,6,428,425,16384,526,1,0
1,6,409,410,-24576,463,0,0
1,6,410,415,-32768,467,0,0
1,6,415,426,16384,525,1,0
1,6,739,409,-16384,859,0,0
1,6,489,490,-32768,560,0,0
1,6,524,513,0,594,0,0
1,6,523,524,16384,603,0,0
1,6,490,530,-32768,609,0,0
1,6,475,490,16384,559,0,0
1,6,490,489,0,560,1,0
1,6,476,475,-32768,563,0,0
1,6,1116,473,-32768,545,0,145
1,6,473,474,25376,546,0,0
1,6,474,475,16384,547,0,0
1,6,476,477,-15086,548,0,0
1,6,475,476,0,563,1,0
1,6,1115,1116,-32768,545,0,96
1,6,477,478,0,549,0,0
1,6,478,479,2555,550,0,0
1,6,479,480,6558,551,0,0
1,6,489,476,-16384,558,0,0
1,6,493,494,-16384,566,0,0
1,6,494,489,-32768,567,0,0
1,6,506,493,0,578,0,0
1,6,1117,499,-32768,570,0,128
1,6,499,500,-32768,571,0,0
1,6,500,501,16384,572,0,0
1,6,501,1086,16384,573,0,0
1,6,520,521,0,592,0,0
1,6,521,522,-16384,597,0,0
1,6,498,1117,-32768,570,0,0
1,6,522,523,0,593,0,0
1,6,530,498,-16384,608,0,0
1,6,523,522,-32768,593,1,0
1,6,522,521,16384,597,1,0
1,6,524,523,-16384,603,1,0
1,6,1087,1070,-16384,1330,0,240
1,6,1070,1071,-32768,1333,0,0
1,6,1071,1088,16384,1334,0,0
1,6,1086,501,-16384,573,1,240
1,6,1070,1087,16384,1330,1,0
1,6,501,1070,-32768,1331,0,0
1,6,1065,1066,0,1324,0,0
1,6,1067,1065,16384,1325,0,0
1,6,1066,1068,-16384,1326,0,0
1,6,1068,1067,-32768,1327,0,0
1,6,499,498,0,570,1,0
1,6,1066,1065,-32768,1324,1,0
1,6,1065,499,16384,1328,0,0
1,6,498,1066,-16384,1329,0,0
1,6,693,694,0,796,0,0
1,6,695,693,16384,799,0,0
1,6,694,696,-16384,801,0,0
1,6,696,695,-32768,802,1,0
1,6,694,693,-32768,796,1,0
1,6,691,692,0,797,0,0
1,6,693,691,16384,798,0,0
1,6,692,694,-16384,800,0,0
1,6,689,690,0,790,0,0
1,6,691,689,16384,793,0,0
1,6,690,692,-16384,795,0,0
1,6,692,691,-32768,797,1,0
1,6,690,689,-32768,790,1,0
1,6,687,688,0,791,0,0
1,6,689,687,16384,792,0,0
1,6,688,690,-16384,794,0,0
1,6,685,686,0,784,0,0
1,6,687,685,16384,787,0,0
1,6,686,688,-16384,789,0,0
1,6,688,687,-32768,791,1,0
1,6,686,685,-32768,784,1,0
1,6,683,684,0,785,0,0
1,6,685,683,16384,786,0,0
1,6,684,686,-16384,788,0,0
1,6,681,682,0,778,0,0
1,6,683,681,16384,781,0,0
1,6,682,684,-16384,783,0,0
1,6,684,683,-32768,785,1,0
1,6,682,681,-32768,778,1,0
1,6,679,680,0,779,0,0
1,6,681,679,16384,780,0,0
1,6,680,682,-16384,782,0,0
1,6,677,678,0,772,0,0
1,6,679,677,16384,775,0,0
1,6,678,680,-16384,777,0,0
1,6,680,679,-32768,779,1,0
1,6,678,677,-32768,772,1,0
1,6,579,585,0,773,0,0
1,6,677,579,16384,774,0,0
1,6,585,678,-16384,776,0,0
1,6,585,579,-32768,773,1,0
1,6,883,884,8192,1075,0,0
1,6,884,890,0,1079,0,0
1,6,879,883,24576,1093,0,0
1,6,879,876,-16384,1072,0,0
1,6,880,881,-32768,1073,0,0
1,6,881,882,24576,1074,0,0
1,6,883,879,-8192,1093,1,0
1,6,882,902,16384,1100,0,0
1,6,902,883,16384,1101,0,0
1,6,583,584,-18106,660,0,0
1,6,584,585,-32768,661,0,0
1,6,698,699,4836,807,0,0
1,6,896,897,-32768,1086,0,0
1,6,897,583,-32768,1087,0,0
1,6,555,556,-16384,633,0,0
1,6,556,1118,-32768,656,0,0
1,6,593,555,-4836,681,0,0
1,6,625,626,16384,716,0,0
1,6,1118,553,-32768,656,0,176
1,6,622,623,-11547,713,0,0
1,6,553,737,16384,856,0,0
1,6,620,621,-21220,711,0,0
1,6,621,622,-16384,712,0,0
1,6,623,624,0,714,0,0
1,6,624,625,11547,715,0,0
1,6,626,627,21220,717,0,0
1,6,627,620,-32768,718,0,0
1,6,590,555,-32768,678,0,0
1,6,555,593,27931,681,1,0
1,6,551,552,0,630,0,0
1,6,552,554,0,632,0,0
1,6,578,551,8192,657,0,0
1,6,580,578,16384,805,0,0
1,6,701,702,-32768,810,0,0
1,6,552,551,-32768,630,1,0
1,6,551,553,16384,631,0,0
1,6,556,552,-16384,634,0,0
1,6,553,556,0,656,1,0
1,6,579,580,16384,658,0,0
1,6,703,704,-16384,812,0,0
1,6,697,698,0,806,0,0
1,6,699,700,16384,808,0,0
1,6,700,701,27931,809,0,0
1,6,702,703,-27931,811,0,0
1,6,704,697,-4836,813,0,0
1,6,29,30,24576,23,0,0
1,6,30,1119,8192,180,0,0
1,6,164,29,-24576,222,0,0
1,6,14,21,-16384,17,0,0
1,6,21,25,-32768,20,0,0
1,6,26,27,-32768,21,0,0
1,6,27,28,24576,22,0,0
1,6,165,14,0,177,0,0
1,6,28,165,8192,221,0,0
1,6,25,904,-32768,1104,0,0
1,6,904,905,-32768,1105,0,0
1,6,905,26,-32768,1106,0,0
1,6,28,1120,24576,24,0,0
1,6,165,28,-24576,221,1,0
1,6,9,14,-16384,11,0,0
1,6,1120,29,24576,24,0,226
1,6,164,9,0,176,1,0
1,6,14,165,-32768,177,1,0
1,6,29,164,8192,222,1,0
1,6,16,17,-16384,13,0,0
1,6,18,19,16384,14,0,0
1,6,17,18,-32768,38,1,0
1,6,9,13,0,10,0,0
1,6,14,9,16384,11,1,0
1,6,19,14,-32768,15,0,0
1,6,1121,36,8192,36,0,113
1,6,1122,43,-32768,40,0,288
1,6,80,1123,-32768,166,0,0
1,6,43,78,-16384,85,0,0
1,6,79,80,16384,86,0,0
1,6,78,79,-32768,87,0,0
1,6,1124,34,0,26,0,64
1,6,35,36,0,29,0,0
1,6,36,1121,-24576,36,1,0
1,6,34,35,0,1107,0,0
1,6,34,26,16384,27,0,0
1,6,25,35,-16384,28,0,0
1,6,904,25,0,1104,1,0
1,6,905,904,0,1105,1,0
1,6,26,905,0,1106,1,0
1,6,35,34,-32768,1107,1,0
1,6,36,18,8192,30,0,0
1,6,18,17,0,38,0,0
1,6,5,6,-32768,3,0,0
1,6,4,5,-16384,4,0,0
1,6,6,2,16384,5,0,0
1,6,6,5,0,3,1,0
1,6,5,76,-16384,81,0,0
1,6,77,6,16384,82,0,0
1,6,76,77,-32768,934,0,0
1,6,781,162,-16384,931,0,0
1,6,13,782,16384,932,0,0
1,6,782,781,0,935,0,0
1,6,76,781,-16384,930,0,0
1,6,782,77,16384,933,0,0
1,6,77,76,0,934,1,0
1,6,781,782,-32768,935,1,0
1,6,0,1,24576,0,0,0
1,6,2,0,-32768,1,0,0
1,6,74,75,0,74,0,0
1,6,7,8,0,6,0,0
1,6,8,9,-16384,7,0,0
1,6,9,164,-32768,176,0,0
1,6,1119,1125,8192,180,0,45
1,6,1125,168,8192,180,0,316
1,6,167,7,-8192,181,0,0
1,6,168,167,8192,182,0,0
1,6,209,210,24576,223,0,0
1,6,210,1126,8192,224,0,0
1,6,243,785,-24576,940,0,0
1,6,785,166,-24576,941,0,0
1,6,169,786,-24576,942,0,0
1,6,786,209,-24576,943,0,0
1,6,166,167,-8192,178,0,0
1,6,168,169,24576,179,0,0
1,6,167,168,-24576,182,1,0
1,6,52,53,-32768,45,0,0
1,6,65,52,-16384,57,0,0
1,6,53,69,16384,68,0,0
1,6,874,875,0,1092,0,0
1,6,53,52,0,45,1,0
1,6,54,55,-32768,46,0,0
1,6,52,54,-16384,58,0,0
1,6,55,53,16384,67,0,0
1,6,55,54,0,46,1,0
1,6,56,57,-32768,47,0,0
1,6,54,56,-16384,59,0,0
1,6,57,55,16384,66,0,0
1,6,57,56,0,47,1,0
1,6,58,59,-32768,48,0,0
1,6,56,58,-16384,60,0,0
1,6,59,57,16384,65,0,0
1,6,44,45,0,41,0,0
1,6,45,62,-16384,54,0,0
1,6,75,44,16384,75,0,0
1,6,45,44,-32768,41,1,0
1,6,46,47,0,42,0,0
1,6,47,45,-16384,53,0,0
1,6,44,46,16384,76,0,0
1,6,47,46,-32768,42,1,0
1,6,48,49,0,43,0,0
1,6,49,47,-16384,52,0,0
1,6,46,48,16384,77,0,0
1,6,49,48,-32768,43,1,0
1,6,50,51,0,44,0,0
1,6,51,49,-16384,51,0,0
1,6,48,50,16384,78,0,0
1,6,51,50,-32768,44,1,0
1,6,59,58,0,48,1,0
1,6,50,59,16384,83,1,0
1,6,58,51,-16384,84,1,0
1,6,1126,211,8192,224,0,147
1,6,211,243,-8192,266,0,0
1,6,71,72,-16384,71,0,0
1,6,735,736,8192,855,0,0
1,6,1,735,16384,873,0,0
1,6,68,59,0,64,0,0
1,6,50,73,-32768,72,0,0
1,6,73,68,16384,80,0,0
1,6,59,50,-16384,83,0,0
1,6,72,74,-8192,73,0,0
1,6,69,70,-32768,69,0,0
1,6,736,874,0,1067,0,0
1,6,70,71,-24576,70,0,0
1,6,695,696,0,802,0,0
1,6,750,751,-32768,876,0,0
1,6,696,752,0,877,0,0
1,6,752,750,-16384,880,0,0
1,6,751,783,16384,936,0,0
1,6,783,695,16384,937,0,0
1,6,736,735,-24576,855,1,0
1,6,735,749,-32768,874,0,0
1,6,749,753,16384,879,0,0
1,6,753,754,0,881,0,0
1,6,754,736,0,882,0,0
1,6,749,750,-32768,875,0,0
1,6,752,753,0,878,0,0
1,6,753,749,-16384,879,1,0
1,6,750,752,16384,880,1,0
1,6,67,65,-32768,63,0,0
1,6,746,744,-8192,870,0,0
1,6,875,746,0,1068,0,0
1,6,744,746,24576,870,1,0
1,6,757,744,-32768,885,0,0
1,6,746,758,0,886,0,0
1,6,758,759,0,887,0,0
1,6,759,757,-16384,890,0,0
1,6,733,734,0,854,0,0
1,6,755,756,-32768,883,0,0
1,6,760,733,0,889,0,0
1,6,756,760,16384,891,0,0
1,6,734,784,-16384,938,0,0
1,6,784,755,-16384,939,0,0
1,6,756,757,-32768,884,0,0
1,6,759,760,0,888,0,0
1,6,757,759,16384,890,1,0
1,6,760,756,-16384,891,1,0
1,6,64,66,16384,61,0,0
1,6,58,60,0,49,0,0
1,6,61,51,-32768,50,0,0
1,6,60,61,-16384,79,0,0
1,6,51,58,16384,84,0,0
1,6,66,67,24576,62,0,0
1,6,744,745,-16384,869,0,0
1,6,745,768,0,906,0,0
1,6,769,748,-32768,907,0,0
1,6,768,769,-16384,908,0,0
1,6,403,404,-16384,459,1,0
1,6,769,768,16384,908,1,0
1,6,768,779,0,926,0,0
1,6,779,403,0,927,0,0
1,6,404,780,-32768,928,0,0
1,6,780,769,-32768,929,0,0
1,6,975,976,-29412,1214,0,0
1,6,977,975,-23095,1215,0,0
1,6,1113,977,-8192,1243,0,90
1,6,1045,1046,16384,1298,0,0
1,6,976,1047,-32768,1300,0,0
1,6,977,1113,24576,1243,1,0
1,6,1114,1012,-19424,1258,0,66
1,6,1012,977,-32768,1259,0,0
1,6,1127,1017,-16384,1267,0,72
1,6,1017,1018,-25376,1268,0,0
1,6,1018,1019,-32768,1269,0,0
1,6,1019,1020,27931,1270,0,0
1,6,1041,1042,0,1293,0,0
1,6,969,970,6370,1210,0,0
1,6,970,1016,-2280,1266,0,0
1,6,1016,1127,-16384,1267,0,0
1,6,1044,969,27931,1296,0,0
1,6,1128,1041,-4460,1292,0,170
1,6,1042,1043,8192,1294,0,0
1,6,1043,1044,24576,1295,0,0
1,6,1020,1021,-26634,1271,0,0
1,6,972,971,-26397,1242,0,0
1,6,971,1045,25730,1297,0,0
1,6,1047,972,-16384,1301,0,0
1,6,970,969,-26397,1210,1,0
1,6,969,971,27931,1211,0,0
1,6,972,970,-4836,1212,0,0
1,6,971,972,6370,1242,1,0
1,6,403,761,11039,892,0,0
1,6,761,1040,1480,1291,0,0
1,6,1040,1128,-4487,1292,0,0
1,6,408,1129,2280,1044,0,0
1,6,402,403,30892,456,0,0
1,6,1022,1023,-1480,1273,0,0
1,6,1027,402,-12415,1278,0,0
1,6,1130,1027,-20352,1277,0,4
1,6,1021,1022,-8192,1272,0,0
1,6,1023,1024,2555,1274,0,0
1,6,1024,1025,0,1275,0,0
1,6,1025,1026,-9672,1276,0,0
1,6,1026,1130,-20352,1277,0,0
1,6,403,402,-1875,456,1,0
1,6,404,403,16384,459,0,0
1,6,404,405,-1875,457,0,0
1,6,406,404,16384,458,0,0
1,6,1131,406,23095,893,0,240
1,6,405,909,-24576,1113,0,0
1,6,405,404,30892,457,1,0
1,6,402,405,-16384,460,0,0
1,6,405,402,16384,460,1,0
1,6,402,408,0,462,0,0
1,6,3,4,-32768,2,0,0
1,6,62,63,0,55,0,0
1,6,747,3,-24576,871,0,0
1,6,63,64,8192,56,0,0
1,6,748,747,-16384,872,0,0
1,6,10,11,16384,8,0,0
1,6,11,12,0,9,0,0
1,6,161,10,-32768,172,0,0
1,6,12,1132,-8192,175,0,0
1,6,762,1131,23095,893,0,0
1,6,873,762,-21220,1066,0,0
1,6,400,401,-24576,453,0,0
1,6,871,872,21220,1064,0,0
1,6,401,908,-24576,1111,0,0
1,6,908,871,-24576,1112,0,0
1,6,909,400,-24576,1114,0,0
1,6,872,873,-32768,1065,0,0
1,6,872,871,-11547,1064,1,0
1,6,873,872,0,1065,1,0
1,6,762,873,11547,1066,1,0
1,6,871,910,-32768,1115,0,0
1,6,910,911,-32768,1116,0,0
1,6,911,762,-32768,1117,0,0
1,6,911,910,0,1116,1,0
1,6,910,1133,-16384,1118,0,0
1,6,1134,911,16384,1120,0,144
1,6,1132,163,-8192,175,0,271
1,6,163,204,-24576,213,0,0
1,6,204,161,24576,218,0,0
1,6,1135,1134,16384,1120,0,32
1,6,20,15,16384,16,0,0
1,6,22,23,-32768,18,0,0
1,6,24,20,-32768,19,0,0
1,6,15,160,0,171,0,0
1,6,205,22,-24576,214,0,0
1,6,160,205,-8192,217,0,0
1,6,23,906,-32768,1108,0,0
1,6,906,907,-32768,1109,0,0
1,6,907,24,-32768,1110,0,0
1,6,204,205,-24576,215,0,0
1,6,205,160,24576,217,1,0
1,6,1136,204,-8192,218,1,226
1,6,160,15,-32768,171,1,0
1,6,10,161,0,172,1,0
1,6,15,10,16384,173,0,0
1,6,161,1136,-8192,218,1,0
1,6,15,16,-32768,12,0,0
1,6,10,15,-16384,173,1,0
1,6,162,10,0,174,0,0
1,6,37,1137,-8192,39,0,0
1,6,1138,1122,-32768,40,0,160
1,6,37,38,0,32,0,0
1,6,38,39,0,35,0,0
1,6,1137,37,24576,39,1,113
1,6,39,1139,-16384,210,0,0
1,6,17,37,-8192,31,0,0
1,6,38,24,16384,33,0,0
1,6,23,39,-16384,34,0,0
1,6,39,38,-32768,35,1,0
1,6,906,23,0,1108,1,0
1,6,907,906,0,1109,1,0
1,6,24,907,0,1110,1,0
1,6,121,122,0,121,0,0
1,6,236,1140,-16384,258,0,0
1,6,240,236,-8192,263,0,0
1,6,241,242,16384,264,0,0
1,6,237,241,24576,265,0,0
1,6,242,763,0,894,0,0
1,6,763,121,0,895,0,0
1,6,122,764,0,896,0,0
1,6,764,240,0,897,0,0
1,6,40,1121,8192,36,0,0
1,6,1123,158,-32768,166,0,160
1,6,158,159,-32768,167,0,0
1,6,159,40,-32768,168,0,0
1,6,1121,40,-24576,36,1,249
1,6,122,121,-32768,121,1,0
1,6,159,158,0,167,1,0
1,6,158,122,-16384,169,0,0
1,6,121,159,16384,170,0,0
1,6,222,223,0,235,0,0
1,6,231,222,16384,243,1,0
1,6,223,232,-16384,244,0,0
1,6,232,231,-32768,254,0,0
1,6,223,224,0,236,0,0
1,6,232,223,16384,244,1,0
1,6,224,233,-16384,245,0,0
1,6,233,232,-32768,255,0,0
1,6,224,225,0,237,0,0
1,6,233,224,16384,245,1,0
1,6,225,234,-16384,246,0,0
1,6,234,233,-32768,256,0,0
1,6,225,226,0,238,0,0
1,6,234,225,16384,246,1,0
1,6,1141,234,-32768,257,0,96
1,6,226,237,16384,259,0,0
1,6,33,1124,0,26,0,0
1,6,40,41,-32768,37,0,0
1,6,41,33,16384,184,0,0
1,6,217,216,16384,227,1,0
1,6,216,218,0,230,0,0
1,6,218,227,-16384,239,0,0
1,6,227,217,-32768,249,0,0
1,6,218,219,0,231,0,0
1,6,227,218,16384,239,1,0
1,6,219,228,-16384,240,0,0
1,6,228,227,-32768,250,0,0
1,6,219,220,0,232,0,0
1,6,228,219,16384,240,1,0
1,6,220,229,-16384,241,0,0
1,6,229,228,-32768,251,0,0
1,6,220,221,0,233,0,0
1,6,229,220,16384,241,1,0
1,6,221,230,-16384,242,0,0
1,6,230,229,-32768,252,0,0
1,6,221,222,0,234,0,0
1,6,230,221,16384,242,1,0
1,6,222,231,-16384,243,0,0
1,6,231,230,-32768,253,0,0
1,6,1142,1036,8192,1286,0,22
1,6,1143,1039,-16384,1289,0,160
1,6,1039,1035,-24576,1290,0,0
1,6,1036,1037,16384,1287,0,0
1,6,1037,1038,0,1288,0,0
1,6,1038,1143,-16384,1289,0,0
1,6,1144,1145,0,950,0,32
1,6,1038,1037,-32768,1288,1,0
1,6,92,789,16384,947,0,0
1,6,789,1144,0,950,0,0
1,6,1036,1142,-24576,1286,1,0
1,6,1037,1036,-16384,1287,1,0
1,6,788,1146,-16384,946,0,0
1,6,1145,788,0,950,0,96
1,6,1039,1038,16384,1289,1,0
1,6,85,86,-24576,90,0,0
1,6,1146,85,-16384,946,0,320
1,6,1035,1039,8192,1290,1,0
1,6,1147,119,16384,118,0,128
1,6,212,213,-16384,225,0,0
1,6,119,765,0,898,0,0
1,6,765,212,0,899,0,0
1,6,213,766,-32768,900,0,0
1,6,766,145,-32768,901,0,0
1,6,100,116,-8192,115,0,0
1,6,117,1148,24576,116,0,0
1,6,1149,117,-32768,119,0,32
1,6,118,1147,16384,118,0,0
1,6,120,1149,-32768,119,0,0
1,6,145,120,-16384,150,0,0
1,6,116,118,0,117,0,0
1,6,213,212,16384,225,1,0
1,6,214,215,-16384,226,0,0
1,6,212,214,0,228,0,0
1,6,215,213,-32768,247,0,0
1,6,215,214,16384,226,1,0
1,6,216,217,-16384,227,0,0
1,6,214,216,0,229,0,0
1,6,217,215,-32768,248,0,0
1,6,1048,1049,-32768,1302,0,0
1,6,1049,1050,16384,1303,0,0
1,6,1050,1051,0,1304,0,0
1,6,1051,1052,-8192,1305,0,0
1,6,1052,1048,-16384,1306,0,0
1,6,1052,1051,24576,1305,1,0
1,6,238,239,-32768,261,0,0
1,6,1049,1048,0,1302,1,0
1,6,172,173,-8192,185,0,0
1,6,173,238,-24576,260,0,0
1,6,1048,1052,16384,1306,1,0
1,6,31,32,-8192,25,0,0
1,6,1150,31,8192,262,0,90
1,6,1051,1050,-32768,1304,1,0
1,6,29,28,-8192,24,1,0
1,6,32,869,8192,1060,0,0
1,6,869,29,8192,1061,0,0
1,6,28,870,-24576,1062,0,0
1,6,870,172,-24576,1063,0,0
1,6,239,787,-16384,944,0,0
1,6,790,83,16384,949,0,0
1,6,787,790,-32768,951,0,0
1,6,787,788,-16384,945,0,0
1,6,789,790,16384,948,0,0
1,6,788,789,-32768,950,1,0
1,6,790,787,0,951,1,0
1,6,87,1151,8192,91,0,0
1,6,86,93,24576,94,0,0
1,6,94,87,24576,95,0,0
1,6,93,94,24576,120,1,0
1,6,1033,1035,-8192,1285,1,0
1,6,1033,1152,8192,1283,0,0
1,6,1032,1034,-8192,1284,0,0
1,6,1035,1033,24576,1285,0,0
1,6,1028,1029,-16384,1279,0,0
1,6,1030,1028,0,1280,0,0
1,6,1029,1031,-32768,1281,0,0
1,6,1152,1030,8192,1283,0,90
1,6,1153,1154,0,952,0,64
1,6,1028,1030,-32768,1280,1,0
1,6,1154,791,0,952,0,320
1,6,791,1155,-16384,959,0,0
1,6,1029,1028,16384,1279,1,0
1,6,1031,1156,-24576,1282,0,0
1,6,794,89,-32768,957,0,0
1,6,1155,794,-16384,959,0,96
1,6,1031,1029,0,1281,1,0
1,6,1156,1031,8192,1282,1,22
1,6,792,81,0,954,0,0
1,6,84,793,-32768,955,0,0
1,6,793,792,16384,958,0,0
1,6,1157,1049,-16384,1303,1,128
1,6,791,792,0,953,0,0
1,6,793,794,-32768,956,0,0
1,6,792,793,-16384,958,1,0
1,6,794,791,16384,959,1,0
1,6,1156,1032,-24576,1282,0,45
1,6,1034,1142,8192,1286,0,0
1,6,90,151,-8192,156,0,0
1,6,152,91,-8192,157,0,0
1,6,151,152,-8192,164,0,0
1,6,1032,1156,8192,1282,1,0
1,6,1034,1032,24576,1284,1,0
1,6,1142,1034,-24576,1286,1,45
1,6,89,90,-24576,92,0,0
1,6,153,154,16384,159,0,0
1,6,156,155,-32768,161,0,0
1,6,157,156,-16384,162,0,0
1,6,154,157,0,163,0,0
1,6,155,153,24576,165,0,0
1,6,151,153,8192,158,0,0
1,6,155,152,-24576,160,0,0
1,6,152,151,24576,164,1,0
1,6,153,155,-8192,165,1,0
1,6,83,84,24576,89,0,0
1,6,91,92,8192,93,0,0
1,6,1151,88,8192,91,0,22
1,6,88,1153,0,952,0,0
1,6,1030,1033,-24576,1283,1,0
1,6,81,82,16384,88,0,0
1,6,82,1150,8192,262,0,0
1,6,1050,1157,-16384,1303,1,0
1,6,112,113,-8192,110,0,0
1,6,131,132,16384,133,0,0
1,6,108,109,16384,106,0,0
1,6,1158,108,24576,122,0,350
1,6,109,1159,8192,123,0,0
1,6,126,127,-24576,128,0,0
1,6,123,1158,24576,122,0,0
1,6,128,129,-8192,130,0,0
1,6,127,128,-16384,129,0,0
1,6,129,130,0,131,0,0
1,6,130,131,8192,132,0,0
1,6,132,133,24576,134,0,0
1,6,133,126,-32768,135,0,0
1,6,95,111,-16384,108,0,0
1,6,111,112,-24576,109,0,0
1,6,112,111,8192,109,1,0
1,6,113,112,24576,110,1,0
1,6,95,94,8192,96,0,0
1,6,111,95,16384,108,1,0
1,6,110,113,-24576,111,1,0
1,6,94,1160,-8192,120,0,0
1,6,97,98,-8192,98,0,0
1,6,98,103,-24576,101,0,0
1,6,1161,97,8192,123,0,497
1,6,103,125,24576,126,0,0
1,6,1159,1161,8192,123,0,271
1,6,125,104,-24576,127,0,0
1,6,104,95,-8192,102,0,0
1,6,96,105,-8192,103,0,0
1,6,110,96,0,107,0,0
1,6,113,110,8192,111,0,0
1,6,141,134,-32768,143,0,0
1,6,96,110,-32768,107,1,0
1,6,1162,102,-24576,100,0,350
1,6,102,106,-32768,104,0,0
1,6,106,107,24576,105,0,0
1,6,136,137,-8192,138,0,0
1,6,107,123,24576,145,0,0
1,6,1163,1162,-24576,100,0,90
1,6,138,139,8192,140,0,0
1,6,134,135,-24576,136,0,0
1,6,135,136,-16384,137,0,0
1,6,137,138,0,139,0,0
1,6,139,140,16384,141,0,0
1,6,140,141,24576,142,0,0
1,6,93,96,-24576,97,0,0
1,6,1160,93,-8192,120,0,181
1,6,101,1163,-24576,100,0,0
1,6,115,101,-8192,113,0,0
1,6,105,124,8192,124,0,0
1,6,124,115,8192,144,0,0
1,6,114,1164,8192,112,0,0
1,6,124,114,24576,125,0,0
1,6,115,124,-24576,144,1,0
1,6,99,100,-8192,99,0,0
1,6,1164,99,8192,112,0,45
1,6,101,115,24576,113,1,0
1,6,100,101,-24576,114,0,0
1,6,101,100,8192,114,1,0
1,6,1148,101,24576,116,0,90
1,6,146,147,-32768,151,0,0
1,6,143,146,-16384,152,0,0
1,6,147,767,16384,903,0,0
1,6,767,143,0,904,1,0
1,6,147,149,-32768,154,0,0
1,6,149,150,16384,155,0,0
1,6,150,767,0,902,0,0
1,6,767,147,-16384,903,1,0
1,6,142,143,-24576,146,0,0
1,6,144,142,-8192,149,0,0
1,6,148,144,8192,153,0,0
1,6,143,767,-32768,904,0,0
1,6,767,148,16384,905,0,0
1,6,123,107,-8192,145,1,0
1,6,107,142,-24576,147,0,0
1,6,144,123,8192,148,0,0
1,6,142,144,24576,149,1,0
1,6,174,175,-11547,186,0,0
1,6,176,177,-32768,187,0,0
1,6,177,174,8192,206,0,0
1,6,179,176,-32768,207,0,0
1,6,1165,200,-32768,1196,1,312
1,6,175,1166,0,208,0,0
1,6,1167,1165,-32768,1196,1,112
1,6,1137,42,-8192,39,0,249
1,6,42,1138,-32768,40,0,0
1,6,42,1137,24576,39,1,0
1,6,1139,202,-16384,210,0,64
1,6,202,42,-32768,212,0,0
1,6,170,171,-8192,183,0,0
1,6,174,177,-24576,206,1,0
1,6,171,174,-24576,209,0,0
1,6,177,203,16384,211,0,0
1,6,206,170,8192,216,0,0
1,6,1168,206,8192,1150,0,158
1,6,203,207,24576,219,0,0
1,6,207,208,8192,220,0,0
1,6,208,1168,8192,1150,0,0
1,6,205,204,8192,215,1,0
1,6,204,206,-8192,1058,0,0
1,6,208,205,24576,1059,0,0
1,6,206,208,-24576,1150,1,0
1,6,189,190,16384,196,0,0
1,6,967,189,-32768,1204,0,0
1,6,190,968,0,1205,0,0
1,6,968,967,-16384,1209,0,0
1,6,180,1169,16384,189,0,0
1,6,190,189,-16384,196,1,0
1,6,1169,181,16384,189,0,128
1,6,181,182,0,190,0,0
1,6,182,183,0,191,0,0
1,6,183,1170,0,192,0,0
1,6,968,190,-32768,1205,1,0
1,6,191,192,-16384,197,0,0
1,6,201,191,0,205,0,0
1,6,192,966,-32768,1203,0,0
1,6,966,201,16384,1207,0,0
1,6,192,191,16384,197,1,0
1,6,185,1171,-16384,198,0,0
1,6,1170,184,0,192,0,96
1,6,184,185,-16384,193,0,0
1,6,191,201,-32768,205,1,0
1,6,201,968,-32768,1208,0,0
1,6,1166,180,0,208,0,104
1,6,1171,193,-16384,198,0,192
1,6,1063,1060,16384,1322,0,0
1,6,966,192,0,1203,1,0
1,6,189,967,0,1204,1,0
1,6,967,966,0,1206,0,0
1,6,1060,1061,-32768,1319,0,0
1,6,963,1167,-32768,1196,1,0
1,6,188,964,-32768,1197,1,0
1,6,964,963,-32768,1199,0,0
1,6,1061,1062,-16384,1320,0,0
1,6,1062,1063,0,1321,0,0
1,6,1061,1060,0,1319,1,0
1,6,1062,1061,16384,1320,1,0
1,6,1063,1062,-32768,1321,1,0
1,6,1060,1063,-16384,1322,1,0
1,6,916,917,-32768,1124,0,0
1,6,917,918,16384,1125,0,0
1,6,930,916,-16384,1137,0,0
1,6,918,915,0,1138,0,0
1,6,921,930,0,1144,0,0
1,6,915,921,0,1145,0,0
1,6,913,912,0,1119,1,0
1,6,912,915,-16384,1123,0,0
1,6,918,913,16384,1126,0,0
1,6,915,918,-32768,1138,1,0
1,6,921,922,16384,1129,0,0
1,6,929,930,-16384,1136,0,0
1,6,922,929,0,1143,0,0
1,6,930,921,-32768,1144,1,0
1,6,280,1172,24576,309,0,0
1,6,1173,280,-32768,442,0,176
1,6,1073,1074,0,1340,0,0
1,6,1074,1174,0,1346,0,0
1,6,950,951,16384,1177,0,0
1,6,951,952,0,1178,0,0
1,6,952,953,-16384,1179,0,0
1,6,953,950,-32768,1181,0,0
1,6,183,182,-32768,191,1,0
1,6,182,950,16384,1176,0,0
1,6,953,183,-16384,1180,0,0
1,6,950,953,0,1181,1,0
1,6,199,200,16384,204,0,0
1,6,200,963,0,1196,0,0
1,6,965,199,-32768,1198,0,0
1,6,963,965,-16384,1200,0,0
1,6,178,179,16384,188,0,0
1,6,194,178,16384,199,0,0
1,6,200,199,-16384,204,1,0
1,6,1175,196,-32768,200,0,208
1,6,199,965,0,1198,1,0
1,6,196,1053,-32768,1309,0,0
1,6,1053,194,16384,1310,0,0
1,6,186,187,-32768,194,0,0
1,6,188,186,-16384,195,0,0
1,6,964,188,0,1197,0,0
1,6,187,964,16384,1202,0,0
1,6,186,188,16384,195,1,0
1,6,198,1176,-24576,202,0,0
1,6,193,198,-16384,203,0,0
1,6,187,186,0,194,1,0
1,6,195,1175,-32768,200,0,0
1,6,197,195,-32768,201,0,0
1,6,1176,197,-24576,202,0,90
1,6,965,187,0,1201,0,0
1,6,937,933,8192,1157,0,0
1,6,197,198,8192,202,1,0
1,6,198,933,-16384,1151,0,0
1,6,937,197,-32768,1156,0,0
1,6,933,937,-24576,1157,1,0
1,6,1177,936,-32768,1154,0,32
1,6,936,937,16384,1155,0,0
1,6,938,939,-32768,1158,0,0
1,6,939,940,16384,1159,0,0
1,6,941,938,-16384,1162,0,0
1,6,940,941,0,1163,0,0
1,6,196,195,0,200,1,0
1,6,940,196,16384,1160,0,0
1,6,195,941,-16384,1161,0,0
1,6,941,940,-32768,1163,1,0
1,6,235,1141,-32768,257,0,0
1,6,1140,235,-16384,258,0,144
1,6,943,944,-32768,1166,0,0
1,6,944,945,16384,1167,0,0
1,6,945,942,0,1168,0,0
1,6,942,943,-16384,1169,0,0
1,6,178,194,-16384,199,1,0
1,6,942,178,0,1164,0,0
1,6,194,943,-32768,1165,0,0
1,6,943,942,16384,1169,1,0
1,6,282,288,8192,314,0,0
1,6,281,868,-32768,1056,0,0
1,6,868,282,-32768,1057,0,0
1,6,1172,281,24576,309,0,203
1,6,282,283,24576,310,0,0
1,6,288,282,-24576,314,1,0
1,6,283,289,8192,315,0,0
1,6,289,288,-8192,326,0,0
1,6,289,283,-24576,315,1,0
1,6,290,291,8192,316,0,0
1,6,283,290,24576,319,0,0
1,6,291,289,-8192,325,0,0
1,6,291,290,-24576,316,1,0
1,6,292,293,8192,317,0,0
1,6,290,292,24576,320,0,0
1,6,293,291,-8192,324,0,0
1,6,293,292,-24576,317,1,0
1,6,294,295,8192,318,0,0
1,6,292,294,24576,321,0,0
1,6,295,293,-8192,323,0,0
1,6,284,1178,0,311,0,0
1,6,295,294,-24576,318,1,0
1,6,1179,388,16384,434,0,128
1,6,388,284,8192,435,0,0
1,6,284,388,-24576,435,1,0
1,6,401,400,8192,453,1,0
1,6,388,401,24576,454,0,0
1,6,400,284,-8192,455,0,0
1,6,1180,912,-16384,1118,0,160
1,6,912,913,-32768,1119,0,0
1,6,913,1135,16384,1120,0,0
1,6,922,923,16384,1130,0,0
1,6,928,929,-16384,1135,0,0
1,6,923,928,0,1142,0,0
1,6,929,922,-32768,1143,1,0
1,6,923,924,16384,1131,0,0
1,6,927,928,-16384,1134,0,0
1,6,924,927,0,1141,0,0
1,6,928,923,-32768,1142,1,0
1,6,924,925,16384,1132,0,0
1,6,926,927,-16384,1133,0,0
1,6,925,926,0,1140,0,0
1,6,927,924,-32768,1141,1,0
1,6,1133,1180,-16384,1118,0,16
1,6,919,920,0,1139,0,0
1,6,926,925,-32768,1140,1,0
1,6,920,931,0,1146,0,0
1,6,931,926,-16384,1147,0,0
1,6,925,932,16384,1148,0,0
1,6,932,919,0,1149,0,0
1,6,387,1179,16384,434,0,0
1,6,294,914,-32768,1121,0,0
1,6,914,387,-32768,1122,0,0
1,6,387,914,0,1122,1,0
1,6,919,387,16384,1127,0,0
1,6,914,920,-16384,1128,0,0
1,6,920,919,-32768,1139,1,0
1,6,1075,1181,0,1341,0,0
1,6,1078,1075,16384,1345,0,0
1,6,1182,1078,-32768,1347,0,96
1,6,1074,1078,16384,1344,0,0
1,6,1174,1074,-32768,1346,1,96
1,6,1078,1182,0,1347,1,0
1,6,286,287,0,312,0,0
1,6,287,1073,-8192,1339,0,0
1,6,1178,285,0,311,0,32
1,6,285,295,-16384,322,0,0
1,6,288,867,0,1054,0,0
1,6,867,286,-11547,1055,0,0
1,6,803,804,-16384,972,0,0
1,6,805,806,-16384,973,0,0
1,6,806,803,-16384,975,0,0
1,6,1129,861,2280,1044,0,137
1,6,861,805,0,1045,0,0
1,6,804,862,-32768,1046,0,0
1,6,407,405,-32768,461,0,0
1,6,862,407,-31415,1047,0,0
1,6,244,253,-16384,274,1,0
1,6,802,807,16384,976,0,0
1,6,863,244,0,1048,0,0
1,6,253,864,-32768,1049,0,0
1,6,864,865,16384,1050,0,0
1,6,866,863,16384,1051,0,0
1,6,807,866,16384,1052,0,0
1,6,865,802,16384,1053,0,0
1,6,802,803,-32768,971,0,0
1,6,806,807,0,974,0,0
1,6,803,806,16384,975,1,0
1,6,807,802,-16384,976,1,0
1,6,363,1183,24576,407,0,0
1,6,390,363,-32768,437,0,0
1,6,355,396,0,444,0,0
1,6,396,390,-21220,448,0,0
1,6,362,389,-32768,436,0,0
1,6,397,356,0,445,0,0
1,6,389,397,21220,447,0,0
1,6,396,397,0,446,0,0
1,6,397,389,-11547,447,1,0
1,6,390,396,11547,448,1,0
1,6,391,392,-32768,438,0,0
1,6,392,398,-32768,449,0,0
1,6,399,391,-32768,450,0,0
1,6,398,390,16384,451,0,0
1,6,389,399,-16384,452,0,0
1,6,324,325,-16384,357,0,0
1,6,325,326,-32768,358,0,0
1,6,326,332,15438,365,0,0
1,6,332,324,945,366,0,0
1,6,332,326,-17329,365,1,0
1,6,326,327,-32768,371,0,0
1,6,327,326,0,371,1,0
1,6,326,354,-16384,399,0,0
1,6,354,355,-4836,400,0,0
1,6,322,323,-16384,356,0,0
1,6,323,333,31822,367,0,0
1,6,324,332,-31822,366,1,0
1,6,333,323,-945,367,1,0
1,6,323,324,-16384,370,0,0
1,6,349,350,-16384,394,0,0
1,6,352,311,8192,396,0,0
1,6,356,357,16384,401,0,0
1,6,353,1184,16384,398,0,0
1,6,357,358,21220,402,0,0
1,6,358,359,16384,403,0,0
1,6,324,323,16384,370,1,0
1,6,323,353,0,397,0,0
1,6,359,324,24576,404,0,0
1,6,311,312,-32768,339,0,0
1,6,312,313,16384,340,0,0
1,6,313,315,-945,343,0,0
1,6,315,311,-15438,344,0,0
1,6,311,315,17329,344,1,0
1,6,351,352,0,395,0,0
1,6,1184,351,16384,398,0,256
1,6,302,314,945,342,1,0
1,6,315,313,31822,343,1,0
1,6,313,302,16384,352,0,0
1,6,320,321,0,369,0,0
1,6,321,320,-32768,369,1,0
1,6,345,321,-16384,388,0,0
1,6,320,346,16384,389,0,0
1,6,346,347,11547,390,0,0
1,6,321,322,0,355,0,0
1,6,333,321,17329,368,0,0
1,6,321,333,-15438,368,1,0
1,6,343,344,-16384,386,0,0
1,6,344,345,-22517,387,0,0
1,6,347,1185,16384,391,0,0
1,6,302,313,-16384,352,1,0
1,6,313,343,-32768,385,0,0
1,6,302,303,16384,333,0,0
1,6,303,304,0,334,0,0
1,6,304,314,-17329,341,0,0
1,6,314,302,-31822,342,0,0
1,6,314,304,15438,341,1,0
1,6,1186,296,0,327,0,64
1,6,296,342,-16384,383,0,0
1,6,1185,297,16384,391,0,110
1,6,265,264,16384,301,1,0
1,6,264,1186,0,327,0,0
1,6,297,265,-32768,328,0,0
1,6,342,302,0,384,0,0
1,6,380,1187,0,426,0,0
1,6,383,384,-32768,430,0,0
1,6,384,1188,16384,431,0,0
1,6,1189,379,0,424,0,64
1,6,379,380,-16384,425,0,0
1,6,1188,385,16384,431,0,128
1,6,378,1189,0,424,0,0
1,6,385,1190,-32768,432,0,0
1,6,304,382,24576,428,0,0
1,6,382,383,16384,429,0,0
1,6,310,311,-32768,351,0,0
1,6,311,310,0,351,1,0
1,6,310,348,-16384,392,0,0
1,6,348,349,-32768,393,0,0
1,6,360,361,-16384,405,0,0
1,6,361,362,-24576,406,0,0
1,6,350,366,0,410,0,0
1,6,308,309,-16384,337,0,0
1,6,309,310,-32768,338,0,0
1,6,310,316,15438,345,0,0
1,6,316,308,945,346,0,0
1,6,316,310,-17329,345,1,0
1,6,366,367,9672,411,0,0
1,6,1191,377,-23095,421,0,106
1,6,377,360,-32768,422,0,0
1,6,304,305,0,349,0,0
1,6,305,304,-32768,349,1,0
1,6,1187,381,0,426,0,256
1,6,381,305,-16384,427,0,0
1,6,305,306,0,335,0,0
1,6,306,307,-16384,336,0,0
1,6,307,317,31822,347,0,0
1,6,317,305,17329,348,0,0
1,6,305,317,-15438,348,1,0
1,6,308,316,-31822,346,1,0
1,6,317,307,-945,347,1,0
1,6,307,308,-16384,350,0,0
1,6,368,369,8192,413,0,0
1,6,374,375,-24576,419,0,0
1,6,375,376,-32768,420,0,0
1,6,1192,956,-16384,1186,0,64
1,6,956,374,-16384,1187,0,0
1,6,370,371,24576,415,0,0
1,6,307,372,0,417,0,0
1,6,372,373,-10250,418,0,0
1,6,373,1192,-16384,1186,0,0
1,6,308,307,16384,350,1,0
1,6,371,308,-32768,416,0,0
1,6,367,368,0,412,0,0
1,6,369,370,16384,414,0,0
1,6,376,1191,-23095,421,0,0
1,6,957,959,16384,1190,0,0
1,6,959,960,0,1191,0,0
1,6,960,961,-16384,1192,0,0
1,6,961,962,-32768,1193,0,0
1,6,962,958,16384,1194,0,0
1,6,958,957,16384,1195,0,0
1,6,374,956,16384,1187,1,0
1,6,956,957,0,1188,0,0
1,6,958,374,-32768,1189,0,0
1,6,957,958,-16384,1195,1,0
1,6,265,266,-16384,289,0,0
1,6,266,267,-32768,290,0,0
1,6,267,274,15438,296,0,0
1,6,274,265,945,297,0,0
1,6,274,267,-17329,296,1,0
1,6,265,274,-31822,297,1,0
1,6,264,265,-16384,301,0,0
1,6,318,319,16384,353,0,0
1,6,319,320,0,354,0,0
1,6,320,330,-17329,361,0,0
1,6,330,318,-31822,362,0,0
1,6,330,320,15438,361,1,0
1,6,327,328,-32768,359,0,0
1,6,328,329,16384,360,0,0
1,6,329,331,-945,363,0,0
1,6,331,327,-15438,364,0,0
1,6,327,331,17329,364,1,0
1,6,318,330,945,362,1,0
1,6,331,329,31822,363,1,0
1,6,329,318,16384,372,0,0
1,6,1183,364,24576,407,0,90
1,6,364,365,16384,408,0,0
1,6,365,327,8192,409,0,0
1,6,1193,298,-16384,329,0,76
1,6,298,334,-26056,373,0,0
1,6,1194,341,16384,381,0,288
1,6,341,299,7037,382,0,0
1,6,318,329,-16384,372,1,0
1,6,1195,337,16384,376,0,64
1,6,337,318,0,377,0,0
1,6,329,338,-32768,378,0,0
1,6,336,1195,16384,376,0,0
1,6,338,339,-16384,379,0,0
1,6,339,1196,-32768,380,0,0
1,6,334,335,-16384,374,0,0
1,6,1197,340,-32768,380,0,192
1,6,340,1194,16384,381,0,0
1,6,335,336,0,375,0,0
1,6,1196,1197,-32768,380,0,128
1,6,933,934,0,1152,0,0
1,6,934,935,-16384,1153,0,0
1,6,935,1177,-32768,1154,0,0
1,6,268,269,-32768,291,0,0
1,6,272,273,-945,294,0,0
1,6,273,268,-15438,295,0,0
1,6,269,955,16384,1184,0,0
1,6,955,272,16384,1185,0,0
1,6,299,268,16384,330,0,0
1,6,268,273,17329,295,1,0
1,6,267,268,-32768,302,0,0
1,6,268,267,0,302,1,0
1,6,267,1193,-16384,329,0,0
1,6,395,1173,-32768,442,0,0
1,6,946,948,0,1172,0,0
1,6,948,949,-16384,1173,0,0
1,6,949,947,-32768,1174,0,0
1,6,947,946,16384,1175,0,0
1,6,193,185,16384,198,1,0
1,6,185,946,0,1170,0,0
1,6,947,193,-32768,1171,0,0
1,6,946,947,-16384,1175,1,0
1,6,273,272,31822,294,1,0
1,6,272,271,16384,313,0,0
1,6,394,393,0,440,0,0
1,6,393,395,-16384,443,0,0
1,6,271,272,-16384,313,1,0
1,6,393,271,0,439,0,0
1,6,272,395,-32768,441,0,0
1,6,395,393,16384,443,1,0
1,6,244,245,16384,267,0,0
1,6,245,246,0,268,0,0
1,6,246,1198,-16384,269,0,0
1,6,254,244,24576,275,0,0
1,6,255,254,-31287,276,0,0
1,6,1199,244,16384,274,0,118
1,6,244,254,-8192,275,1,0
1,6,1198,247,-16384,269,0,137
1,6,247,259,31822,282,0,0
1,6,259,255,-32768,283,0,0
1,6,251,252,-32768,272,0,0
1,6,252,253,16384,273,0,0
1,6,253,256,8192,277,0,0
1,6,256,257,-1480,278,0,0
1,6,257,251,-15438,279,0,0
1,6,1200,1201,1480,276,1,75
1,6,257,256,31287,278,1,0
1,6,253,1199,16384,274,0,0
1,6,254,1200,1480,276,1,0
1,6,256,253,-24576,277,1,0
1,6,248,249,-16384,270,0,0
1,6,249,250,-32768,271,0,0
1,6,250,258,15438,280,0,0
1,6,258,248,945,281,0,0
1,6,248,258,-31822,281,1,0
1,6,1202,247,-945,282,1,8
1,6,247,248,-16384,284,0,0
1,6,251,257,17329,279,1,0
1,6,258,250,-17329,280,1,0
1,6,255,259,0,283,1,0
1,6,250,251,-32768,285,0,0
1,6,259,1202,-945,282,1,0
1,6,1201,255,1480,276,1,104
1,6,1203,300,0,331,0,64
1,6,300,1204,-16384,423,0,0
1,6,1205,301,16384,433,0,192
1,6,248,247,16384,284,1,0
1,6,247,1203,0,331,0,0
1,6,301,248,-32768,332,0,0
1,6,260,261,0,286,0,0
1,6,261,270,-17329,292,0,0
1,6,270,271,-31822,293,0,0
1,6,271,954,16384,1182,0,0
1,6,954,260,16384,1183,0,0
1,6,271,270,945,293,1,0
1,6,270,261,15438,292,1,0
1,6,261,262,0,300,0,0
1,6,251,250,0,285,1,0
1,6,1206,277,27931,304,0,143
1,6,277,251,16384,305,0,0
1,6,250,278,-16384,306,0,0
1,6,276,1206,27931,304,0,0
1,6,278,279,-4836,307,0,0
1,6,279,262,-16384,308,0,0
1,6,262,261,-32768,300,1,0
1,6,261,276,16384,303,0,0
1,6,1181,1076,0,1341,0,136
1,6,1076,1077,-16384,1342,0,0
1,6,1077,1182,-32768,1347,0,0
1,6,1064,394,-10013,1323,0,0
1,6,1174,1064,0,1346,0,136
1,6,1077,1064,-16384,1343,0,0
1,6,1064,1174,-32768,1346,1,0
1,6,1182,1077,0,1347,1,136
1,6,262,263,0,287,0,0
1,6,263,264,-16384,288,0,0
1,6,264,275,31822,298,0,0
1,6,275,262,17329,299,0,0
1,6,262,275,-15438,299,1,0
1,6,275,264,-945,298,1,0
1,6,1204,378,-16384,423,0,256
1,6,1190,386,-32768,432,0,64
1,6,386,1205,16384,433,0,0
