episode,mission,vertex_1,vertex_2,angle,line,side,offset
1,7,232,233,-32768,246,0,0
1,7,233,234,20021,247,0,0
1,7,280,273,-11547,296,0,0
1,7,234,763,16384,725,0,0
1,7,273,274,0,289,0,0
1,7,274,275,11547,290,0,0
1,7,242,243,-16384,255,0,0
1,7,243,246,-32768,257,0,0
1,7,246,585,16384,689,0,0
1,7,585,232,23421,688,0,0
1,7,246,243,0,257,1,0
1,7,243,729,-16384,900,0,0
1,7,730,246,16384,902,0,0
1,7,729,730,-32768,904,0,0
1,7,728,730,16384,901,0,0
1,7,729,727,-16384,903,0,0
1,7,730,729,0,904,1,0
1,7,727,728,-32768,905,1,0
1,7,764,253,-16384,266,0,192
1,7,254,765,16384,267,0,0
1,7,253,766,-17035,274,0,0
1,7,767,241,-16384,253,0,192
1,7,241,767,16384,253,1,0
1,7,765,254,-16384,267,1,192
1,7,254,241,-32768,272,0,0
1,7,241,242,-21416,254,0,0
1,7,768,254,14767,273,0,40
1,7,769,250,7855,264,0,117
1,7,250,215,24239,263,0,0
1,7,257,216,-14325,275,0,0
1,7,214,247,-8578,258,0,0
1,7,247,770,-25029,259,0,0
1,7,770,247,7738,259,1,71
1,7,771,769,-24904,264,1,23
1,7,214,215,8192,223,0,0
1,7,247,214,24189,258,1,0
1,7,215,250,-8528,263,1,0
1,7,250,771,-24924,264,1,0
1,7,215,249,21857,262,0,0
1,7,249,768,14767,273,0,0
1,7,213,214,7246,222,0,0
1,7,772,213,-25521,222,1,68
1,7,213,480,24576,558,0,0
1,7,727,478,-13028,898,0,0
1,7,773,728,14061,899,0,333
1,7,728,727,0,905,0,0
1,7,214,772,-25521,222,1,0
1,7,478,479,-7643,556,0,0
1,7,479,214,-8192,557,0,0
1,7,774,212,11829,261,0,70
1,7,212,775,-8843,265,0,0
1,7,776,213,23832,260,0,63
1,7,212,213,8192,221,0,0
1,7,213,776,-8935,260,1,0
1,7,775,212,23924,265,1,106
1,7,244,777,-16384,256,0,0
1,7,778,773,14061,899,0,65
1,7,480,481,26298,559,0,0
1,7,481,244,-24576,560,0,0
1,7,766,257,-17035,274,0,152
1,7,74,75,0,71,0,0
1,7,77,76,-32768,72,1,0
1,7,76,74,16384,77,0,0
1,7,75,77,-16384,85,0,0
1,7,72,73,0,70,0,0
1,7,75,74,-32768,71,1,0
1,7,74,72,16384,78,0,0
1,7,73,75,-16384,84,0,0
1,7,70,71,0,69,0,0
1,7,73,72,-32768,70,1,0
1,7,72,70,16384,79,0,0
1,7,71,73,-16384,83,0,0
1,7,33,69,0,68,0,0
1,7,71,70,-32768,69,1,0
1,7,70,33,16384,80,0,0
1,7,69,71,-16384,82,0,0
1,7,30,779,0,24,0,0
1,7,33,30,16384,27,0,0
1,7,69,33,-32768,68,1,0
1,7,35,69,-16384,81,0,0
1,7,780,781,-16384,58,0,32
1,7,65,66,16384,65,0,0
1,7,66,782,16384,66,0,0
1,7,783,65,16384,345,0,224
1,7,782,66,-16384,66,1,192
1,7,253,764,16384,266,1,0
1,7,66,253,-32768,271,0,0
1,7,57,68,0,67,0,0
1,7,227,228,-32768,240,0,0
1,7,229,227,-32768,241,0,0
1,7,230,229,-32768,244,0,0
1,7,228,231,-32768,245,0,0
1,7,231,784,16384,345,0,0
1,7,592,230,-32768,703,0,0
1,7,781,57,-16384,58,0,320
1,7,784,783,16384,345,0,128
1,7,80,81,0,74,0,0
1,7,68,338,16384,371,0,0
1,7,338,80,16384,372,0,0
1,7,81,339,-16384,373,0,0
1,7,339,340,-16384,374,0,0
1,7,78,79,0,73,0,0
1,7,81,80,-32768,74,1,0
1,7,80,78,16384,75,0,0
1,7,79,81,-16384,87,0,0
1,7,76,77,0,72,0,0
1,7,79,78,-32768,73,1,0
1,7,78,76,16384,76,0,0
1,7,77,79,-16384,86,0,0
1,7,216,217,0,224,0,0
1,7,217,218,0,225,0,0
1,7,218,226,-6711,238,0,0
1,7,218,217,-32768,225,1,0
1,7,227,229,0,241,1,0
1,7,229,218,-16384,242,0,0
1,7,217,227,16384,243,0,0
1,7,785,709,16384,871,0,96
1,7,710,711,0,872,0,0
1,7,709,712,16384,875,0,0
1,7,712,710,0,878,0,0
1,7,711,713,0,879,0,0
1,7,744,745,-32768,927,0,0
1,7,713,786,-14420,953,0,0
1,7,713,741,-12021,923,0,0
1,7,786,713,18347,953,1,391
1,7,787,385,0,434,0,128
1,7,390,389,16384,439,0,0
1,7,385,706,-16384,868,0,0
1,7,706,788,-16384,869,0,0
1,7,788,706,16384,869,1,96
1,7,709,785,-16384,871,1,0
1,7,706,709,0,876,0,0
1,7,348,349,0,389,0,0
1,7,351,350,16384,392,0,0
1,7,352,351,-32768,393,0,0
1,7,349,352,-16384,397,0,0
1,7,121,353,-16384,394,0,0
1,7,353,352,-32768,395,0,0
1,7,352,349,16384,397,1,0
1,7,349,121,0,398,0,0
1,7,117,355,-16384,401,0,0
1,7,355,356,-16384,402,0,0
1,7,356,704,-32768,865,0,0
1,7,704,705,-32768,866,0,0
1,7,705,789,-32768,867,0,0
1,7,705,704,0,866,1,0
1,7,711,710,-32768,872,1,0
1,7,704,711,-16384,873,0,0
1,7,710,705,16384,874,0,0
1,7,790,118,16384,134,0,24
1,7,122,123,-16384,137,0,0
1,7,123,347,-32768,387,0,0
1,7,118,593,0,704,0,0
1,7,593,122,0,712,0,0
1,7,117,790,16384,134,0,0
1,7,350,117,-32768,391,0,0
1,7,347,350,-30402,396,0,0
1,7,347,348,-16384,388,0,0
1,7,350,347,2365,396,1,0
1,7,119,120,-16384,135,0,0
1,7,120,121,-16384,136,0,0
1,7,123,122,16384,137,1,0
1,7,349,123,16384,390,0,0
1,7,121,349,-32768,398,1,0
1,7,118,378,-26634,426,0,0
1,7,379,117,-6133,428,0,0
1,7,118,117,-16384,134,1,0
1,7,378,118,6133,426,1,0
1,7,379,378,16384,427,1,0
1,7,117,379,26634,428,1,0
1,7,99,100,16384,110,0,0
1,7,378,379,-16384,427,0,0
1,7,97,98,16384,97,0,0
1,7,345,97,-32768,384,0,0
1,7,98,346,0,385,0,0
1,7,346,116,0,386,0,0
1,7,95,96,16384,96,0,0
1,7,98,97,-16384,97,1,0
1,7,96,98,0,103,0,0
1,7,97,95,-32768,104,0,0
1,7,100,345,27931,383,0,0
1,7,791,99,596,700,0,184
1,7,93,94,16384,95,0,0
1,7,96,95,-16384,96,1,0
1,7,94,96,0,102,0,0
1,7,95,93,-32768,105,0,0
1,7,91,92,16384,94,0,0
1,7,94,93,-16384,95,1,0
1,7,92,94,0,101,0,0
1,7,93,91,-32768,106,0,0
1,7,89,90,16384,93,0,0
1,7,92,91,-16384,94,1,0
1,7,90,92,0,100,0,0
1,7,91,89,-32768,107,0,0
1,7,792,791,596,700,0,88
1,7,101,102,16384,111,0,0
1,7,124,101,-32768,138,0,0
1,7,126,124,-32768,143,0,0
1,7,102,126,-6711,236,0,0
1,7,793,83,13028,88,0,67
1,7,362,359,-32768,406,0,0
1,7,83,376,0,421,0,0
1,7,376,362,-16384,424,0,0
1,7,360,361,-32768,405,0,0
1,7,377,794,0,423,0,0
1,7,361,377,16384,425,0,0
1,7,361,362,-32768,407,0,0
1,7,376,377,0,422,0,0
1,7,362,376,16384,424,1,0
1,7,377,361,-16384,425,1,0
1,7,125,126,-32768,139,0,0
1,7,126,795,26056,236,1,0
1,7,357,358,0,403,0,0
1,7,358,391,-16384,440,0,0
1,7,82,793,13028,88,0,0
1,7,102,82,16384,112,0,0
1,7,795,102,26056,236,1,213
1,7,359,357,-16384,404,0,0
1,7,362,361,0,407,1,0
1,7,361,363,-16384,408,0,0
1,7,363,364,-32768,409,0,0
1,7,364,362,16384,410,0,0
1,7,796,797,-32768,403,1,192
1,7,364,363,0,409,1,0
1,7,367,368,16384,413,0,0
1,7,371,372,-16384,417,0,0
1,7,798,359,16384,404,1,160
1,7,359,362,0,406,1,0
1,7,362,364,-16384,410,1,0
1,7,370,365,-32768,416,0,0
1,7,799,357,-32768,403,1,416
1,7,357,798,16384,404,1,0
1,7,365,366,-16384,411,0,0
1,7,797,799,-32768,403,1,320
1,7,366,367,0,412,0,0
1,7,368,369,-32768,414,0,0
1,7,369,370,16384,415,0,0
1,7,361,360,0,405,1,0
1,7,363,361,16384,408,1,0
1,7,373,374,-32768,418,0,0
1,7,360,800,-16384,437,1,0
1,7,374,375,-16384,419,0,0
1,7,375,371,-32768,420,0,0
1,7,800,801,-16384,437,1,96
1,7,396,373,16384,446,0,0
1,7,358,802,-32768,403,1,0
1,7,801,388,-16384,437,1,128
1,7,398,399,16384,449,0,0
1,7,399,396,16384,450,0,0
1,7,802,796,-32768,403,1,96
1,7,372,398,0,448,0,0
1,7,397,396,0,447,0,0
1,7,396,399,-16384,450,1,0
1,7,399,400,-32768,451,0,0
1,7,400,397,16384,452,0,0
1,7,82,102,-16384,112,1,0
1,7,102,382,-32768,431,0,0
1,7,383,82,0,432,0,0
1,7,382,383,16384,694,0,0
1,7,226,219,-13828,239,0,0
1,7,340,587,0,691,0,0
1,7,587,586,-16384,693,0,0
1,7,586,592,-32768,702,0,0
1,7,382,586,-32768,690,0,0
1,7,587,383,0,692,0,0
1,7,586,587,16384,693,1,0
1,7,383,382,-16384,694,1,0
1,7,85,86,-16384,90,0,0
1,7,803,360,16384,437,0,128
1,7,86,85,16384,90,1,0
1,7,85,380,0,429,0,0
1,7,381,86,-32768,430,0,0
1,7,380,381,-16384,697,0,0
1,7,588,589,16384,698,0,0
1,7,588,381,-32768,695,0,0
1,7,380,589,0,696,0,0
1,7,381,380,16384,697,1,0
1,7,589,588,-16384,698,1,0
1,7,86,384,-16384,433,0,0
1,7,388,803,16384,437,0,0
1,7,804,388,-32768,438,0,128
1,7,384,787,0,434,0,0
1,7,389,804,-32768,438,0,0
1,7,591,588,16384,701,0,0
1,7,789,591,-32768,867,0,152
1,7,84,85,-11547,89,0,0
1,7,794,84,0,423,0,192
1,7,589,590,16384,699,0,0
1,7,590,792,591,700,0,0
1,7,388,389,0,438,1,0
1,7,389,805,-16384,439,1,0
1,7,395,392,-32768,445,0,0
1,7,391,358,16384,440,1,0
1,7,806,391,-32768,441,1,160
1,7,392,393,-16384,442,0,0
1,7,807,390,-16384,439,1,128
1,7,390,806,-32768,441,1,0
1,7,393,394,0,443,0,0
1,7,805,807,-16384,439,1,64
1,7,394,395,16384,444,0,0
1,7,87,88,16384,92,0,0
1,7,90,89,-16384,93,1,0
1,7,88,90,0,99,0,0
1,7,89,87,-32768,108,0,0
1,7,34,28,16384,91,0,0
1,7,88,87,-16384,92,1,0
1,7,28,88,0,98,0,0
1,7,87,34,-32768,109,0,0
1,7,23,24,0,15,0,0
1,7,25,26,0,16,0,0
1,7,26,28,0,22,0,0
1,7,779,23,0,24,0,128
1,7,34,35,-32768,28,0,0
1,7,28,34,-16384,91,1,0
1,7,24,336,0,367,0,0
1,7,336,21,0,368,0,0
1,7,20,337,0,369,0,0
1,7,337,25,0,370,0,0
1,7,103,104,9346,117,0,0
1,7,32,103,23963,124,0,0
1,7,341,32,-24576,376,0,0
1,7,114,112,26941,126,0,0
1,7,115,114,-27931,128,0,0
1,7,112,113,-32768,125,0,0
1,7,113,341,-26634,375,0,0
1,7,114,115,4836,128,1,0
1,7,116,114,16384,130,0,0
1,7,115,354,-16384,399,0,0
1,7,354,118,-16384,400,0,0
1,7,122,593,-32768,712,1,0
1,7,593,601,16384,713,0,0
1,7,601,598,-4836,715,0,0
1,7,6,5,14562,3,1,0
1,7,10,11,-32768,7,0,0
1,7,11,18,-32768,12,0,0
1,7,27,10,-32768,21,0,0
1,7,32,27,-16384,26,0,0
1,7,103,32,-8804,124,1,0
1,7,18,328,16384,355,0,0
1,7,328,6,16384,356,0,0
1,7,5,330,-8192,359,0,0
1,7,330,331,-8192,360,0,0
1,7,331,103,-8192,361,0,0
1,7,11,10,0,7,1,0
1,7,26,25,-32768,16,1,0
1,7,25,11,16384,17,0,0
1,7,10,26,-16384,20,0,0
1,7,598,599,0,709,0,0
1,7,599,600,0,710,0,0
1,7,600,119,-16384,711,0,0
1,7,594,595,0,705,0,0
1,7,595,596,-16384,706,0,0
1,7,596,597,-32768,707,0,0
1,7,808,594,16384,714,0,32
1,7,597,598,-16384,708,0,0
1,7,601,808,16384,714,0,0
1,7,598,601,27931,715,1,0
1,7,104,105,0,118,0,0
1,7,110,111,-12641,123,0,0
1,7,105,110,0,129,0,0
1,7,111,115,-6711,127,0,0
1,7,110,105,-32768,129,1,0
1,7,106,109,0,131,0,0
1,7,109,110,-16384,132,0,0
1,7,105,106,16384,133,0,0
1,7,46,47,0,51,0,0
1,7,50,0,-32768,53,0,0
1,7,47,108,-6133,121,0,0
1,7,108,809,-12333,122,0,0
1,7,106,107,16384,119,0,0
1,7,809,109,-12333,122,0,103
1,7,109,106,-32768,131,1,0
1,7,0,810,-27927,0,0,0
1,7,107,50,26634,120,0,0
1,7,811,46,-15088,942,0,39
1,7,12,13,-32768,8,0,0
1,7,13,12,0,8,1,0
1,7,24,23,-32768,15,1,0
1,7,12,24,-16384,18,0,0
1,7,23,13,16384,19,0,0
1,7,7,812,18205,4,0,0
1,7,812,7,-14562,4,1,211
1,7,17,12,-32768,11,0,0
1,7,327,17,-16384,353,0,0
1,7,7,327,-16384,354,0,0
1,7,13,29,-32768,23,0,0
1,7,29,31,16384,25,0,0
1,7,31,29,-16384,25,1,0
1,7,52,55,16384,113,0,0
1,7,29,52,-32768,114,0,0
1,7,55,31,0,115,0,0
1,7,52,53,32024,55,0,0
1,7,55,52,-16384,113,1,0
1,7,53,780,-16384,58,0,0
1,7,813,6,-18205,3,0,211
1,7,6,326,23095,351,0,0
1,7,14,15,-28799,9,0,0
1,7,15,325,-32768,349,0,0
1,7,16,14,28799,10,0,0
1,7,326,16,-32768,352,0,0
1,7,15,14,3968,9,1,0
1,7,14,16,-3968,10,1,0
1,7,16,15,-32768,47,0,0
1,7,325,7,-23095,350,0,0
1,7,40,45,-32768,44,0,0
1,7,45,15,16384,45,0,0
1,7,16,40,-16384,46,0,0
1,7,15,16,0,47,1,0
1,7,40,39,-8192,34,0,0
1,7,44,45,8192,39,0,0
1,7,39,44,-32768,43,0,0
1,7,45,40,0,44,1,0
1,7,39,38,-11547,33,0,0
1,7,43,44,11547,38,0,0
1,7,38,43,-32768,42,0,0
1,7,44,39,0,43,1,0
1,7,38,37,-16384,32,0,0
1,7,42,43,16384,37,0,0
1,7,37,42,-32768,41,0,0
1,7,43,38,0,42,1,0
1,7,37,36,-16384,31,0,0
1,7,41,42,16384,36,0,0
1,7,36,41,-32768,40,0,0
1,7,42,37,0,41,1,0
1,7,19,22,-32768,29,0,0
1,7,36,19,-16384,30,0,0
1,7,22,41,16384,35,0,0
1,7,41,36,0,40,1,0
1,7,19,20,-16384,13,0,0
1,7,21,22,16384,14,0,0
1,7,22,19,0,29,1,0
1,7,310,311,0,332,0,0
1,7,312,313,0,333,0,0
1,7,311,312,0,342,0,0
1,7,313,755,-15983,943,0,0
1,7,755,756,-32768,944,0,0
1,7,757,758,-32768,947,0,0
1,7,758,310,15983,948,0,0
1,7,756,757,-32768,950,0,0
1,7,311,314,16384,334,0,0
1,7,315,312,-16384,335,0,0
1,7,314,315,0,336,0,0
1,7,312,311,-32768,342,1,0
1,7,48,49,0,52,0,0
1,7,3,51,-32768,54,0,0
1,7,49,751,15086,939,0,0
1,7,751,752,0,940,0,0
1,7,753,754,0,941,0,0
1,7,754,811,-15086,942,0,0
1,7,752,753,0,949,0,0
1,7,756,753,-16384,945,0,0
1,7,752,757,16384,946,0,0
1,7,753,752,-32768,949,1,0
1,7,757,756,0,950,1,0
1,7,4,5,0,2,0,0
1,7,5,813,-18205,3,0,0
1,7,812,4,18205,4,0,65
1,7,4,812,-14562,4,1,0
1,7,5,4,-32768,2,1,0
1,7,4,9,16384,48,0,0
1,7,8,5,-16384,49,0,0
1,7,9,8,0,50,0,0
1,7,1,8,-16384,5,0,0
1,7,9,2,16384,6,0,0
1,7,8,9,-32768,50,1,0
1,7,810,1,-27936,0,0,37
1,7,31,329,8645,357,0,0
1,7,329,4,8192,358,0,0
1,7,2,3,27931,1,0,0
1,7,54,55,-1113,56,0,0
1,7,51,56,-25730,57,0,0
1,7,60,61,16384,61,0,0
1,7,61,62,0,62,0,0
1,7,62,63,-16384,63,0,0
1,7,63,64,-32768,64,0,0
1,7,64,60,16384,116,0,0
1,7,56,58,-21220,59,0,0
1,7,59,54,-19102,60,0,0
1,7,60,814,-16384,116,1,0
1,7,59,815,13028,716,1,0
1,7,760,60,0,952,0,0
1,7,762,59,-32768,957,0,0
1,7,814,64,-16384,116,1,80
1,7,64,759,-32768,951,0,0
1,7,759,762,28799,956,0,0
1,7,815,58,13028,716,1,84
1,7,58,761,0,954,0,0
1,7,761,760,-3355,955,0,0
1,7,237,238,0,250,0,0
1,7,277,278,-32768,293,0,0
1,7,275,276,16384,291,0,0
1,7,276,277,21220,292,0,0
1,7,278,279,-21220,294,0,0
1,7,279,280,-16384,295,0,0
1,7,238,237,-32768,250,1,0
1,7,260,259,0,277,1,0
1,7,237,260,16384,278,0,0
1,7,259,238,-16384,279,0,0
1,7,235,236,10250,248,0,0
1,7,236,237,5208,249,0,0
1,7,763,608,16384,725,0,80
1,7,608,609,16384,726,0,0
1,7,609,235,16384,727,0,0
1,7,236,235,-22517,248,1,0
1,7,546,236,-8192,640,0,0
1,7,610,611,-16384,728,0,0
1,7,611,612,-32768,731,0,0
1,7,612,613,16384,732,0,0
1,7,613,610,0,733,0,0
1,7,609,608,-16384,726,1,0
1,7,611,610,16384,728,1,0
1,7,608,611,-32768,729,0,0
1,7,610,609,0,730,0,0
1,7,545,546,0,639,0,0
1,7,235,547,27931,641,0,0
1,7,547,545,16384,645,0,0
1,7,547,548,-32768,642,0,0
1,7,548,549,16384,643,0,0
1,7,549,545,0,644,0,0
1,7,545,547,-16384,645,1,0
1,7,252,764,-16384,266,0,0
1,7,765,255,16384,267,0,128
1,7,255,816,16384,268,0,0
1,7,455,252,-16384,522,0,0
1,7,457,455,0,527,0,0
1,7,817,256,16384,268,0,128
1,7,256,324,0,348,0,0
1,7,324,454,-16384,520,0,0
1,7,454,456,-32768,525,0,0
1,7,816,817,16384,268,0,64
1,7,456,457,-16384,526,0,0
1,7,454,455,-16384,521,0,0
1,7,456,454,0,525,1,0
1,7,457,456,16384,526,1,0
1,7,455,457,-32768,527,1,0
1,7,238,239,-5826,251,0,0
1,7,239,240,-14562,252,0,0
1,7,240,767,-16384,253,0,0
1,7,767,240,16384,253,1,128
1,7,255,765,-16384,267,1,0
1,7,240,255,0,270,0,0
1,7,782,67,16384,66,0,192
1,7,67,322,16384,346,0,0
1,7,322,452,16384,517,0,0
1,7,453,818,12021,518,0,0
1,7,452,453,16384,519,0,0
1,7,58,59,-19739,716,0,0
1,7,67,782,-16384,66,1,0
1,7,764,252,16384,266,1,192
1,7,252,67,0,269,0,0
1,7,453,452,-16384,519,1,0
1,7,455,454,16384,521,1,0
1,7,454,453,0,523,0,0
1,7,452,455,-32768,524,0,0
1,7,281,282,-32768,297,0,0
1,7,283,281,-16384,300,0,0
1,7,321,283,0,343,0,0
1,7,819,554,16384,650,0,256
1,7,282,558,-32768,654,0,0
1,7,554,321,0,655,0,0
1,7,552,553,-32768,649,0,0
1,7,557,820,0,652,0,0
1,7,553,557,8192,734,0,0
1,7,553,819,16384,650,0,0
1,7,558,557,-16384,653,0,0
1,7,557,553,-24576,734,1,0
1,7,821,262,21437,281,0,54
1,7,262,263,16384,282,0,0
1,7,719,718,-16384,884,0,0
1,7,555,556,-16384,651,0,0
1,7,822,555,0,652,0,288
1,7,263,262,-16384,282,1,0
1,7,283,263,0,298,0,0
1,7,262,281,-32768,299,0,0
1,7,281,283,16384,300,1,0
1,7,820,822,0,652,0,272
1,7,823,260,-32768,277,0,240
1,7,260,261,31674,280,0,0
1,7,261,821,21437,281,0,0
1,7,545,549,-32768,644,1,0
1,7,550,545,-16384,646,0,0
1,7,549,551,16384,647,0,0
1,7,551,552,16384,648,0,0
1,7,556,559,0,656,0,0
1,7,559,550,-16384,657,0,0
1,7,270,824,0,287,0,0
1,7,263,270,6894,344,0,0
1,7,258,259,-32768,276,0,0
1,7,259,823,-32768,277,0,0
1,7,323,258,-29190,347,0,0
1,7,718,717,0,883,0,0
1,7,825,323,-14151,894,0,106
1,7,824,271,0,287,0,120
1,7,720,719,-32768,885,0,0
1,7,721,720,-31403,886,0,0
1,7,826,719,16384,884,1,207
1,7,719,720,0,885,1,0
1,7,723,722,0,888,0,0
1,7,725,723,16384,890,0,0
1,7,726,725,-32768,891,0,0
1,7,724,726,-16384,892,0,0
1,7,827,828,-32768,883,1,16
1,7,725,726,0,891,1,0
1,7,828,718,-32768,883,1,176
1,7,718,826,16384,884,1,0
1,7,723,725,-16384,890,1,0
1,7,829,269,-12641,286,0,42
1,7,269,724,-31924,889,0,0
1,7,715,716,891,881,0,0
1,7,717,715,16384,882,0,0
1,7,715,717,-16384,882,1,0
1,7,717,827,-32768,883,1,0
1,7,726,830,16384,892,1,0
1,7,716,715,-31876,881,1,0
1,7,724,269,843,889,1,0
1,7,830,724,16384,892,1,62
1,7,269,716,-16384,893,0,0
1,7,268,829,-12641,286,0,0
1,7,722,268,1329,887,0,0
1,7,720,721,1364,886,1,0
1,7,268,722,-31438,887,1,0
1,7,722,723,-32768,888,1,0
1,7,721,268,-11547,896,0,0
1,7,716,825,-14151,894,0,0
1,7,271,831,-5636,288,0,0
1,7,269,268,20126,286,1,0
1,7,335,269,-32768,364,0,0
1,7,332,335,-16384,365,0,0
1,7,342,332,0,377,0,0
1,7,268,342,0,378,0,0
1,7,831,272,-5636,288,0,39
1,7,272,721,-15229,895,0,0
1,7,332,333,0,362,0,0
1,7,334,335,-32768,363,0,0
1,7,335,332,16384,365,1,0
1,7,333,334,-16384,366,1,0
1,7,264,265,-4836,283,0,0
1,7,265,48,-16384,284,0,0
1,7,334,333,16384,366,0,0
1,7,267,343,-32768,379,0,0
1,7,343,334,27931,380,0,0
1,7,333,344,4836,381,0,0
1,7,344,264,0,382,0,0
1,7,266,267,22517,285,0,0
1,7,818,266,12021,518,0,70
1,7,148,832,0,164,0,0
1,7,150,151,4836,165,0,0
1,7,833,164,-32768,176,0,112
1,7,308,150,16384,327,0,0
1,7,153,308,16384,328,0,0
1,7,305,306,0,324,0,0
1,7,306,307,-16384,325,0,0
1,7,307,296,-16384,326,0,0
1,7,296,307,16384,326,1,0
1,7,308,153,-16384,328,1,0
1,7,307,308,0,329,0,0
1,7,153,296,-32768,330,0,0
1,7,143,142,4156,151,1,0
1,7,144,145,-30804,152,0,0
1,7,145,143,23095,155,0,0
1,7,142,144,-10557,162,0,0
1,7,145,144,1963,152,1,0
1,7,146,147,-32768,153,0,0
1,7,147,145,16384,154,0,0
1,7,144,146,-16384,163,0,0
1,7,147,146,0,153,1,0
1,7,151,637,16384,770,0,0
1,7,637,147,16384,771,0,0
1,7,146,638,-16384,772,0,0
1,7,638,148,-16384,773,0,0
1,7,152,153,16384,166,0,0
1,7,156,152,-32768,174,0,0
1,7,155,152,16384,168,0,0
1,7,156,157,-16384,169,0,0
1,7,152,156,0,174,1,0
1,7,157,155,-32768,175,0,0
1,7,154,155,19497,167,0,0
1,7,155,157,0,175,1,0
1,7,157,158,-11901,170,0,0
1,7,158,285,-16384,303,0,0
1,7,285,834,-25150,304,0,0
1,7,164,165,-26634,177,0,0
1,7,165,166,-24576,178,0,0
1,7,166,156,-18939,179,0,0
1,7,834,286,-25158,304,0,90
1,7,287,288,4836,305,0,0
1,7,286,835,-32768,780,0,0
1,7,288,154,16384,306,0,0
1,7,297,298,-20126,317,0,0
1,7,298,836,-30212,318,0,0
1,7,837,297,0,331,0,64
1,7,838,287,0,779,0,168
1,7,296,297,-17127,316,0,0
1,7,297,837,-32768,331,1,0
1,7,134,135,-16384,147,0,0
1,7,135,405,-26634,457,0,0
1,7,405,406,-32768,458,0,0
1,7,411,412,16384,461,0,0
1,7,406,411,16384,466,0,0
1,7,410,409,16384,460,1,0
1,7,412,411,-16384,461,1,0
1,7,409,412,0,462,0,0
1,7,411,410,-32768,463,0,0
1,7,135,134,16384,147,1,0
1,7,136,137,-16384,148,0,0
1,7,137,635,-32768,766,0,0
1,7,635,135,-32768,767,0,0
1,7,134,636,0,768,0,0
1,7,636,136,0,769,0,0
1,7,137,136,16384,148,1,0
1,7,138,139,-19543,149,0,0
1,7,139,137,-32768,158,0,0
1,7,136,138,0,159,0,0
1,7,139,138,13224,149,1,0
1,7,140,141,-24189,150,0,0
1,7,141,139,26634,157,0,0
1,7,138,140,-3637,160,0,0
1,7,141,140,8578,150,1,0
1,7,142,143,-28611,151,0,0
1,7,143,141,24576,156,0,0
1,7,140,142,-8192,161,0,0
1,7,404,134,-6133,456,0,0
1,7,413,404,0,464,0,0
1,7,412,413,16384,465,0,0
1,7,746,747,-16384,929,0,0
1,7,748,746,0,930,0,0
1,7,747,749,-32768,931,0,0
1,7,749,748,16384,938,0,0
1,7,749,605,-32768,934,0,0
1,7,750,748,0,935,0,0
1,7,605,750,16384,937,1,0
1,7,748,749,-16384,938,1,0
1,7,738,737,-16384,916,1,0
1,7,747,746,16384,929,1,0
1,7,746,738,0,932,0,0
1,7,737,747,-32768,933,0,0
1,7,127,125,16384,140,0,0
1,7,129,127,27931,144,0,0
1,7,387,129,-16384,436,0,0
1,7,391,839,0,441,0,0
1,7,386,387,-32768,435,0,0
1,7,839,390,0,441,0,128
1,7,788,707,-16384,869,0,256
1,7,707,386,-16384,870,0,0
1,7,127,129,-4836,144,1,0
1,7,129,602,-32768,717,0,0
1,7,708,785,16384,871,0,0
1,7,714,708,16384,880,0,0
1,7,738,714,23095,917,0,0
1,7,707,788,16384,869,1,0
1,7,785,708,-16384,871,1,256
1,7,708,707,-32768,877,0,0
1,7,655,650,0,791,0,0
1,7,650,654,0,792,0,0
1,7,677,655,16384,840,0,0
1,7,840,677,-31863,841,0,353
1,7,841,677,-32768,816,0,384
1,7,677,840,904,841,1,0
1,7,643,644,21728,783,0,0
1,7,645,643,-32768,784,0,0
1,7,646,647,0,785,0,0
1,7,653,645,-32768,793,0,0
1,7,647,652,0,794,0,0
1,7,650,645,16384,788,0,0
1,7,653,654,-16384,790,0,0
1,7,654,650,-32768,792,1,0
1,7,645,653,0,793,1,0
1,7,651,648,-32768,795,0,0
1,7,647,648,16384,786,0,0
1,7,651,652,-16384,789,0,0
1,7,652,647,-32768,794,1,0
1,7,648,651,0,795,1,0
1,7,648,649,-32768,787,0,0
1,7,649,842,19210,825,0,0
1,7,161,160,0,782,0,0
1,7,160,702,0,860,0,0
1,7,702,646,-13481,861,0,0
1,7,644,703,16384,862,0,0
1,7,703,161,0,863,0,0
1,7,832,149,0,164,0,152
1,7,163,833,-32768,176,0,0
1,7,149,688,0,832,0,0
1,7,149,681,16384,823,0,0
1,7,688,149,-32768,832,1,0
1,7,681,689,0,833,1,0
1,7,689,688,-16384,836,0,0
1,7,159,162,-32768,173,0,0
1,7,159,160,-16384,171,0,0
1,7,161,162,16384,172,0,0
1,7,162,159,0,173,1,0
1,7,160,161,-32768,782,1,0
1,7,679,167,18939,820,0,0
1,7,162,679,-32768,821,0,0
1,7,167,168,24576,180,0,0
1,7,168,163,26634,181,0,0
1,7,678,159,-32768,819,0,0
1,7,680,678,-16384,822,0,0
1,7,685,680,-16384,828,0,0
1,7,686,685,-16384,829,0,0
1,7,688,686,-6133,834,0,0
1,7,842,683,19210,825,0,99
1,7,683,684,16384,827,0,0
1,7,684,687,16384,831,0,0
1,7,683,680,-32768,826,0,0
1,7,684,683,-16384,827,1,0
1,7,680,685,16384,828,1,0
1,7,685,684,0,830,0,0
1,7,736,737,-32768,914,0,0
1,7,737,738,16384,916,0,0
1,7,740,736,-32768,920,0,0
1,7,742,743,0,925,0,0
1,7,843,740,-14420,953,0,358
1,7,743,744,16384,926,0,0
1,7,786,843,-14420,953,0,293
1,7,745,742,-16384,928,0,0
1,7,743,742,-32768,925,1,0
1,7,744,743,-16384,926,1,0
1,7,745,744,0,927,1,0
1,7,742,745,16384,928,1,0
1,7,741,740,-16384,924,0,0
1,7,740,786,18347,953,1,0
1,7,735,690,-32768,913,0,0
1,7,737,736,0,914,1,0
1,7,690,737,16384,915,0,0
1,7,736,735,-16384,918,0,0
1,7,681,682,-32768,824,0,0
1,7,689,681,-32768,833,0,0
1,7,687,689,-32768,835,0,0
1,7,682,690,16384,837,0,0
1,7,690,735,0,913,1,0
1,7,735,739,0,921,0,0
1,7,844,676,-27931,815,0,105
1,7,676,841,-32768,816,0,0
1,7,840,693,904,841,1,385
1,7,674,845,-16384,814,0,0
1,7,692,691,16384,838,1,0
1,7,846,674,-6370,919,0,703
1,7,656,667,0,809,0,0
1,7,667,673,0,812,0,0
1,7,847,692,-16384,838,0,336
1,7,692,693,-28544,839,0,0
1,7,693,848,-31863,841,0,0
1,7,663,669,0,807,0,0
1,7,669,849,-16384,851,0,0
1,7,731,732,-32768,909,0,0
1,7,666,664,-32768,808,0,0
1,7,850,666,-16384,851,0,80
1,7,733,734,0,911,0,0
1,7,849,850,-16384,851,0,48
1,7,734,731,16384,912,0,0
1,7,732,733,-16384,910,0,0
1,7,732,731,0,909,1,0
1,7,733,732,16384,910,1,0
1,7,734,733,-32768,911,1,0
1,7,731,734,-16384,912,1,0
1,7,656,664,16384,803,0,0
1,7,666,667,-16384,804,0,0
1,7,664,666,0,808,1,0
1,7,667,656,-32768,809,1,0
1,7,668,657,-32768,806,0,0
1,7,851,852,-7579,922,0,171
1,7,663,657,16384,802,0,0
1,7,668,669,-16384,805,0,0
1,7,657,668,0,806,1,0
1,7,669,663,-32768,807,1,0
1,7,672,668,-32768,811,0,0
1,7,691,853,-16384,838,0,0
1,7,852,691,-7579,922,0,427
1,7,670,671,-16384,810,0,0
1,7,666,669,16384,851,1,0
1,7,669,698,0,852,0,0
1,7,698,670,-16384,853,0,0
1,7,671,699,-16384,854,0,0
1,7,699,666,-32768,855,0,0
1,7,673,672,16384,813,0,0
1,7,853,847,-16384,838,0,176
1,7,697,696,16384,850,0,0
1,7,660,659,16384,817,0,0
1,7,697,660,-32768,848,0,0
1,7,659,696,0,849,0,0
1,7,696,697,-16384,850,1,0
1,7,658,661,-16384,818,0,0
1,7,658,659,0,798,0,0
1,7,660,661,-32768,799,0,0
1,7,659,660,-16384,817,1,0
1,7,661,658,16384,818,1,0
1,7,654,656,0,796,0,0
1,7,848,840,-31863,841,0,224
1,7,661,695,-16384,844,0,0
1,7,695,653,-32768,845,0,0
1,7,664,665,-32768,801,0,0
1,7,665,697,16384,847,0,0
1,7,657,651,-32768,797,0,0
1,7,739,851,-7579,922,0,0
1,7,652,694,0,842,0,0
1,7,694,658,-16384,843,0,0
1,7,662,663,0,800,0,0
1,7,696,662,16384,846,0,0
1,7,739,846,-6370,919,0,0
1,7,691,739,25188,922,1,0
1,7,845,675,-16384,814,0,452
1,7,675,844,-27931,815,0,0
1,7,693,692,4223,839,1,0
1,7,179,180,17275,187,0,0
1,7,180,854,0,193,0,0
1,7,180,179,-15492,187,1,0
1,7,422,180,0,481,0,0
1,7,179,423,-32768,482,0,0
1,7,432,433,8192,490,0,0
1,7,427,428,-32768,486,0,0
1,7,428,429,-24576,487,0,0
1,7,430,431,-8192,488,0,0
1,7,431,432,0,489,0,0
1,7,434,427,24576,491,0,0
1,7,433,434,16384,907,0,0
1,7,428,427,0,486,1,0
1,7,429,428,8192,487,1,0
1,7,431,430,24576,488,1,0
1,7,432,431,-32768,489,1,0
1,7,433,432,-24576,490,1,0
1,7,427,434,-8192,491,1,0
1,7,430,429,16384,906,0,0
1,7,434,433,-16384,907,1,0
1,7,429,430,-16384,906,1,0
1,7,181,186,-32768,201,0,0
1,7,423,181,-31728,503,0,0
1,7,181,182,-16384,198,0,0
1,7,186,181,0,201,1,0
1,7,194,186,16384,207,0,0
1,7,182,441,-32768,501,1,0
1,7,441,194,-32768,759,1,0
1,7,484,195,-32768,565,0,0
1,7,464,484,-21798,566,0,0
1,7,464,465,0,539,0,0
1,7,465,183,-17864,541,0,0
1,7,183,484,-32768,564,0,0
1,7,484,464,10969,566,1,0
1,7,185,184,0,200,0,0
1,7,184,422,-1480,480,0,0
1,7,183,184,-16384,199,0,0
1,7,184,185,-32768,200,1,0
1,7,185,195,16384,208,0,0
1,7,484,183,0,564,1,0
1,7,195,484,0,565,1,0
1,7,855,199,-13828,211,0,115
1,7,199,446,-32768,509,0,0
1,7,446,464,-16384,538,0,0
1,7,446,199,0,509,1,0
1,7,199,449,-18939,511,0,0
1,7,464,446,16384,538,1,0
1,7,465,464,-32768,539,1,0
1,7,449,465,-19739,540,0,0
1,7,449,199,13828,511,1,0
1,7,450,449,-32768,513,0,0
1,7,199,451,0,514,0,0
1,7,451,450,-16384,516,0,0
1,7,195,856,21741,209,0,0
1,7,857,467,-10904,542,0,95
1,7,467,468,-8192,543,0,0
1,7,468,185,0,544,0,0
1,7,561,581,0,681,0,0
1,7,582,563,-32768,682,0,0
1,7,581,583,0,683,0,0
1,7,584,582,-32768,686,0,0
1,7,583,584,-16384,687,0,0
1,7,563,561,16384,908,0,0
1,7,560,561,0,658,0,0
1,7,562,560,16384,659,0,0
1,7,563,562,-32768,660,0,0
1,7,561,563,-16384,908,1,0
1,7,435,204,-16384,494,0,0
1,7,583,435,1382,684,0,0
1,7,204,584,-31385,685,0,0
1,7,584,583,16384,687,1,0
1,7,186,438,31728,497,0,0
1,7,438,437,16384,499,0,0
1,7,203,436,16384,493,0,0
1,7,436,437,0,495,0,0
1,7,438,203,-32768,498,0,0
1,7,437,438,-16384,499,1,0
1,7,203,204,-32768,214,0,0
1,7,435,436,0,492,0,0
1,7,436,203,-16384,493,1,0
1,7,204,435,16384,494,1,0
1,7,201,202,22812,213,0,0
1,7,466,857,-10915,542,0,0
1,7,202,466,7805,555,0,0
1,7,200,201,16384,212,0,0
1,7,437,200,2902,496,0,0
1,7,466,202,-24962,555,1,0
1,7,858,482,-12021,561,0,227
1,7,482,466,-11547,562,0,0
1,7,202,483,21220,563,0,0
1,7,483,542,29130,634,0,0
1,7,542,859,21798,635,0,0
1,7,631,632,0,762,0,0
1,7,463,700,16384,856,0,0
1,7,700,631,16384,857,0,0
1,7,632,701,-16384,858,0,0
1,7,701,305,-16384,859,0,0
1,7,305,463,-32768,864,0,0
1,7,860,463,16384,536,0,262
1,7,463,305,0,864,1,0
1,7,447,448,-16384,510,0,0
1,7,448,450,-32768,512,0,0
1,7,451,447,0,515,0,0
1,7,450,451,16384,516,1,0
1,7,616,617,-16384,738,0,0
1,7,617,618,-32768,741,0,0
1,7,618,619,16384,742,0,0
1,7,619,616,0,743,0,0
1,7,861,862,-16384,537,0,16
1,7,614,615,16384,736,0,0
1,7,615,614,-16384,736,1,0
1,7,617,616,16384,738,1,0
1,7,614,617,-32768,739,0,0
1,7,616,615,0,740,0,0
1,7,169,863,27353,182,0,0
1,7,424,169,-32768,483,0,0
1,7,862,424,-16384,537,0,128
1,7,426,614,16384,735,0,0
1,7,863,170,27353,182,0,138
1,7,170,425,16384,484,0,0
1,7,425,426,0,485,0,0
1,7,177,178,19638,186,0,0
1,7,175,177,-27931,191,0,0
1,7,178,864,1722,194,0,0
1,7,178,177,-13129,186,1,0
1,7,177,179,-29654,192,0,0
1,7,854,178,0,193,0,24
1,7,459,462,2280,534,0,0
1,7,462,865,-8886,535,0,0
1,7,865,462,23881,535,1,63
1,7,462,629,4836,758,0,0
1,7,177,175,4836,191,1,0
1,7,462,177,22517,755,0,0
1,7,175,629,-10250,756,0,0
1,7,629,462,-27931,758,1,0
1,7,170,169,-5414,182,1,0
1,7,171,172,25841,183,0,0
1,7,169,171,-16384,188,0,0
1,7,172,170,8192,197,0,0
1,7,172,171,-6926,183,1,0
1,7,173,174,24079,184,0,0
1,7,171,173,-24576,189,0,0
1,7,174,172,6133,196,0,0
1,7,174,173,-8688,184,1,0
1,7,175,176,22137,185,0,0
1,7,173,175,-26056,190,0,0
1,7,176,174,4836,195,0,0
1,7,866,860,16384,536,0,32
1,7,629,461,-8192,757,0,0
1,7,176,175,-10630,185,1,0
1,7,864,176,1722,194,0,39
1,7,567,568,16384,663,0,0
1,7,566,571,-16384,667,0,0
1,7,571,867,-32768,668,0,0
1,7,576,868,0,673,0,0
1,7,869,319,-16384,338,0,96
1,7,319,320,-16384,339,0,0
1,7,320,566,-32768,662,0,0
1,7,868,577,0,673,0,32
1,7,316,317,0,337,0,0
1,7,318,869,-16384,338,0,0
1,7,577,574,16384,674,0,0
1,7,317,580,-16384,679,0,0
1,7,580,318,-16384,680,0,0
1,7,574,575,-32768,671,0,0
1,7,575,576,-16384,672,0,0
1,7,562,563,0,660,1,0
1,7,870,578,0,675,0,32
1,7,578,562,0,676,0,0
1,7,563,579,-16384,677,0,0
1,7,579,316,-16384,678,0,0
1,7,568,569,-32768,664,0,0
1,7,871,573,16384,669,0,224
1,7,573,564,0,670,0,0
1,7,569,570,-16384,665,0,0
1,7,872,572,-32768,668,0,224
1,7,572,871,16384,669,0,0
1,7,570,567,0,666,0,0
1,7,867,872,-32768,668,0,96
1,7,568,873,-16384,663,1,0
1,7,569,568,0,664,1,0
1,7,874,569,16384,665,1,112
1,7,620,621,-32768,744,0,0
1,7,570,874,16384,665,1,0
1,7,875,570,-32768,666,1,112
1,7,621,622,-16384,745,0,0
1,7,876,567,-16384,663,1,112
1,7,567,875,-32768,666,1,0
1,7,622,623,0,746,0,0
1,7,873,876,-16384,663,1,16
1,7,623,620,16384,747,0,0
1,7,622,877,16384,745,1,0
1,7,623,622,-32768,746,1,0
1,7,878,623,-16384,747,1,80
1,7,624,625,0,748,0,0
1,7,879,620,0,744,1,80
1,7,620,878,-16384,747,1,0
1,7,625,626,16384,749,0,0
1,7,621,879,0,744,1,0
1,7,880,621,16384,745,1,80
1,7,626,627,-32768,750,0,0
1,7,877,880,16384,745,1,16
1,7,627,624,-16384,751,0,0
1,7,625,624,-32768,748,1,0
1,7,626,625,-16384,749,1,0
1,7,627,626,0,750,1,0
1,7,624,627,16384,751,1,0
1,7,564,565,16384,661,0,0
1,7,565,870,0,675,0,0
1,7,192,291,-16384,310,1,0
1,7,319,318,16384,338,1,0
1,7,291,319,-32768,340,0,0
1,7,318,192,0,341,0,0
1,7,881,295,0,315,0,32
1,7,300,301,-30212,319,0,0
1,7,295,300,-16384,323,0,0
1,7,300,295,16384,323,1,0
1,7,295,640,0,776,0,0
1,7,458,459,16384,529,0,0
1,7,460,458,-32768,532,0,0
1,7,865,460,-8886,535,0,21
1,7,461,460,-28257,533,0,0
1,7,460,865,23881,535,1,0
1,7,309,837,0,331,0,0
1,7,640,309,5753,777,0,0
1,7,837,309,-32768,331,1,144
1,7,309,866,16384,536,0,0
1,7,302,303,-2555,321,0,0
1,7,303,304,-16384,322,0,0
1,7,304,882,31728,763,0,0
1,7,304,303,16384,322,1,0
1,7,835,642,-32768,780,0,256
1,7,642,304,-32768,781,0,0
1,7,836,299,-30212,318,0,99
1,7,299,639,-32768,774,0,0
1,7,639,300,-32768,775,0,0
1,7,301,302,-16384,320,0,0
1,7,303,641,0,778,0,0
1,7,641,838,0,779,0,0
1,7,292,293,8192,313,0,0
1,7,882,883,31728,763,0,193
1,7,188,189,-24576,314,0,0
1,7,439,884,0,500,0,0
1,7,292,189,24576,311,0,0
1,7,188,293,-8192,312,0,0
1,7,293,292,-24576,313,1,0
1,7,189,188,8192,314,1,0
1,7,884,440,0,500,0,168
1,7,440,445,-16384,507,0,0
1,7,187,188,-16384,202,0,0
1,7,445,187,-3742,508,0,0
1,7,293,630,6133,760,0,0
1,7,294,881,0,315,0,0
1,7,630,294,16384,761,0,0
1,7,189,190,-24576,203,0,0
1,7,190,191,-29807,204,0,0
1,7,192,193,12082,205,0,0
1,7,193,885,3113,206,0,0
1,7,191,289,-32768,307,0,0
1,7,289,290,26634,308,0,0
1,7,290,291,19286,309,0,0
1,7,291,192,16384,310,0,0
1,7,883,633,31728,763,0,259
1,7,633,634,24576,764,0,0
1,7,634,292,9672,765,0,0
1,7,885,194,3113,206,0,54
1,7,194,441,0,759,0,0
1,7,441,439,-16384,897,0,0
1,7,440,439,-32768,500,1,0
1,7,441,182,0,501,0,0
1,7,182,442,0,502,0,0
1,7,442,440,-16384,504,0,0
1,7,439,441,16384,897,1,0
1,7,440,442,16384,504,1,0
1,7,443,444,-16384,505,0,0
1,7,444,440,-32768,506,0,0
1,7,442,443,0,528,0,0
1,7,444,443,16384,505,1,0
1,7,459,458,-16384,529,1,0
1,7,443,459,0,530,0,0
1,7,458,444,-32768,531,0,0
1,7,472,473,-16384,550,0,0
1,7,245,472,-6133,551,0,0
1,7,534,535,16384,627,0,0
1,7,541,534,21462,633,0,0
1,7,543,541,16384,636,0,0
1,7,544,543,3968,637,0,0
1,7,540,544,-4836,638,0,0
1,7,886,210,27259,219,0,148
1,7,210,211,16384,220,0,0
1,7,211,774,11829,261,0,0
1,7,777,245,-16384,256,0,96
1,7,474,475,16384,552,0,0
1,7,475,476,12415,553,0,0
1,7,538,539,-16384,631,0,0
1,7,859,474,21798,635,0,55
1,7,476,477,16384,554,0,0
1,7,477,778,14061,899,0,0
1,7,535,536,25730,628,0,0
1,7,536,537,-32768,629,0,0
1,7,537,538,-23095,630,0,0
1,7,539,540,-10013,632,0,0
1,7,856,196,21741,209,0,211
1,7,196,225,1875,232,0,0
1,7,225,196,-30892,232,1,0
1,7,523,225,-8192,618,0,0
1,7,473,858,-12021,561,0,0
1,7,196,205,26056,216,0,0
1,7,205,887,16384,547,0,0
1,7,225,888,0,302,0,0
1,7,499,501,0,582,0,0
1,7,501,502,-8192,583,0,0
1,7,889,504,-32768,584,0,16
1,7,504,500,24576,585,0,0
1,7,500,499,16384,603,0,0
1,7,503,889,-32768,584,0,0
1,7,502,505,0,586,0,0
1,7,505,503,-16384,607,0,0
1,7,485,486,-16384,567,0,0
1,7,486,523,-16384,606,0,0
1,7,486,485,16384,567,1,0
1,7,485,499,0,580,0,0
1,7,500,486,-32768,581,0,0
1,7,499,500,-16384,603,1,0
1,7,251,769,7855,264,0,0
1,7,890,284,-32768,301,0,304
1,7,469,209,26634,545,0,0
1,7,284,469,29412,546,0,0
1,7,209,469,-6133,545,1,0
1,7,471,209,8192,549,0,0
1,7,469,522,-27131,604,0,0
1,7,522,485,-16384,605,0,0
1,7,209,886,27259,219,0,0
1,7,887,470,16384,547,0,64
1,7,470,471,0,548,0,0
1,7,775,251,-8843,265,0,74
1,7,770,248,-25029,259,0,59
1,7,248,776,23832,260,0,0
1,7,776,248,-8935,260,1,95
1,7,891,775,23924,265,1,23
1,7,248,770,7738,259,1,0
1,7,769,251,-24912,264,1,58
1,7,251,891,23924,265,1,0
1,7,892,890,-32768,301,0,144
1,7,491,495,0,575,0,0
1,7,498,492,0,579,0,0
1,7,487,488,-32768,568,0,0
1,7,495,496,16384,576,0,0
1,7,496,497,0,577,0,0
1,7,497,498,-16384,578,0,0
1,7,488,489,-24576,569,0,0
1,7,489,490,-16384,570,0,0
1,7,490,491,-8192,571,0,0
1,7,888,893,0,302,0,136
1,7,505,506,0,587,0,0
1,7,513,503,-32768,594,0,0
1,7,503,505,16384,607,1,0
1,7,506,513,-16384,608,0,0
1,7,506,507,0,588,0,0
1,7,512,513,-32768,593,0,0
1,7,513,506,16384,608,1,0
1,7,507,512,-16384,609,0,0
1,7,507,508,0,589,0,0
1,7,511,512,-32768,592,0,0
1,7,512,507,16384,609,1,0
1,7,508,511,-16384,610,0,0
1,7,508,509,0,590,0,0
1,7,510,511,-32768,591,0,0
1,7,511,508,16384,610,1,0
1,7,509,510,-16384,611,0,0
1,7,509,514,0,595,0,0
1,7,521,510,-32768,602,0,0
1,7,510,509,16384,611,1,0
1,7,514,521,-16384,612,0,0
1,7,409,410,-16384,460,0,0
1,7,410,414,-32768,467,0,0
1,7,415,409,0,468,0,0
1,7,418,419,16384,471,0,0
1,7,414,418,-32768,474,0,0
1,7,419,415,0,475,0,0
1,7,416,415,-16384,469,0,0
1,7,419,403,16384,472,0,0
1,7,415,419,-32768,475,1,0
1,7,403,420,0,476,0,0
1,7,420,416,-16384,477,0,0
1,7,414,417,-16384,470,0,0
1,7,407,418,16384,473,0,0
1,7,418,414,0,474,1,0
1,7,417,421,-16384,478,0,0
1,7,421,407,-32768,479,0,0
1,7,132,894,20746,146,0,0
1,7,402,403,0,455,0,0
1,7,407,408,-32768,459,0,0
1,7,419,418,-16384,471,1,0
1,7,403,419,-16384,472,1,0
1,7,418,407,-16384,473,1,0
1,7,408,861,-16384,537,0,0
1,7,524,525,-16384,616,0,0
1,7,531,524,0,623,0,0
1,7,525,628,-32768,752,0,0
1,7,628,531,16384,754,1,0
1,7,615,132,16384,737,0,0
1,7,894,133,20746,146,0,210
1,7,133,131,4836,215,0,0
1,7,131,401,-16384,453,0,0
1,7,126,128,-16384,142,0,0
1,7,124,126,0,143,1,0
1,7,130,131,-16384,145,0,0
1,7,131,133,-27931,215,1,0
1,7,133,223,16384,229,0,0
1,7,223,224,16384,230,0,0
1,7,224,124,16384,234,0,0
1,7,128,130,-16384,235,0,0
1,7,401,402,-6711,454,0,0
1,7,605,606,-32768,721,0,0
1,7,606,607,16384,722,0,0
1,7,607,604,0,724,0,0
1,7,604,750,-16384,936,0,0
1,7,750,605,-16384,937,0,0
1,7,128,127,0,141,0,0
1,7,130,128,16384,235,1,0
1,7,602,603,-32768,718,0,0
1,7,603,130,-32768,719,0,0
1,7,603,602,0,718,1,0
1,7,602,604,-16384,720,0,0
1,7,607,603,16384,723,0,0
1,7,604,607,-32768,724,1,0
1,7,221,222,-4836,227,0,0
1,7,222,206,-16384,228,0,0
1,7,220,221,0,237,0,0
1,7,219,220,-6711,226,0,0
1,7,206,222,16384,228,1,0
1,7,224,223,-16384,230,1,0
1,7,223,206,-32768,231,0,0
1,7,222,224,0,233,0,0
1,7,206,207,-20352,217,0,0
1,7,207,208,-26397,218,0,0
1,7,208,892,-32768,301,0,0
1,7,492,493,8192,572,0,0
1,7,493,494,16384,573,0,0
1,7,494,487,24576,574,0,0
1,7,893,197,0,302,0,296
1,7,514,515,0,596,0,0
1,7,520,521,-32768,601,0,0
1,7,521,514,16384,612,1,0
1,7,515,520,-16384,613,0,0
1,7,197,198,-3355,210,0,0
1,7,515,516,2555,597,0,0
1,7,519,520,-30212,600,0,0
1,7,520,515,16384,613,1,0
1,7,516,519,-16384,614,0,0
1,7,516,517,2555,598,0,0
1,7,518,519,-30212,599,0,0
1,7,519,516,16384,614,1,0
1,7,517,518,-16384,615,0,0
1,7,895,529,0,620,0,40
1,7,529,531,-16384,622,0,0
1,7,527,532,-32768,624,0,0
1,7,532,533,16384,625,0,0
1,7,518,517,16384,615,1,0
1,7,517,528,0,619,0,0
1,7,528,895,0,620,0,0
1,7,530,518,-32768,621,0,0
1,7,533,530,-32768,626,0,0
1,7,198,855,-13828,211,0,0
1,7,526,527,16384,617,0,0
1,7,628,526,-32768,753,0,0
1,7,531,628,-16384,754,0,0
