episode,mission,vertex_1,vertex_2,angle,line,side,offset
1,8,18,19,16384,13,0,0
1,8,19,20,8192,14,0,0
1,8,20,21,0,15,0,0
1,8,21,22,-8192,16,0,0
1,8,22,23,-16384,17,0,0
1,8,23,24,-24576,18,0,0
1,8,24,25,-32768,19,0,0
1,8,25,18,24576,20,0,0
1,8,18,25,-8192,20,1,0
1,8,24,23,8192,18,1,0
1,8,23,22,16384,17,1,0
1,8,20,19,-24576,14,1,0
1,8,22,21,24576,16,1,0
1,8,7,10,-16384,47,0,0
1,8,19,18,-16384,13,1,0
1,8,15,2,16384,150,0,0
1,8,10,11,-24576,7,0,0
1,8,11,12,-30709,8,0,0
1,8,12,13,-32768,9,0,0
1,8,13,14,30709,10,0,0
1,8,14,15,24576,11,0,0
1,8,25,24,0,19,1,0
1,8,7,8,0,5,0,0
1,8,9,10,-32768,6,0,0
1,8,10,7,16384,47,1,0
1,8,8,9,-16384,51,0,0
1,8,8,52,0,48,0,0
1,8,52,53,-16384,49,0,0
1,8,53,9,-32768,50,0,0
1,8,9,8,16384,51,1,0
1,8,26,27,16384,22,0,0
1,8,48,49,-16384,42,0,0
1,8,49,26,-32768,60,0,0
1,8,27,48,0,61,1,0
1,8,4,26,16384,21,0,0
1,8,49,5,-16384,43,0,0
1,8,5,4,-32768,59,0,0
1,8,26,49,0,60,1,0
1,8,2,3,8192,1,0,0
1,8,3,4,3968,2,0,0
1,8,5,6,-3968,3,0,0
1,8,6,7,-8192,4,0,0
1,8,21,20,-32768,15,1,0
1,8,4,5,0,59,1,0
1,8,123,2,0,146,0,0
1,8,15,124,-32768,147,0,0
1,8,2,15,-16384,150,1,0
1,8,124,123,16384,151,0,0
1,8,122,123,0,145,0,0
1,8,124,125,-32768,148,0,0
1,8,123,124,-16384,151,1,0
1,8,125,122,16384,152,0,0
1,8,16,1,16384,46,0,0
1,8,1,122,0,144,0,0
1,8,125,16,-32768,149,0,0
1,8,122,125,-16384,152,1,0
1,8,17,54,-32768,52,0,0
1,8,54,55,16384,53,0,0
1,8,55,0,0,54,0,0
1,8,120,121,-16384,141,0,0
1,8,0,120,-16384,142,0,0
1,8,121,17,-16384,143,0,0
1,8,0,1,0,0,0,0
1,8,16,17,-32768,12,0,0
1,8,1,16,-16384,46,1,0
1,8,121,120,16384,141,1,0
1,8,120,0,16384,142,1,0
1,8,17,121,16384,143,1,0
1,8,33,34,16384,29,0,0
1,8,41,42,-16384,35,0,0
1,8,42,33,-32768,67,0,0
1,8,34,41,0,68,1,0
1,8,32,33,16384,28,0,0
1,8,42,43,-16384,36,0,0
1,8,43,32,-32768,66,0,0
1,8,33,42,0,67,1,0
1,8,31,32,16384,27,0,0
1,8,43,44,-16384,37,0,0
1,8,44,31,-32768,65,0,0
1,8,32,43,0,66,1,0
1,8,30,31,16384,26,0,0
1,8,44,45,-16384,38,0,0
1,8,45,30,-32768,64,0,0
1,8,31,44,0,65,1,0
1,8,29,30,16384,25,0,0
1,8,45,46,-16384,39,0,0
1,8,46,29,-32768,63,0,0
1,8,30,45,0,64,1,0
1,8,28,29,16384,24,0,0
1,8,46,47,-16384,40,0,0
1,8,47,28,-32768,62,0,0
1,8,29,46,0,63,1,0
1,8,27,28,16384,23,0,0
1,8,47,48,-16384,41,0,0
1,8,48,27,-32768,61,0,0
1,8,28,47,0,62,1,0
1,8,37,50,-32768,44,0,0
1,8,51,38,-32768,45,0,0
1,8,38,37,-32768,71,0,0
1,8,108,109,0,120,0,0
1,8,109,51,-16384,121,0,0
1,8,50,110,16384,122,0,0
1,8,110,111,0,123,0,0
1,8,111,108,0,132,0,0
1,8,36,37,16384,32,0,0
1,8,38,39,-16384,33,0,0
1,8,39,36,-32768,70,0,0
1,8,37,38,0,71,1,0
1,8,107,108,-16384,119,0,0
1,8,111,112,16384,124,0,0
1,8,112,107,0,129,0,0
1,8,108,111,-32768,132,1,0
1,8,106,107,-16384,118,0,0
1,8,112,113,16384,125,0,0
1,8,107,112,-32768,129,1,0
1,8,113,106,0,130,1,0
1,8,35,36,16384,31,0,0
1,8,39,40,-16384,34,0,0
1,8,40,35,-32768,69,0,0
1,8,36,39,0,70,1,0
1,8,34,35,16384,30,0,0
1,8,41,34,-32768,68,0,0
1,8,35,40,0,69,1,0
1,8,40,41,-16384,140,0,0
1,8,117,116,16384,136,0,0
1,8,116,118,0,137,0,0
1,8,118,119,-16384,138,0,0
1,8,119,117,-32768,139,0,0
1,8,40,39,16384,34,1,0
1,8,39,116,0,134,0,0
1,8,117,41,-32768,135,0,0
1,8,116,117,-16384,136,1,0
1,8,41,40,16384,140,1,0
1,8,90,91,16384,104,0,0
1,8,92,264,-16384,105,0,0
1,8,146,92,0,177,0,0
1,8,91,185,0,230,0,0
1,8,185,146,0,231,0,0
1,8,145,144,-32768,176,0,0
1,8,265,266,0,227,0,128
1,8,91,144,16384,174,0,0
1,8,145,92,-16384,175,0,0
1,8,144,145,0,176,1,0
1,8,92,146,-32768,177,1,0
1,8,185,91,-32768,230,1,0
1,8,146,185,-32768,231,1,0
1,8,102,90,8192,112,0,0
1,8,267,138,-26071,167,0,1055
1,8,138,139,28010,168,0,0
1,8,139,268,13336,169,0,0
1,8,269,222,-19522,284,0,268
1,8,102,267,-26071,167,0,0
1,8,220,221,-16384,281,0,0
1,8,221,102,-22517,282,0,0
1,8,222,220,6534,283,0,0
1,8,270,102,-24576,112,1,90
1,8,102,221,10250,282,1,0
1,8,91,90,-16384,104,1,0
1,8,90,270,-24576,112,1,0
1,8,271,91,-16384,174,1,57
1,8,221,220,16384,281,1,0
1,8,94,272,13117,106,0,0
1,8,144,94,-26144,180,0,0
1,8,165,144,-8192,203,0,0
1,8,272,94,-19650,106,1,277
1,8,273,269,13245,284,1,66
1,8,144,271,-16384,174,1,0
1,8,94,144,6623,180,1,0
1,8,220,222,-26233,283,1,0
1,8,222,273,13245,284,1,0
1,8,144,165,24576,203,1,0
1,8,165,265,0,227,0,0
1,8,74,75,16384,85,0,0
1,8,76,77,-16384,86,0,0
1,8,83,86,16384,97,0,0
1,8,87,82,-16384,98,0,0
1,8,77,88,-16384,100,0,0
1,8,89,74,16384,103,0,0
1,8,75,76,0,114,0,0
1,8,82,104,-16384,115,0,0
1,8,104,105,-32768,116,0,0
1,8,114,115,-32768,127,0,0
1,8,115,83,16384,128,0,0
1,8,105,114,-32768,131,0,0
1,8,105,106,-16384,117,0,0
1,8,113,114,16384,126,0,0
1,8,106,113,-32768,130,0,0
1,8,114,105,0,131,1,0
1,8,264,93,-16384,105,0,736
1,8,76,75,-32768,114,1,0
1,8,233,76,-16384,296,0,0
1,8,75,234,16384,297,0,0
1,8,86,85,-32768,96,0,0
1,8,72,89,0,102,0,0
1,8,83,84,-32768,93,0,0
1,8,84,85,16384,94,0,0
1,8,85,86,0,96,1,0
1,8,86,83,-16384,97,1,0
1,8,60,61,16384,57,0,0
1,8,62,63,16384,58,0,0
1,8,63,60,16384,73,0,0
1,8,61,72,0,82,0,0
1,8,85,62,-32768,95,0,0
1,8,64,65,-16384,74,0,0
1,8,66,67,-16384,76,0,0
1,8,129,128,16384,156,0,0
1,8,130,129,24576,157,0,0
1,8,131,130,-32768,158,0,0
1,8,67,131,-23095,159,0,0
1,8,60,63,-16384,73,1,0
1,8,65,60,0,75,0,0
1,8,63,66,-32768,77,0,0
1,8,126,64,-9672,153,0,0
1,8,127,126,0,154,0,0
1,8,128,127,8528,155,0,0
1,8,72,73,16384,83,0,0
1,8,73,74,0,84,0,0
1,8,89,72,-32768,102,1,0
1,8,74,89,-16384,103,1,0
1,8,234,102,22385,298,0,0
1,8,93,103,-8192,113,0,0
1,8,274,142,-13010,171,0,3611
1,8,142,275,-28450,172,0,0
1,8,230,276,19522,291,0,0
1,8,275,143,-28450,172,0,2370
1,8,143,103,25385,173,0,0
1,8,231,230,-6534,292,0,0
1,8,232,231,16384,293,0,0
1,8,103,232,22517,294,0,0
1,8,103,277,24576,113,1,0
1,8,232,103,-10250,294,1,0
1,8,93,92,16384,105,1,0
1,8,277,93,24576,113,1,181
1,8,92,278,16384,175,1,0
1,8,231,232,-16384,293,1,0
1,8,147,145,26144,178,0,0
1,8,279,147,-13028,179,0,278
1,8,145,184,8192,229,0,0
1,8,147,279,19739,179,1,0
1,8,276,280,-13245,291,1,268
1,8,278,145,16384,175,1,6
1,8,145,147,-6623,178,1,0
1,8,280,230,-13245,291,1,905
1,8,230,231,26233,292,1,0
1,8,266,184,0,227,0,320
1,8,184,145,-24576,229,1,0
1,8,80,87,-32768,99,0,0
1,8,88,79,0,101,0,0
1,8,80,81,-16384,91,0,0
1,8,81,82,-32768,92,0,0
1,8,82,87,16384,98,1,0
1,8,87,80,0,99,1,0
1,8,56,57,-16384,55,0,0
1,8,58,59,-16384,56,0,0
1,8,59,56,-16384,72,0,0
1,8,79,58,0,89,0,0
1,8,57,80,-32768,90,0,0
1,8,68,69,16384,79,0,0
1,8,71,70,16384,81,0,0
1,8,134,135,-16384,163,0,0
1,8,135,136,-24576,164,0,0
1,8,136,137,-32768,165,0,0
1,8,137,71,23095,166,0,0
1,8,56,59,16384,72,1,0
1,8,59,68,0,78,0,0
1,8,70,56,-32768,80,0,0
1,8,69,132,9672,160,0,0
1,8,132,133,0,161,0,0
1,8,133,134,-8192,162,0,0
1,8,77,78,0,87,0,0
1,8,78,79,-16384,88,0,0
1,8,88,77,16384,100,1,0
1,8,79,88,-32768,101,1,0
1,8,103,233,-22385,295,0,0
1,8,95,96,25934,107,0,0
1,8,96,97,0,108,0,0
1,8,160,161,-24576,193,0,0
1,8,272,95,13117,106,0,605
1,8,268,281,13336,169,0,868
1,8,223,269,-19522,284,0,0
1,8,282,223,-6822,285,0,65
1,8,96,283,-6833,107,1,0
1,8,223,282,25945,285,1,0
1,8,95,272,-19650,106,1,0
1,8,283,95,-6833,107,1,781
1,8,269,223,13245,284,1,703
1,8,164,165,-16384,202,0,0
1,8,165,164,16384,202,1,0
1,8,164,284,0,225,0,0
1,8,285,165,-32768,227,1,168
1,8,162,164,-23881,201,0,0
1,8,182,163,26298,224,0,0
1,8,180,182,-26298,232,0,0
1,8,284,286,-32768,225,1,168
1,8,182,180,6469,232,1,0
1,8,162,163,0,199,0,0
1,8,164,162,8886,201,1,0
1,8,163,182,-6469,224,1,0
1,8,286,164,-32768,225,1,190
1,8,163,157,16384,200,0,0
1,8,166,180,-16384,221,0,0
1,8,148,162,-16384,198,0,0
1,8,148,149,0,181,0,0
1,8,156,157,0,189,0,0
1,8,149,156,0,195,0,0
1,8,162,148,16384,198,1,0
1,8,163,162,-32768,199,1,0
1,8,157,163,-16384,200,1,0
1,8,151,152,16384,184,0,0
1,8,152,153,0,185,0,0
1,8,153,154,-16384,186,0,0
1,8,154,151,-32768,197,0,0
1,8,159,160,-32768,192,0,0
1,8,149,150,16384,182,0,0
1,8,155,156,-16384,188,0,0
1,8,156,149,-32768,195,1,0
1,8,150,155,0,196,0,0
1,8,150,151,16384,183,0,0
1,8,154,155,-16384,187,0,0
1,8,155,150,-32768,196,1,0
1,8,151,154,0,197,1,0
1,8,161,148,-11547,194,0,0
1,8,157,158,14325,190,0,0
1,8,287,179,-22210,216,0,45
1,8,179,166,-14325,217,0,0
1,8,158,159,22210,191,0,0
1,8,99,100,0,110,0,0
1,8,100,101,-25995,111,0,0
1,8,101,279,-13028,179,0,0
1,8,184,183,16384,228,0,0
1,8,288,274,-13010,171,0,2800
1,8,229,289,6935,290,0,0
1,8,276,229,19522,291,0,703
1,8,279,290,19739,179,1,607
1,8,229,276,-13245,291,1,0
1,8,101,100,6772,111,1,0
1,8,290,101,19739,179,1,842
1,8,289,229,-25832,290,1,64
1,8,284,183,0,225,0,280
1,8,184,285,-32768,227,1,0
1,8,183,184,-16384,228,1,0
1,8,183,181,23881,226,0,0
1,8,180,181,0,222,0,0
1,8,183,284,-32768,225,1,0
1,8,181,183,-8886,226,1,0
1,8,181,175,16384,223,0,0
1,8,166,167,0,204,0,0
1,8,174,175,0,212,0,0
1,8,167,174,0,218,0,0
1,8,180,166,16384,221,1,0
1,8,181,180,-32768,222,1,0
1,8,175,181,-16384,223,1,0
1,8,169,170,16384,207,0,0
1,8,170,171,0,208,0,0
1,8,171,172,-16384,209,0,0
1,8,172,169,-32768,220,0,0
1,8,177,178,-32768,215,0,0
1,8,178,287,-22210,216,0,0
1,8,167,168,16384,205,0,0
1,8,173,174,-16384,211,0,0
1,8,174,167,-32768,218,1,0
1,8,168,173,0,219,0,0
1,8,168,169,16384,206,0,0
1,8,172,173,-16384,210,0,0
1,8,173,168,-32768,219,1,0
1,8,169,172,0,220,1,0
1,8,175,176,11547,213,0,0
1,8,176,177,24576,214,0,0
1,8,262,261,-32768,329,0,0
1,8,260,263,-6133,330,0,0
1,8,263,262,-16384,331,0,0
1,8,261,260,16384,332,0,0
1,8,172,171,16384,209,1,0
1,8,171,260,0,327,0,0
1,8,261,172,-32768,328,0,0
1,8,260,261,-16384,332,1,0
1,8,291,292,13336,169,0,1711
1,8,186,187,0,233,0,0
1,8,225,224,-32768,286,0,0
1,8,226,225,-19955,287,0,0
1,8,292,293,13344,169,0,2738
1,8,294,186,-16384,246,0,768
1,8,187,186,-32768,233,1,0
1,8,186,294,16384,246,1,0
1,8,281,291,13343,169,0,1670
1,8,224,282,-6822,285,0,0
1,8,295,96,-32768,108,1,46
1,8,282,224,25945,285,1,841
1,8,224,225,0,286,1,0
1,8,98,99,-13060,109,0,0
1,8,97,98,13060,133,0,0
1,8,97,295,-32768,108,1,0
1,8,98,97,-19707,133,1,0
1,8,225,296,12812,287,1,0
1,8,99,98,19707,109,1,0
1,8,297,99,-32768,110,1,785
1,8,296,226,12812,287,1,821
1,8,226,227,-12812,288,1,0
1,8,187,201,0,261,0,0
1,8,298,226,19955,288,0,476
1,8,187,188,16384,234,0,0
1,8,215,201,-16384,260,0,0
1,8,201,187,-32768,261,1,0
1,8,188,215,0,262,0,0
1,8,188,187,-16384,234,1,0
1,8,188,189,16384,235,0,0
1,8,214,215,-16384,259,0,0
1,8,215,188,-32768,262,1,0
1,8,189,214,0,263,0,0
1,8,189,188,-16384,235,1,0
1,8,299,300,-13010,171,0,1720
1,8,201,202,0,247,0,0
1,8,227,298,19955,288,0,0
1,8,228,227,-32768,289,0,0
1,8,300,288,-13010,171,0,2757
1,8,289,228,6937,290,0,829
1,8,100,297,-32768,110,1,0
1,8,227,228,0,289,1,0
1,8,228,289,-25830,290,1,0
1,8,301,299,-13010,171,0,1653
1,8,202,302,16384,248,0,0
1,8,202,201,-32768,247,1,0
1,8,302,202,-16384,248,1,768
1,8,215,214,16384,259,1,0
1,8,201,215,16384,260,1,0
1,8,303,301,-13010,171,0,1282
1,8,302,304,16384,248,0,64
1,8,304,302,-16384,248,1,416
1,8,205,204,16384,249,1,0
1,8,206,205,16384,250,1,0
1,8,207,206,16384,251,1,0
1,8,208,207,16384,252,1,0
1,8,209,208,16384,253,1,0
1,8,210,209,16384,254,1,0
1,8,211,210,16384,255,1,0
1,8,212,211,16384,256,1,0
1,8,213,212,16384,257,1,0
1,8,214,213,16384,258,1,0
1,8,204,217,16384,277,1,0
1,8,194,195,16384,241,0,0
1,8,208,209,-16384,253,0,0
1,8,209,194,-32768,268,1,0
1,8,195,208,0,269,0,0
1,8,195,196,16384,242,0,0
1,8,207,208,-16384,252,0,0
1,8,208,195,-32768,269,1,0
1,8,196,207,0,270,0,0
1,8,196,197,16384,243,0,0
1,8,206,207,-16384,251,0,0
1,8,207,196,-32768,270,1,0
1,8,197,206,0,271,0,0
1,8,197,198,16384,244,0,0
1,8,205,206,-16384,250,0,0
1,8,206,197,-32768,271,1,0
1,8,198,205,0,272,0,0
1,8,198,199,16384,245,0,0
1,8,204,205,-16384,249,0,0
1,8,205,198,-32768,272,1,0
1,8,199,204,0,273,0,0
1,8,204,199,-32768,273,1,0
1,8,199,216,16384,275,0,0
1,8,216,217,0,276,0,0
1,8,217,204,-16384,277,0,0
1,8,189,190,16384,236,0,0
1,8,213,214,-16384,258,0,0
1,8,214,189,-32768,263,1,0
1,8,190,213,0,264,0,0
1,8,190,191,16384,237,0,0
1,8,212,213,-16384,257,0,0
1,8,213,190,-32768,264,1,0
1,8,191,212,0,265,0,0
1,8,191,192,16384,238,0,0
1,8,211,212,-16384,256,0,0
1,8,212,191,-32768,265,1,0
1,8,192,211,0,266,0,0
1,8,192,193,16384,239,0,0
1,8,210,211,-16384,255,0,0
1,8,211,192,-32768,266,1,0
1,8,193,210,0,267,0,0
1,8,193,194,16384,240,0,0
1,8,209,210,-16384,254,0,0
1,8,210,193,-32768,267,1,0
1,8,194,209,0,268,0,0
1,8,293,305,13336,169,0,2806
1,8,306,294,-16384,246,0,416
1,8,190,189,-16384,236,1,0
1,8,191,190,-16384,237,1,0
1,8,192,191,-16384,238,1,0
1,8,193,192,-16384,239,1,0
1,8,194,193,-16384,240,1,0
1,8,195,194,-16384,241,1,0
1,8,196,195,-16384,242,1,0
1,8,197,196,-16384,243,1,0
1,8,198,197,-16384,244,1,0
1,8,199,198,-16384,245,1,0
1,8,294,306,16384,246,1,64
1,8,216,199,-16384,275,1,0
1,8,256,257,0,323,0,0
1,8,257,258,-16384,324,0,0
1,8,258,259,-32768,325,0,0
1,8,259,256,16384,326,0,0
1,8,307,308,16384,320,0,144
1,8,256,259,-16384,326,1,0
1,8,309,253,-32768,319,0,112
1,8,253,307,16384,320,0,0
1,8,259,258,0,325,1,0
1,8,252,309,-32768,319,0,0
1,8,310,252,-16384,322,0,144
1,8,258,257,16384,324,1,0
1,8,308,254,16384,320,0,240
1,8,254,255,0,321,0,0
1,8,255,310,-16384,322,0,0
1,8,257,256,-32768,323,1,0
1,8,217,216,-32768,276,1,0
1,8,216,218,16384,278,0,0
1,8,218,219,0,279,0,0
1,8,219,217,-16384,280,0,0
1,8,219,218,-32768,279,1,0
1,8,244,245,0,311,0,0
1,8,311,304,-16384,248,1,224
1,8,217,219,16384,280,1,0
1,8,312,313,0,274,1,64
1,8,246,247,-32768,313,0,0
1,8,235,236,0,299,0,0
1,8,314,251,-32768,317,0,80
1,8,251,315,16384,318,0,0
1,8,242,235,-16384,306,0,0
1,8,315,316,16384,318,0,16
1,8,236,235,-32768,299,1,0
1,8,235,242,16384,306,1,0
1,8,242,243,0,307,0,0
1,8,243,236,-16384,310,0,0
1,8,236,237,0,300,0,0
1,8,317,250,-16384,316,0,144
1,8,250,314,-32768,317,0,0
1,8,237,238,16384,301,0,0
1,8,318,317,-16384,316,0,80
1,8,237,236,-32768,300,1,0
1,8,238,237,-16384,301,1,0
1,8,243,238,0,308,0,0
1,8,236,243,16384,310,1,0
1,8,240,241,-32768,304,0,0
1,8,248,319,0,315,0,0
1,8,320,248,16384,318,0,144
1,8,241,242,-16384,305,0,0
1,8,316,320,16384,318,0,80
1,8,241,240,0,304,1,0
1,8,242,241,16384,305,1,0
1,8,243,242,-32768,307,1,0
1,8,240,243,-16384,309,0,0
1,8,238,239,16384,302,0,0
1,8,321,249,0,315,0,144
1,8,249,318,-16384,316,0,0
1,8,239,240,-32768,303,0,0
1,8,319,321,0,315,0,80
1,8,239,238,-16384,302,1,0
1,8,240,239,0,303,1,0
1,8,238,243,-32768,308,1,0
1,8,243,240,16384,309,1,0
1,8,322,323,16384,314,1,16
1,8,248,251,-16384,318,1,0
1,8,324,244,-32768,311,1,16
1,8,244,322,16384,314,1,0
1,8,251,250,0,317,1,0
1,8,245,324,-32768,311,1,0
1,8,325,245,-16384,312,1,16
1,8,250,249,16384,316,1,0
1,8,246,325,-16384,312,1,0
1,8,247,246,0,313,1,0
1,8,323,247,16384,314,1,176
1,8,249,248,-32768,315,1,0
1,8,203,311,-16384,248,1,0
1,8,313,203,0,274,1,256
1,8,245,246,16384,312,0,0
1,8,306,200,16384,246,1,416
1,8,200,312,0,274,1,0
1,8,218,216,-16384,278,1,0
1,8,247,244,-16384,314,0,0
1,8,326,327,0,170,0,1904
1,8,203,200,-32768,274,0,0
1,8,327,141,0,170,0,2224
1,8,141,303,-13010,171,0,0
1,8,304,203,16384,248,0,416
1,8,305,140,13336,169,0,3173
1,8,140,326,0,170,0,0
1,8,200,306,-16384,246,0,0
