episode,mission,vertex_1,vertex_2,angle,line,side,offset
1,9,177,178,0,206,0,0
1,9,178,509,-8192,207,0,0
1,9,489,490,-32768,628,0,0
1,9,510,511,24576,210,1,271
1,9,486,487,-16384,625,0,0
1,9,491,492,0,630,0,0
1,9,511,182,24576,210,1,542
1,9,490,491,-16384,629,0,0
1,9,492,489,16384,631,0,0
1,9,490,489,0,628,1,0
1,9,491,490,16384,629,1,0
1,9,492,491,-32768,630,1,0
1,9,489,492,-16384,631,1,0
1,9,512,179,-8192,207,0,316
1,9,487,488,0,626,0,0
1,9,493,494,-32768,632,0,0
1,9,179,497,-16384,635,0,0
1,9,497,493,-32768,638,0,0
1,9,509,513,-8192,207,0,45
1,9,485,486,-32768,624,0,0
1,9,513,512,-8192,207,0,226
1,9,488,485,16384,627,0,0
1,9,486,485,0,624,1,0
1,9,487,486,16384,625,1,0
1,9,488,487,-32768,626,1,0
1,9,485,488,-16384,627,1,0
1,9,514,510,24576,210,1,90
1,9,494,495,-16384,633,0,0
1,9,180,514,24576,210,1,0
1,9,495,496,0,634,0,0
1,9,494,493,0,632,1,0
1,9,495,494,16384,633,1,0
1,9,496,495,-32768,634,1,0
1,9,493,496,-16384,639,0,0
1,9,367,368,0,467,0,0
1,9,368,352,-16384,468,0,0
1,9,352,515,-32768,469,1,0
1,9,498,175,-16384,636,0,0
1,9,496,498,0,640,0,0
1,9,497,498,-16384,637,0,0
1,9,493,497,0,638,1,0
1,9,496,493,16384,639,1,0
1,9,498,496,-32768,640,1,0
1,9,167,168,0,190,0,0
1,9,169,170,-32768,191,0,0
1,9,170,167,16384,201,0,0
1,9,168,169,-16384,202,1,0
1,9,166,167,0,189,0,0
1,9,170,171,-32768,192,0,0
1,9,171,166,16384,200,0,0
1,9,167,170,-16384,201,1,0
1,9,165,166,0,188,0,0
1,9,171,172,-32768,193,0,0
1,9,172,165,16384,199,0,0
1,9,166,171,-16384,200,1,0
1,9,164,165,0,187,0,0
1,9,172,173,-32768,194,0,0
1,9,173,164,16384,198,0,0
1,9,165,172,-16384,199,1,0
1,9,516,182,16384,209,0,128
1,9,182,517,-8192,210,0,0
1,9,474,475,-16384,613,0,0
1,9,518,519,-8192,210,0,316
1,9,475,476,0,614,0,0
1,9,481,482,-32768,620,0,0
1,9,517,520,-8192,210,0,45
1,9,473,474,-32768,612,0,0
1,9,520,518,-8192,210,0,226
1,9,476,473,16384,615,0,0
1,9,474,473,0,612,1,0
1,9,475,474,16384,613,1,0
1,9,476,475,-32768,614,1,0
1,9,473,476,-16384,615,1,0
1,9,521,181,-32768,208,0,384
1,9,181,516,16384,209,0,0
1,9,482,483,-16384,621,0,0
1,9,522,521,-32768,208,0,224
1,9,523,479,-16384,617,0,32
1,9,483,484,0,622,0,0
1,9,478,523,-16384,617,0,0
1,9,484,481,16384,623,0,0
1,9,482,481,0,620,1,0
1,9,483,482,16384,621,1,0
1,9,484,483,-32768,622,1,0
1,9,481,484,-16384,623,1,0
1,9,180,522,-32768,208,0,0
1,9,524,180,-8192,210,0,587
1,9,479,480,0,618,0,0
1,9,519,524,-8192,210,0,452
1,9,480,477,16384,619,0,0
1,9,477,478,-32768,616,0,0
1,9,478,477,0,616,1,0
1,9,479,478,16384,617,1,0
1,9,480,479,-32768,618,1,0
1,9,477,480,-16384,619,1,0
1,9,175,525,-32768,203,0,0
1,9,181,180,0,208,1,0
1,9,169,168,16384,202,0,0
1,9,525,176,-32768,203,0,512
1,9,176,169,16384,204,0,0
1,9,168,177,16384,205,0,0
1,9,182,181,-16384,209,1,0
1,9,366,367,16384,466,0,0
1,9,515,366,-32768,469,1,320
1,9,420,421,0,541,0,0
1,9,421,422,-15516,543,0,0
1,9,422,423,-17864,544,0,0
1,9,427,420,15086,550,0,0
1,9,423,427,28132,561,0,0
1,9,423,422,14903,544,1,0
1,9,420,427,-17681,550,1,0
1,9,526,470,0,604,0,48
1,9,470,420,0,606,0,0
1,9,127,128,-16384,138,0,0
1,9,128,527,-16384,539,0,0
1,9,421,127,0,542,0,0
1,9,422,421,17251,543,1,0
1,9,423,424,-26856,545,0,0
1,9,424,425,-29412,546,0,0
1,9,426,427,3113,549,0,0
1,9,425,426,16384,560,1,0
1,9,427,423,-4635,561,1,0
1,9,427,426,-29654,549,1,0
1,9,425,424,3355,546,1,0
1,9,121,122,-32768,135,0,0
1,9,123,124,-32768,136,0,0
1,9,125,528,-32768,137,0,0
1,9,131,123,-16384,141,0,0
1,9,122,125,-32768,142,0,0
1,9,124,121,-32768,143,0,0
1,9,527,131,-16384,539,0,18
1,9,424,423,5911,545,1,0
1,9,163,164,0,186,0,0
1,9,173,174,-32768,195,0,0
1,9,174,163,16384,197,0,0
1,9,164,173,-16384,198,1,0
1,9,129,163,4836,185,0,0
1,9,174,130,27931,196,0,0
1,9,163,174,-16384,197,1,0
1,9,130,129,16384,211,0,0
1,9,128,129,0,139,0,0
1,9,130,131,-32768,140,0,0
1,9,129,130,-16384,211,1,0
1,9,131,128,16384,539,1,0
1,9,433,434,27931,555,0,0
1,9,435,436,-5753,556,0,0
1,9,529,435,0,562,0,312
1,9,436,463,-11873,595,0,0
1,9,463,530,-16384,596,0,0
1,9,434,531,-32768,565,0,0
1,9,467,532,-32768,603,0,0
1,9,533,472,0,610,0,48
1,9,472,467,-16384,611,0,0
1,9,532,467,0,603,1,48
1,9,470,526,-32768,604,1,0
1,9,467,470,-16384,608,0,0
1,9,421,420,-32768,541,1,0
1,9,530,421,-16384,596,0,16
1,9,420,464,16384,597,0,0
1,9,464,433,20352,598,0,0
1,9,116,115,-32768,134,0,0
1,9,413,414,-16384,530,0,0
1,9,415,416,16384,531,0,0
1,9,416,413,0,533,0,0
1,9,115,415,16384,537,0,0
1,9,414,116,-16384,538,0,0
1,9,114,115,16384,123,0,0
1,9,116,117,-16384,124,0,0
1,9,117,114,-32768,133,0,0
1,9,115,116,0,134,1,0
1,9,122,121,0,135,1,0
1,9,412,417,-32768,534,0,0
1,9,417,122,16384,535,0,0
1,9,121,412,-16384,536,0,0
1,9,412,413,-16384,529,0,0
1,9,416,417,16384,532,0,0
1,9,413,416,-32768,533,1,0
1,9,417,412,0,534,1,0
1,9,113,114,16384,122,0,0
1,9,117,118,-16384,125,0,0
1,9,118,113,-32768,132,0,0
1,9,114,117,0,133,1,0
1,9,112,113,16384,121,0,0
1,9,118,119,-16384,126,0,0
1,9,119,112,-32768,131,0,0
1,9,113,118,0,132,1,0
1,9,111,112,16384,120,0,0
1,9,119,120,-16384,127,0,0
1,9,120,111,-32768,130,0,0
1,9,112,119,0,131,1,0
1,9,16,111,16384,119,0,0
1,9,120,17,-16384,128,0,0
1,9,17,16,-32768,129,0,0
1,9,111,120,0,130,1,0
1,9,195,196,-16384,229,0,0
1,9,205,206,16384,240,0,0
1,9,196,205,-32768,241,0,0
1,9,206,195,0,247,1,0
1,9,196,197,-16384,230,0,0
1,9,204,205,16384,239,0,0
1,9,205,196,0,241,1,0
1,9,197,204,-32768,242,0,0
1,9,197,198,-16384,231,0,0
1,9,203,204,16384,238,0,0
1,9,204,197,0,242,1,0
1,9,198,203,-32768,243,0,0
1,9,198,199,-16384,232,0,0
1,9,202,203,16384,237,0,0
1,9,203,198,0,243,1,0
1,9,199,202,-32768,244,0,0
1,9,199,200,-16384,233,0,0
1,9,201,202,16384,236,0,0
1,9,202,199,0,244,1,0
1,9,200,201,-32768,245,0,0
1,9,373,374,-5636,474,0,0
1,9,374,376,-21592,476,0,0
1,9,376,384,21798,488,0,0
1,9,384,373,16384,489,0,0
1,9,384,376,-10969,488,1,0
1,9,373,372,0,473,1,0
1,9,374,373,27131,474,1,0
1,9,376,377,6133,477,0,0
1,9,377,378,-6133,478,0,0
1,9,378,382,-27931,485,0,0
1,9,382,383,-32768,486,0,0
1,9,383,376,27931,487,0,0
1,9,376,383,-4836,487,1,0
1,9,383,382,0,486,1,0
1,9,376,374,11175,476,1,0
1,9,377,376,-26634,477,1,0
1,9,195,206,-32768,247,0,0
1,9,534,216,-16384,255,0,530
1,9,216,195,-32768,256,0,0
1,9,382,378,4836,485,1,0
1,9,375,371,5636,475,0,0
1,9,378,375,21592,479,0,0
1,9,371,381,-16384,483,0,0
1,9,381,378,-21798,484,0,0
1,9,378,381,10969,484,1,0
1,9,535,534,-16384,255,0,288
1,9,381,371,16384,483,1,0
1,9,369,371,0,471,1,0
1,9,371,375,-27131,475,1,0
1,9,378,377,26634,478,1,0
1,9,375,378,-11175,479,1,0
1,9,206,212,24576,252,0,0
1,9,212,536,16384,253,0,0
1,9,373,384,-16384,489,1,0
1,9,369,370,19739,470,0,0
1,9,371,369,-32768,471,0,0
1,9,370,379,0,480,0,0
1,9,379,380,-7497,481,0,0
1,9,380,371,-16384,482,0,0
1,9,371,380,16384,482,1,0
1,9,379,370,-32768,480,1,0
1,9,214,215,0,254,0,0
1,9,215,535,-16384,255,0,0
1,9,380,379,25270,481,1,0
1,9,370,372,-19739,472,0,0
1,9,372,373,-32768,473,0,0
1,9,373,385,16384,490,0,0
1,9,385,386,7497,491,0,0
1,9,386,370,0,492,0,0
1,9,370,386,-32768,492,1,0
1,9,385,373,-16384,490,1,0
1,9,370,369,-13028,470,1,0
1,9,372,370,13028,472,1,0
1,9,536,213,16384,253,0,160
1,9,386,385,-25270,491,1,0
1,9,213,398,8192,504,0,0
1,9,398,214,8192,506,0,0
1,9,537,391,16384,495,0,224
1,9,391,392,0,496,0,0
1,9,392,393,-16384,497,0,0
1,9,399,395,-32768,505,0,0
1,9,393,399,-32768,507,0,0
1,9,538,537,16384,495,0,72
1,9,395,396,-16384,500,0,0
1,9,396,397,-32768,502,0,0
1,9,214,398,-24576,506,1,0
1,9,399,393,0,507,1,0
1,9,398,399,16384,508,0,0
1,9,393,214,-16384,509,0,0
1,9,390,538,16384,495,0,0
1,9,394,390,-32768,499,0,0
1,9,397,394,-16384,503,0,0
1,9,389,394,-32768,498,0,0
1,9,397,539,0,502,1,0
1,9,394,397,16384,503,1,0
1,9,402,389,-16384,514,0,0
1,9,396,387,-16384,501,0,0
1,9,539,396,0,502,1,16
1,9,387,402,-32768,515,0,0
1,9,387,388,-16384,493,0,0
1,9,388,389,-32768,494,0,0
1,9,389,402,16384,514,1,0
1,9,402,387,0,515,1,0
1,9,469,526,0,604,0,0
1,9,502,499,16384,644,0,0
1,9,540,429,16384,553,0,24
1,9,429,438,0,559,0,0
1,9,438,469,0,605,0,0
1,9,499,500,-32768,641,0,0
1,9,430,540,16384,553,0,0
1,9,500,501,-16384,642,0,0
1,9,501,502,0,643,0,0
1,9,500,499,0,641,1,0
1,9,501,500,16384,642,1,0
1,9,502,501,-32768,643,1,0
1,9,499,502,-16384,644,1,0
1,9,428,429,8192,551,0,0
1,9,430,428,-32768,552,1,0
1,9,429,430,-16384,553,1,0
1,9,541,542,16384,563,0,8
1,9,445,431,-17251,569,0,0
1,9,439,543,0,562,0,0
1,9,544,441,16384,563,0,129
1,9,441,439,7300,564,0,0
1,9,442,446,-28650,570,0,0
1,9,542,544,16384,563,0,104
1,9,446,445,-19961,571,0,0
1,9,442,443,-16384,566,0,0
1,9,443,444,-32768,567,0,0
1,9,444,445,-32768,568,0,0
1,9,446,442,4117,570,1,0
1,9,445,446,12806,571,1,0
1,9,543,529,0,562,0,152
1,9,531,442,-32768,565,0,96
1,9,532,468,-32768,603,0,144
1,9,468,471,16384,609,0,0
1,9,471,533,0,610,0,0
1,9,468,532,0,603,1,0
1,9,526,469,-32768,604,1,144
1,9,469,468,16384,607,0,0
1,9,545,452,16384,575,0,168
1,9,452,449,-4836,590,0,0
1,9,448,440,18939,589,0,0
1,9,448,449,-32768,573,0,0
1,9,452,440,5414,576,0,0
1,9,440,448,-13828,589,1,0
1,9,449,452,27931,590,1,0
1,9,449,450,-16384,574,0,0
1,9,451,545,16384,575,0,0
1,9,453,451,21798,577,0,0
1,9,546,453,-32768,602,0,104
1,9,447,448,20938,572,0,0
1,9,547,447,31728,592,0,104
1,9,455,460,-16384,587,0,0
1,9,450,465,0,599,0,0
1,9,465,455,0,600,0,0
1,9,460,466,-32768,601,0,0
1,9,466,546,-32768,602,0,0
1,9,440,541,16384,563,0,0
1,9,455,456,0,580,0,0
1,9,459,460,-32768,585,0,0
1,9,460,455,16384,587,1,0
1,9,456,459,-16384,588,0,0
1,9,456,457,0,581,0,0
1,9,458,459,-32768,584,0,0
1,9,457,458,-16384,586,0,0
1,9,459,456,16384,588,1,0
1,9,454,126,-16384,579,1,0
1,9,457,454,0,582,0,0
1,9,126,458,-32768,583,0,0
1,9,458,457,16384,586,1,0
1,9,419,418,-16384,540,1,0
1,9,418,461,-32768,591,0,0
1,9,461,547,31728,592,0,0
1,9,432,462,0,593,0,0
1,9,462,419,0,594,0,0
1,9,431,432,-13481,554,0,0
1,9,418,419,16384,540,0,0
1,9,425,418,-32333,547,0,0
1,9,419,426,867,548,0,0
1,9,426,425,-16384,560,0,0
1,9,528,126,-32768,137,0,40
1,9,418,425,434,547,1,0
1,9,454,418,16384,578,0,0
1,9,126,454,16384,579,0,0
1,9,426,419,-31900,548,1,0
1,9,419,548,16384,557,0,0
1,9,504,505,0,646,0,0
1,9,428,549,0,552,0,0
1,9,548,437,16384,557,0,64
1,9,437,428,16384,558,0,0
1,9,503,504,-16384,645,0,0
1,9,549,430,0,552,0,72
1,9,506,503,-32768,648,0,0
1,9,505,506,16384,647,0,0
1,9,504,503,16384,645,1,0
1,9,505,504,-32768,646,1,0
1,9,506,505,-16384,647,1,0
1,9,503,506,0,648,1,0
1,9,48,51,16384,68,0,0
1,9,62,63,16384,69,0,0
1,9,63,550,0,70,0,0
1,9,51,62,16384,71,0,0
1,9,65,48,16384,72,0,0
1,9,335,65,16384,425,0,0
1,9,337,335,-32768,426,1,0
1,9,48,49,-32768,48,0,0
1,9,50,51,0,49,0,0
1,9,49,50,16384,62,0,0
1,9,51,48,-16384,68,1,0
1,9,56,50,0,55,0,0
1,9,49,61,-32768,61,0,0
1,9,50,49,-16384,62,1,0
1,9,61,56,16384,63,0,0
1,9,55,56,0,54,0,0
1,9,61,60,-32768,60,0,0
1,9,56,61,-16384,63,1,0
1,9,60,55,16384,64,0,0
1,9,54,55,0,53,0,0
1,9,60,59,-32768,59,0,0
1,9,55,60,-16384,64,1,0
1,9,59,54,16384,65,0,0
1,9,53,54,0,52,0,0
1,9,59,58,-32768,58,0,0
1,9,54,59,-16384,65,1,0
1,9,58,53,16384,66,0,0
1,9,52,53,0,51,0,0
1,9,58,57,-32768,57,0,0
1,9,53,58,-16384,66,1,0
1,9,57,52,16384,67,0,0
1,9,551,4,0,2,0,64
1,9,4,5,-8192,3,0,0
1,9,5,6,-16384,4,0,0
1,9,7,8,-16384,5,0,0
1,9,237,238,16384,281,0,0
1,9,238,239,16384,282,0,0
1,9,241,237,16384,286,0,0
1,9,6,52,0,50,0,0
1,9,57,7,-32768,56,0,0
1,9,52,57,-16384,67,1,0
1,9,552,332,24576,432,0,226
1,9,342,343,-16384,435,0,0
1,9,553,332,8192,421,0,90
1,9,332,552,-8192,432,1,0
1,9,332,345,16384,438,0,0
1,9,345,347,8192,442,0,0
1,9,8,9,-24576,6,0,0
1,9,9,554,-32768,7,0,0
1,9,345,346,16384,439,0,0
1,9,346,347,0,440,0,0
1,9,347,345,-24576,442,1,0
1,9,333,555,-8192,433,0,0
1,9,341,342,-32768,434,0,0
1,9,347,333,0,441,0,0
1,9,339,556,-24576,430,0,0
1,9,555,339,-8192,433,0,226
1,9,344,341,16384,437,0,0
1,9,342,341,0,434,1,0
1,9,343,342,16384,435,1,0
1,9,344,343,-32768,436,1,0
1,9,341,344,-16384,437,1,0
1,9,333,557,8192,422,0,0
1,9,336,338,-16384,428,0,0
1,9,338,339,-24576,429,0,0
1,9,339,333,24576,433,1,0
1,9,349,336,0,445,0,0
1,9,557,334,8192,422,0,45
1,9,334,335,0,423,0,0
1,9,335,349,-16384,446,0,0
1,9,335,337,0,426,0,0
1,9,337,336,-16384,427,0,0
1,9,336,349,-32768,445,1,0
1,9,349,335,16384,446,1,0
1,9,144,145,-16384,157,0,0
1,9,148,149,16384,160,0,0
1,9,149,144,0,180,0,0
1,9,145,148,-32768,181,1,0
1,9,143,144,-16384,156,0,0
1,9,149,150,16384,161,0,0
1,9,150,143,0,179,0,0
1,9,144,149,-32768,180,1,0
1,9,142,143,-16384,155,0,0
1,9,150,151,16384,162,0,0
1,9,151,142,0,178,0,0
1,9,143,150,-32768,179,1,0
1,9,68,142,-16384,154,0,0
1,9,151,69,16384,163,0,0
1,9,69,68,0,177,0,0
1,9,142,151,-32768,178,1,0
1,9,71,72,16384,76,0,0
1,9,72,73,0,77,0,0
1,9,74,71,-32768,78,0,0
1,9,73,74,-16384,447,1,0
1,9,72,71,-16384,76,1,0
1,9,550,64,0,70,0,64
1,9,73,72,-32768,77,1,0
1,9,64,400,-16384,510,0,0
1,9,400,73,-16384,511,0,0
1,9,66,67,-32768,73,0,0
1,9,71,74,0,78,1,0
1,9,70,336,-32768,424,0,0
1,9,336,337,16384,427,1,0
1,9,74,401,-16384,512,0,0
1,9,401,66,-16384,513,0,0
1,9,67,68,-16384,74,0,0
1,9,69,70,16384,75,0,0
1,9,68,69,-32768,177,1,0
1,9,351,558,16384,450,0,0
1,9,559,351,-32768,452,0,192
1,9,354,355,-16384,453,0,0
1,9,363,364,0,462,0,0
1,9,558,350,16384,450,0,192
1,9,362,363,-16384,461,0,0
1,9,350,366,13828,465,0,0
1,9,366,515,0,469,0,0
1,9,365,362,-32768,464,0,0
1,9,515,560,0,469,0,128
1,9,364,365,16384,463,0,0
1,9,363,362,16384,461,1,0
1,9,364,363,-32768,462,1,0
1,9,365,364,-16384,463,1,0
1,9,362,365,0,464,1,0
1,9,561,353,-16384,451,0,384
1,9,353,562,-32768,452,0,0
1,9,356,357,16384,455,0,0
1,9,359,360,0,458,0,0
1,9,562,559,-32768,452,0,128
1,9,355,356,0,454,0,0
1,9,357,354,-32768,456,0,0
1,9,355,354,16384,453,1,0
1,9,356,355,-32768,454,1,0
1,9,357,356,-16384,455,1,0
1,9,354,357,0,456,1,0
1,9,352,561,-16384,451,0,0
1,9,360,361,16384,459,0,0
1,9,563,352,0,469,0,384
1,9,361,358,-32768,460,0,0
1,9,560,563,0,469,0,256
1,9,358,359,-16384,457,0,0
1,9,359,358,16384,457,1,0
1,9,360,359,-32768,458,1,0
1,9,361,360,-16384,459,1,0
1,9,358,361,0,460,1,0
1,9,74,73,16384,447,0,0
1,9,73,350,2555,448,0,0
1,9,351,74,30212,449,0,0
1,9,350,351,-16384,450,1,0
1,9,185,186,-16384,215,0,0
1,9,189,190,16384,218,0,0
1,9,190,185,0,225,0,0
1,9,186,189,-32768,226,1,0
1,9,184,185,-16384,214,0,0
1,9,190,191,16384,219,0,0
1,9,191,184,0,224,0,0
1,9,185,190,-32768,225,1,0
1,9,183,184,-16384,213,0,0
1,9,191,192,16384,220,0,0
1,9,192,183,0,223,0,0
1,9,184,191,-32768,224,1,0
1,9,44,183,-16384,212,0,0
1,9,192,45,16384,221,0,0
1,9,45,44,0,222,0,0
1,9,183,192,-32768,223,1,0
1,9,75,76,0,79,0,0
1,9,76,77,-16384,80,0,0
1,9,77,78,-32768,81,0,0
1,9,256,75,16384,311,0,0
1,9,257,256,16384,312,0,0
1,9,78,257,16384,314,0,0
1,9,38,44,-16384,44,0,0
1,9,45,42,16384,45,0,0
1,9,78,77,0,81,1,0
1,9,44,45,-32768,222,1,0
1,9,200,47,-16384,234,0,0
1,9,46,201,16384,235,0,0
1,9,201,200,0,245,1,0
1,9,47,46,-32768,246,0,0
1,9,41,46,16384,46,0,0
1,9,47,39,-16384,47,0,0
1,9,76,75,-32768,79,1,0
1,9,46,47,0,246,1,0
1,9,32,33,-16384,23,0,0
1,9,34,35,-16384,36,0,0
1,9,35,32,-16384,37,0,0
1,9,33,36,-16384,38,0,0
1,9,36,37,-16384,39,0,0
1,9,37,38,-32768,40,0,0
1,9,39,34,0,41,0,0
1,9,77,76,16384,80,1,0
1,9,30,31,-16384,22,0,0
1,9,33,32,16384,23,1,0
1,9,32,30,0,24,0,0
1,9,31,33,-32768,30,0,0
1,9,28,29,-16384,21,0,0
1,9,31,30,16384,22,1,0
1,9,30,28,0,25,0,0
1,9,29,31,-32768,31,0,0
1,9,319,320,-32768,403,0,0
1,9,320,321,16384,404,0,0
1,9,321,322,0,405,0,0
1,9,322,319,-16384,407,1,0
1,9,42,43,-32768,43,0,0
1,9,258,78,0,313,0,0
1,9,43,564,16384,320,0,0
1,9,564,263,16384,320,0,192
1,9,266,258,-16384,326,0,0
1,9,263,266,0,327,0,0
1,9,40,41,0,42,0,0
1,9,75,255,-32768,310,0,0
1,9,565,40,16384,322,0,32
1,9,264,565,16384,322,0,0
1,9,255,265,-16384,323,0,0
1,9,265,264,-32768,328,0,0
1,9,263,264,16384,321,0,0
1,9,265,259,-16384,324,0,0
1,9,262,266,-16384,325,0,0
1,9,266,263,-32768,327,1,0
1,9,264,265,0,328,1,0
1,9,256,257,-16384,312,1,0
1,9,260,256,0,316,0,0
1,9,257,261,-32768,317,0,0
1,9,261,260,16384,319,0,0
1,9,259,260,0,315,0,0
1,9,261,262,-32768,318,0,0
1,9,260,261,-16384,319,1,0
1,9,26,27,-16384,20,0,0
1,9,29,28,16384,21,1,0
1,9,28,26,0,26,0,0
1,9,27,29,-32768,32,0,0
1,9,24,25,-16384,19,0,0
1,9,27,26,16384,20,1,0
1,9,26,24,0,27,0,0
1,9,25,27,-32768,33,0,0
1,9,22,23,-16384,18,0,0
1,9,25,24,16384,19,1,0
1,9,24,22,0,28,0,0
1,9,23,25,-32768,34,0,0
1,9,19,18,-16384,17,0,0
1,9,23,22,16384,18,1,0
1,9,22,19,0,29,0,0
1,9,18,23,-32768,35,0,0
1,9,0,1,8192,0,0,0
1,9,15,0,16384,10,0,0
1,9,14,18,-32768,13,0,0
1,9,19,15,0,14,0,0
1,9,18,19,16384,17,1,0
1,9,13,14,16384,9,0,0
1,9,12,13,24576,85,0,0
1,9,12,79,-16384,82,0,0
1,9,79,80,-32768,83,0,0
1,9,81,13,0,84,0,0
1,9,13,12,-8192,85,1,0
1,9,80,319,16384,402,0,0
1,9,322,81,16384,406,0,0
1,9,319,322,16384,407,0,0
1,9,83,84,-16384,88,0,0
1,9,87,88,16384,91,0,0
1,9,88,83,0,100,0,0
1,9,84,87,-32768,101,1,0
1,9,82,83,-16384,87,0,0
1,9,88,89,16384,92,0,0
1,9,89,82,0,99,0,0
1,9,83,88,-32768,100,1,0
1,9,20,82,-16384,86,0,0
1,9,89,21,16384,93,0,0
1,9,21,20,0,98,0,0
1,9,82,89,-32768,99,1,0
1,9,554,10,-32768,7,0,128
1,9,11,12,-32768,8,0,0
1,9,231,232,0,278,0,0
1,9,232,241,0,289,0,0
1,9,244,231,0,293,0,0
1,9,10,20,-16384,15,0,0
1,9,21,11,16384,16,0,0
1,9,20,21,-32768,98,1,0
1,9,238,237,-16384,281,1,0
1,9,240,238,0,285,0,0
1,9,237,242,-32768,287,0,0
1,9,232,231,-32768,278,1,0
1,9,242,232,-16384,288,0,0
1,9,231,243,16384,290,0,0
1,9,235,236,-16384,280,0,0
1,9,236,244,-16384,292,0,0
1,9,236,235,16384,280,1,0
1,9,243,236,-32768,291,0,0
1,9,235,245,0,297,0,0
1,9,1,2,0,1,0,0
1,9,3,551,0,2,0,0
1,9,233,234,-32768,279,0,0
1,9,239,233,-32768,283,0,0
1,9,234,246,-32768,295,0,0
1,9,2,16,16384,11,0,0
1,9,17,3,-16384,12,0,0
1,9,16,17,0,129,1,0
1,9,234,233,0,279,1,0
1,9,233,240,-16384,284,0,0
1,9,245,234,16384,294,0,0
1,9,246,235,-16384,296,0,0
1,9,228,229,0,275,0,0
1,9,229,230,-16384,276,0,0
1,9,230,228,24576,277,0,0
1,9,566,208,-16384,249,0,64
1,9,209,210,-16384,250,0,0
1,9,208,209,-16384,273,0,0
1,9,230,229,16384,276,1,0
1,9,193,194,0,228,0,0
1,9,194,207,0,248,0,0
1,9,207,566,-16384,249,0,0
1,9,211,193,0,251,0,0
1,9,229,228,-32768,275,1,0
1,9,194,193,-32768,228,1,0
1,9,278,194,-16384,348,0,0
1,9,193,279,16384,349,0,0
1,9,279,278,0,351,0,0
1,9,188,187,0,227,0,0
1,9,277,280,-32768,352,0,0
1,9,280,281,16384,353,0,0
1,9,282,277,-16384,354,0,0
1,9,281,188,16384,355,0,0
1,9,187,282,-16384,356,0,0
1,9,277,278,-16384,347,0,0
1,9,279,280,16384,350,0,0
1,9,278,279,-32768,351,1,0
1,9,280,277,0,352,1,0
1,9,186,187,-16384,216,0,0
1,9,188,189,16384,217,0,0
1,9,189,186,0,226,0,0
1,9,187,188,-32768,227,1,0
1,9,285,286,-16384,359,0,0
1,9,567,291,-32768,364,0,64
1,9,291,326,16384,413,0,0
1,9,326,211,16384,414,0,0
1,9,228,568,-8192,277,1,0
1,9,284,285,-32768,358,0,0
1,9,286,287,0,360,0,0
1,9,288,567,-32768,364,0,0
1,9,287,325,-16384,411,0,0
1,9,325,288,-16384,412,0,0
1,9,288,289,-16384,361,0,0
1,9,289,290,-32768,362,0,0
1,9,290,291,16384,363,0,0
1,9,291,288,0,364,1,0
1,9,297,298,0,371,0,0
1,9,299,297,16384,374,0,0
1,9,298,306,-16384,383,0,0
1,9,569,299,-32768,408,0,192
1,9,323,569,-32768,408,0,0
1,9,306,324,0,409,0,0
1,9,324,323,-16384,410,0,0
1,9,568,230,-8192,277,1,90
1,9,283,284,24576,357,0,0
1,9,210,296,-32768,369,0,0
1,9,296,283,-32768,370,0,0
1,9,283,296,0,370,1,0
1,9,298,297,-32768,371,1,0
1,9,296,298,-16384,372,0,0
1,9,297,283,16384,373,0,0
1,9,209,208,16384,273,1,0
1,9,276,275,-16384,341,0,0
1,9,275,209,-32768,343,0,0
1,9,208,276,0,344,0,0
1,9,323,324,16384,410,1,0
1,9,324,507,0,649,0,0
1,9,508,323,-32768,652,0,0
1,9,271,272,0,337,0,0
1,9,273,274,-32768,338,0,0
1,9,274,271,16384,342,0,0
1,9,274,275,-32768,339,0,0
1,9,276,271,0,340,0,0
1,9,275,276,16384,341,1,0
1,9,271,274,-16384,342,1,0
1,9,309,318,-16384,396,0,0
1,9,507,309,0,650,0,0
1,9,318,508,-32768,651,0,0
1,9,217,226,-16384,267,0,0
1,9,226,273,-32768,345,0,0
1,9,272,217,0,346,0,0
1,9,217,218,0,257,0,0
1,9,225,226,-32768,266,0,0
1,9,226,217,16384,267,1,0
1,9,218,225,-16384,268,0,0
1,9,309,310,0,386,0,0
1,9,317,318,-32768,395,0,0
1,9,318,309,16384,396,1,0
1,9,310,317,-16384,397,0,0
1,9,218,219,0,258,0,0
1,9,224,225,-32768,265,0,0
1,9,225,218,16384,268,1,0
1,9,219,224,-16384,269,0,0
1,9,219,220,0,259,0,0
1,9,223,224,-32768,264,0,0
1,9,224,219,16384,269,1,0
1,9,220,223,-16384,270,0,0
1,9,220,221,0,260,0,0
1,9,222,223,-32768,263,0,0
1,9,223,220,16384,270,1,0
1,9,221,222,-16384,271,0,0
1,9,310,311,0,387,0,0
1,9,316,317,-32768,394,0,0
1,9,317,310,16384,397,1,0
1,9,311,316,-16384,398,0,0
1,9,311,312,0,388,0,0
1,9,315,316,-32768,393,0,0
1,9,316,311,16384,398,1,0
1,9,312,315,-16384,399,0,0
1,9,312,313,0,389,0,0
1,9,314,315,-32768,392,0,0
1,9,315,312,16384,399,1,0
1,9,313,314,-16384,400,0,0
1,9,92,91,0,104,0,0
1,9,94,92,0,105,0,0
1,9,96,94,0,107,0,0
1,9,570,96,16384,114,0,128
1,9,90,91,-16384,95,0,0
1,9,92,93,16384,96,0,0
1,9,93,90,0,103,0,0
1,9,91,92,-32768,104,1,0
1,9,85,90,-16384,94,0,0
1,9,93,86,16384,97,0,0
1,9,86,85,0,102,0,0
1,9,90,93,-32768,103,1,0
1,9,84,85,-16384,89,0,0
1,9,86,87,16384,90,0,0
1,9,87,84,0,101,0,0
1,9,85,86,-32768,102,1,0
1,9,556,340,-24576,430,0,135
1,9,340,552,24576,432,0,0
1,9,343,344,0,436,0,0
1,9,331,328,-32768,420,0,0
1,9,340,331,-24576,431,0,0
1,9,552,340,-8192,432,1,45
1,9,328,348,16384,444,0,0
1,9,328,329,-32768,417,0,0
1,9,329,327,16384,418,0,0
1,9,327,348,0,443,1,0
1,9,348,328,-16384,444,1,0
1,9,91,95,0,106,0,0
1,9,95,327,0,415,0,0
1,9,327,329,-16384,418,1,0
1,9,327,330,16384,419,0,0
1,9,330,553,8192,421,0,0
1,9,348,327,-32768,443,0,0
1,9,301,302,0,377,0,0
1,9,302,303,-16384,380,0,0
1,9,304,301,16384,381,0,0
1,9,303,305,-32768,382,0,0
1,9,102,103,16384,111,0,0
1,9,106,570,16384,114,0,0
1,9,300,102,-32768,376,0,0
1,9,102,300,0,376,1,0
1,9,302,301,-32768,377,1,0
1,9,301,102,16384,378,0,0
1,9,300,302,-16384,379,0,0
1,9,221,105,0,261,0,0
1,9,104,222,-32768,262,0,0
1,9,222,221,16384,271,1,0
1,9,105,104,-16384,272,0,0
1,9,103,104,-32768,112,0,0
1,9,105,106,0,113,0,0
1,9,104,105,16384,272,1,0
1,9,313,308,0,390,0,0
1,9,307,314,-32768,391,0,0
1,9,314,313,16384,400,1,0
1,9,308,307,-16384,401,0,0
1,9,305,307,-32768,384,0,0
1,9,308,304,0,385,0,0
1,9,307,308,16384,401,1,0
1,9,294,295,16384,367,0,0
1,9,328,97,-16384,416,0,0
1,9,329,328,0,417,1,0
1,9,293,294,0,366,0,0
1,9,571,300,-32768,375,0,320
1,9,292,293,-16384,365,0,0
1,9,295,292,-32768,368,0,0
1,9,107,108,0,115,0,0
1,9,108,109,-16384,116,0,0
1,9,109,110,-32768,117,0,0
1,9,110,107,16384,118,0,0
1,9,107,110,-16384,118,1,0
1,9,572,573,16384,365,1,16
1,9,110,109,0,117,1,0
1,9,293,572,16384,365,1,0
1,9,574,293,-32768,366,1,16
1,9,109,108,16384,116,1,0
1,9,294,574,-32768,366,1,0
1,9,575,294,-16384,367,1,16
1,9,108,107,-32768,115,1,0
1,9,573,292,16384,365,1,144
1,9,295,575,-16384,367,1,0
1,9,292,295,0,368,1,0
1,9,161,162,16384,184,0,0
1,9,162,227,0,274,0,0
1,9,227,161,-24576,528,0,0
1,9,152,153,0,164,0,0
1,9,576,160,0,169,0,64
1,9,160,152,0,183,0,0
1,9,227,162,-32768,274,1,0
1,9,156,157,16384,167,0,0
1,9,158,159,16384,168,0,0
1,9,159,576,0,169,0,0
1,9,157,158,16384,176,0,0
1,9,162,161,-16384,184,1,0
1,9,152,160,-32768,183,1,0
1,9,252,152,-16384,305,0,0
1,9,160,253,16384,306,0,0
1,9,253,252,0,308,0,0
1,9,147,146,0,182,0,0
1,9,251,254,-32768,309,0,0
1,9,254,267,16384,329,0,0
1,9,268,251,-16384,330,0,0
1,9,267,147,16384,331,0,0
1,9,146,268,-16384,332,0,0
1,9,251,252,-16384,304,0,0
1,9,253,254,16384,307,0,0
1,9,252,253,-32768,308,1,0
1,9,254,251,0,309,1,0
1,9,145,146,-16384,158,0,0
1,9,147,148,16384,159,0,0
1,9,148,145,0,181,0,0
1,9,146,147,-32768,182,1,0
1,9,153,154,-16384,165,0,0
1,9,154,577,-24576,522,0,0
1,9,408,409,-32768,524,0,0
1,9,578,227,8192,528,1,226
1,9,155,156,-32768,166,0,0
1,9,579,155,-24576,522,0,316
1,9,409,410,-16384,525,0,0
1,9,161,578,8192,528,1,0
1,9,580,579,-24576,522,0,135
1,9,410,411,0,526,0,0
1,9,577,580,-24576,522,0,45
1,9,411,408,16384,527,0,0
1,9,409,408,0,524,1,0
1,9,410,409,16384,525,1,0
1,9,411,410,-32768,526,1,0
1,9,408,411,-16384,527,1,0
1,9,403,405,0,518,0,0
1,9,405,406,-16384,519,0,0
1,9,406,407,-32768,520,0,0
1,9,407,404,16384,521,0,0
1,9,404,403,8192,523,0,0
1,9,154,403,0,516,0,0
1,9,404,155,16384,517,0,0
1,9,155,154,8192,522,1,0
1,9,403,404,-24576,523,1,0
1,9,137,136,16384,175,0,0
1,9,250,249,-16384,302,0,0
1,9,249,269,-32768,333,0,0
1,9,270,250,0,334,0,0
1,9,136,270,0,335,0,0
1,9,269,137,-32768,336,0,0
1,9,135,136,0,148,0,0
1,9,137,138,-32768,149,0,0
1,9,138,135,16384,174,0,0
1,9,136,137,-16384,175,1,0
1,9,158,157,-16384,176,1,0
1,9,247,158,0,298,0,0
1,9,157,248,-32768,299,0,0
1,9,248,247,16384,303,0,0
1,9,248,249,-32768,300,0,0
1,9,250,247,0,301,0,0
1,9,249,250,16384,302,1,0
1,9,247,248,-16384,303,1,0
1,9,134,135,0,147,0,0
1,9,138,139,-32768,150,0,0
1,9,139,134,16384,173,0,0
1,9,135,138,-16384,174,1,0
1,9,133,134,0,146,0,0
1,9,139,140,-32768,151,0,0
1,9,140,133,16384,172,0,0
1,9,134,139,-16384,173,1,0
1,9,132,133,0,145,0,0
1,9,140,141,-32768,152,0,0
1,9,141,132,16384,171,0,0
1,9,133,140,-16384,172,1,0
1,9,98,132,0,144,0,0
1,9,141,99,-32768,153,0,0
1,9,99,98,16384,170,0,0
1,9,132,141,-16384,171,1,0
1,9,97,98,0,108,0,0
1,9,99,100,-32768,109,0,0
1,9,98,99,-16384,170,1,0
1,9,100,101,-16384,110,0,0
1,9,101,571,-32768,375,0,0
