episode,mission,vertex_1,vertex_2,angle,line,side,offset
2,2,93,94,-32768,65,0,0
2,2,1187,93,-16384,1302,0,0
2,2,1168,1187,-4362,1304,0,0
2,2,94,1196,16384,1326,0,0
2,2,1197,1168,16384,1327,0,0
2,2,1196,1197,16384,1338,0,0
2,2,1168,1171,16384,1295,0,0
2,2,1352,1187,-16384,1301,0,64
2,2,1187,1168,28405,1304,1,0
2,2,733,734,16384,658,0,0
2,2,734,735,0,659,0,0
2,2,735,736,-16384,660,0,0
2,2,92,733,16384,1316,1,0
2,2,736,89,-16384,1317,1,0
2,2,732,733,0,657,0,0
2,2,93,1353,16384,1302,1,0
2,2,733,92,-16384,1316,0,0
2,2,92,1211,-32768,1344,0,0
2,2,1212,93,-32768,1347,0,0
2,2,1211,1212,-32768,1348,0,0
2,2,1353,1187,16384,1302,1,192
2,2,595,732,-16384,1507,0,0
2,2,1187,595,3230,1564,0,0
2,2,1354,595,-16384,473,0,128
2,2,1187,1352,16384,1301,1,0
2,2,595,1187,-29537,1564,1,0
2,2,89,90,-16384,62,0,0
2,2,90,91,-32768,63,0,0
2,2,91,92,16384,64,0,0
2,2,1209,1210,-32768,1342,0,0
2,2,1211,1209,-16384,1345,0,0
2,2,1210,1212,16384,1346,0,0
2,2,1212,1211,0,1348,1,0
2,2,1355,1200,0,1330,0,16
2,2,1201,1202,0,1331,0,0
2,2,1202,1203,-16384,1332,0,0
2,2,1200,1201,0,1343,0,0
2,2,1203,1356,-32768,1350,0,0
2,2,1209,1201,-16384,1340,0,0
2,2,1200,1210,16384,1341,0,0
2,2,1210,1209,0,1342,1,0
2,2,1201,1200,-32768,1343,1,0
2,2,1168,1169,-32768,1282,0,0
2,2,1357,1168,-16384,1295,1,48
2,2,1169,1358,16384,1586,0,0
2,2,1345,1346,0,1587,0,0
2,2,1359,1171,0,1283,0,32
2,2,1171,1357,-16384,1295,1,0
2,2,1346,1347,16384,1588,0,0
2,2,1170,1359,0,1283,0,0
2,2,1360,1170,16384,1586,0,48
2,2,1347,1348,-32768,1589,0,0
2,2,1358,1360,16384,1586,0,16
2,2,1348,1345,-16384,1590,0,0
2,2,1346,1345,-32768,1587,1,0
2,2,1347,1346,-16384,1588,1,0
2,2,1348,1347,0,1589,1,0
2,2,1345,1348,16384,1590,1,0
2,2,1174,1175,-16384,1285,0,0
2,2,1176,1174,0,1288,0,0
2,2,1175,1177,-32768,1289,0,0
2,2,1184,1185,16384,1297,0,0
2,2,1185,1181,6133,1298,0,0
2,2,1180,1184,26634,1299,0,0
2,2,1172,1173,16384,1284,0,0
2,2,1173,1170,0,1584,0,0
2,2,1169,1172,-32768,1585,0,0
2,2,1170,1169,-16384,1586,1,0
2,2,1173,1172,-16384,1284,1,0
2,2,1175,1174,16384,1285,1,0
2,2,1174,1173,0,1286,0,0
2,2,1172,1175,-32768,1287,0,0
2,2,1177,1178,-16384,1290,0,0
2,2,1178,1179,-32768,1291,0,0
2,2,1179,1180,16384,1292,0,0
2,2,1204,1205,16384,1333,0,0
2,2,1205,1206,0,1334,0,0
2,2,1206,1207,-16384,1335,0,0
2,2,1361,1204,-32768,1350,0,480
2,2,1207,1214,-16384,1352,0,0
2,2,1362,1361,-32768,1350,0,400
2,2,1214,1199,0,1351,0,0
2,2,1198,1199,-16384,1329,0,0
2,2,1207,1208,0,1336,0,0
2,2,1208,1198,-16384,1339,0,0
2,2,1199,1214,-32768,1351,1,0
2,2,1214,1207,16384,1352,1,0
2,2,1196,1198,-32768,1328,0,0
2,2,1208,1197,0,1337,0,0
2,2,1197,1196,-16384,1338,1,0
2,2,1198,1208,16384,1339,1,0
2,2,1199,1355,0,1330,0,0
2,2,1356,1362,-32768,1350,0,384
2,2,95,96,0,66,0,0
2,2,96,1186,-16384,1300,0,0
2,2,1186,1171,-28405,1303,0,0
2,2,1171,1188,16384,1305,0,0
2,2,1189,95,16384,1306,0,0
2,2,1188,1189,16384,1307,0,0
2,2,1186,1352,-16384,1301,0,0
2,2,1171,1186,4362,1303,1,0
2,2,1181,1182,16384,1293,0,0
2,2,1182,1183,0,1294,0,0
2,2,1183,1176,-16384,1296,0,0
2,2,1363,1190,-32768,1308,0,64
2,2,1190,1191,24576,1309,0,0
2,2,1364,1192,-16384,1311,0,1672
2,2,1191,1365,16384,1312,0,0
2,2,1189,1188,-16384,1307,1,0
2,2,1188,1363,-32768,1308,0,0
2,2,1192,1189,0,1310,0,0
2,2,109,1354,-16384,473,0,0
2,2,1186,96,16384,1300,1,0
2,2,1352,1186,16384,1301,1,128
2,2,1213,97,0,1349,0,0
2,2,97,109,-15229,1518,0,0
2,2,96,1213,0,1565,0,0
2,2,108,109,-32768,75,0,0
2,2,1366,707,-16384,615,0,72
2,2,711,108,-16384,620,0,0
2,2,109,97,17538,1518,1,0
2,2,1367,1368,0,126,0,288
2,2,1369,166,-32768,127,0,224
2,2,166,174,-32768,481,1,0
2,2,169,1370,0,131,0,0
2,2,98,173,25270,134,0,0
2,2,173,169,6894,1591,0,0
2,2,166,167,-24576,128,0,0
2,2,174,166,0,481,0,0
2,2,1371,174,16384,648,0,32
2,2,168,169,-8192,130,0,0
2,2,173,1371,16384,648,0,0
2,2,169,173,-25873,1591,1,0
2,2,167,168,-16384,129,0,0
2,2,97,98,16384,67,0,0
2,2,107,1366,-16384,615,0,0
2,2,1372,730,-3968,653,0,17
2,2,730,731,-19739,654,0,0
2,2,731,1373,28799,655,0,0
2,2,1374,1367,0,126,0,112
2,2,174,175,-32768,135,0,0
2,2,722,723,-32768,642,0,0
2,2,723,724,16384,643,0,0
2,2,724,725,0,644,0,0
2,2,725,726,-16384,645,0,0
2,2,726,727,-32768,646,0,0
2,2,727,722,-32768,650,0,0
2,2,165,1374,0,126,0,0
2,2,172,165,8192,133,0,0
2,2,175,176,-24576,136,0,0
2,2,1375,172,16384,649,0,272
2,2,176,177,-16384,137,0,0
2,2,1376,1375,16384,649,0,216
2,2,178,179,24576,138,0,0
2,2,177,180,-8192,139,0,0
2,2,179,1376,16384,649,0,0
2,2,728,178,-32768,651,0,0
2,2,180,715,0,627,0,0
2,2,715,716,0,629,0,0
2,2,716,715,-32768,629,1,0
2,2,715,722,16384,641,0,0
2,2,727,716,-16384,647,0,0
2,2,722,727,0,650,1,0
2,2,716,717,0,628,0,0
2,2,717,729,-16384,652,0,0
2,2,729,728,-19739,656,0,0
2,2,1377,1364,-16384,1311,0,1056
2,2,1365,1378,16384,1312,0,88
2,2,729,1372,-3968,653,0,0
2,2,1373,728,28799,655,0,8
2,2,728,729,13028,656,1,0
2,2,737,738,-16384,662,0,0
2,2,738,739,-32768,663,0,0
2,2,739,740,16384,664,0,0
2,2,740,87,16384,1318,1,0
2,2,86,737,-16384,1319,1,0
2,2,740,89,-32768,665,0,0
2,2,89,736,16384,1317,0,0
2,2,736,740,-7391,1606,0,0
2,2,736,87,0,661,0,0
2,2,87,740,-16384,1318,0,0
2,2,740,736,25376,1606,1,0
2,2,1379,79,-32768,54,0,64
2,2,79,80,16384,55,0,0
2,2,741,1380,0,729,0,0
2,2,80,741,16384,1320,1,0
2,2,737,86,16384,1319,0,0
2,2,80,1311,-32768,1508,0,0
2,2,1311,737,-32768,1509,0,0
2,2,86,80,-7391,1607,0,0
2,2,86,741,0,742,0,0
2,2,741,80,-16384,1320,0,0
2,2,80,86,25376,1607,1,0
2,2,85,86,-16384,59,0,0
2,2,87,88,16384,60,0,0
2,2,88,85,0,61,0,0
2,2,68,69,22517,47,0,0
2,2,187,68,-32768,146,0,0
2,2,69,712,16384,621,0,0
2,2,1381,67,-16384,46,0,48
2,2,67,1382,-24576,145,0,0
2,2,755,1383,16384,679,0,0
2,2,800,801,0,732,0,0
2,2,1384,806,-32768,736,0,128
2,2,806,755,-32768,1361,0,0
2,2,1385,1386,0,678,0,160
2,2,801,798,16384,733,0,0
2,2,801,800,-32768,732,1,0
2,2,798,801,-16384,733,1,0
2,2,800,798,8192,1363,0,0
2,2,753,1385,0,678,0,0
2,2,1387,753,16384,679,0,176
2,2,798,799,-32768,730,0,0
2,2,1383,1387,16384,679,0,112
2,2,799,800,-16384,731,0,0
2,2,799,798,0,730,1,0
2,2,800,799,16384,731,1,0
2,2,798,800,-24576,1363,1,0
2,2,741,742,16384,666,0,0
2,2,1380,741,-32768,729,1,64
2,2,742,1388,0,890,0,0
2,2,1382,187,-24576,145,0,22
2,2,802,803,8192,734,0,0
2,2,804,805,-32768,735,0,0
2,2,807,804,-16384,737,0,0
2,2,803,807,0,1362,0,0
2,2,805,802,16384,1519,0,0
2,2,803,755,16384,1359,0,0
2,2,806,807,-16384,1360,0,0
2,2,755,806,0,1361,1,0
2,2,807,803,-32768,1362,1,0
2,2,105,157,-32768,120,0,0
2,2,158,156,0,121,0,0
2,2,1368,163,0,126,0,544
2,2,162,1369,-32768,127,0,0
2,2,156,105,-16384,480,0,0
2,2,105,156,16384,480,1,0
2,2,106,107,-27931,74,0,0
2,2,1370,170,0,131,0,112
2,2,170,171,-16384,132,0,0
2,2,171,106,-16384,1492,1,0
2,2,157,160,-16384,123,0,0
2,2,161,162,16384,124,0,0
2,2,160,161,-32768,640,0,0
2,2,957,106,28466,924,0,0
2,2,959,957,-32768,927,0,0
2,2,810,959,-15290,932,0,0
2,2,106,1389,16384,1492,0,0
2,2,955,956,-32768,923,0,0
2,2,956,811,15290,931,0,0
2,2,954,955,-16384,933,0,0
2,2,810,811,0,740,0,0
2,2,956,959,-32768,926,0,0
2,2,811,956,-17477,931,1,0
2,2,959,810,17477,932,1,0
2,2,808,809,-32768,738,0,0
2,2,948,949,-16384,917,0,0
2,2,958,948,0,925,0,0
2,2,1390,958,8192,1499,0,34
2,2,1391,810,-16384,739,0,24
2,2,171,947,0,916,0,0
2,2,1389,171,16384,1492,0,96
2,2,809,1391,-16384,739,0,0
2,2,947,1390,8192,1499,0,0
2,2,811,808,16384,741,0,0
2,2,1392,104,-32768,72,0,200
2,2,104,105,25188,73,0,0
2,2,949,1393,0,918,0,0
2,2,1394,954,-32768,922,0,128
2,2,963,960,-16384,930,0,0
2,2,66,1381,-16384,46,0,0
2,2,70,71,8192,48,0,0
2,2,185,183,-16384,142,0,0
2,2,71,185,0,143,0,0
2,2,183,66,-16384,614,0,0
2,2,710,70,16384,619,0,0
2,2,1395,1332,-32768,1554,0,288
2,2,1332,186,16384,1555,0,0
2,2,186,184,16384,1556,0,0
2,2,184,1333,16384,1557,0,0
2,2,1333,1396,0,1558,0,0
2,2,183,184,0,141,0,0
2,2,186,66,-32768,144,0,0
2,2,66,183,16384,614,1,0
2,2,184,186,-16384,1556,1,0
2,2,707,708,-8192,616,0,0
2,2,714,711,-24576,624,0,0
2,2,708,714,-16384,625,0,0
2,2,709,710,8192,618,0,0
2,2,712,713,24576,622,0,0
2,2,713,709,16384,626,0,0
2,2,708,709,0,617,0,0
2,2,713,714,-32768,623,0,0
2,2,714,708,16384,625,1,0
2,2,709,713,-16384,626,1,0
2,2,937,938,-32768,887,0,0
2,2,1215,937,-16384,1353,0,0
2,2,1216,1215,0,1354,0,0
2,2,938,1216,16384,1358,0,0
2,2,1386,754,0,678,0,176
2,2,754,939,-16384,1357,0,0
2,2,754,1216,0,1355,0,0
2,2,938,939,-32768,1356,0,0
2,2,939,754,16384,1357,1,0
2,2,1216,938,-16384,1358,1,0
2,2,758,759,-16384,681,0,0
2,2,759,757,-32768,728,0,0
2,2,757,1384,-32768,736,0,0
2,2,940,758,0,889,0,0
2,2,939,940,-16384,888,0,0
2,2,841,842,-16384,778,0,0
2,2,854,855,-32768,793,0,0
2,2,842,854,-16384,795,0,0
2,2,855,63,19102,1515,0,0
2,2,65,862,-19102,1549,0,0
2,2,862,1329,-32768,1551,0,0
2,2,1329,1330,16384,1552,0,0
2,2,65,63,0,45,0,0
2,2,855,862,-32768,805,0,0
2,2,63,855,-13665,1515,1,0
2,2,862,65,13665,1549,1,0
2,2,828,864,31900,1516,0,0
2,2,864,1325,16384,1543,0,0
2,2,821,828,-16384,1544,0,0
2,2,1326,821,-16384,1545,0,0
2,2,1327,1326,-8192,1546,0,0
2,2,1397,1327,0,1597,0,32
2,2,1398,1322,0,1539,0,72
2,2,1324,1323,16384,1541,0,0
2,2,1325,1324,27931,1542,0,0
2,2,1322,1397,0,1597,0,0
2,2,829,841,-16384,794,0,0
2,2,64,863,16384,806,0,0
2,2,863,829,867,1517,0,0
2,2,63,64,8192,44,0,0
2,2,828,829,-16384,763,0,0
2,2,863,864,16384,807,0,0
2,2,864,828,-867,1516,1,0
2,2,829,863,-31900,1517,1,0
2,2,1328,65,-8192,1550,0,0
2,2,1330,1395,-32768,1554,0,0
2,2,1396,1334,0,1558,0,160
2,2,1331,1328,-16384,1553,0,0
2,2,686,52,-8608,1514,0,0
2,2,1335,49,16384,1560,0,0
2,2,49,686,8608,1561,0,0
2,2,52,1331,-16384,1562,0,0
2,2,686,49,-24159,1561,1,0
2,2,49,1399,24576,36,0,0
2,2,1400,952,-16384,920,0,16
2,2,952,953,-24576,921,0,0
2,2,953,1394,-32768,922,0,0
2,2,1334,1335,8192,1559,0,0
2,2,683,46,7775,1537,0,0
2,2,51,683,24992,1538,0,0
2,2,46,1398,0,1539,0,0
2,2,1323,51,-32768,1540,0,0
2,2,46,683,-24992,1537,1,0
2,2,51,52,-24576,37,0,0
2,2,686,683,8192,590,0,0
2,2,52,686,24159,1514,1,0
2,2,683,51,-7775,1538,1,0
2,2,103,48,0,70,0,0
2,2,685,50,-24992,1512,0,0
2,2,48,685,-7775,1513,0,0
2,2,685,48,24992,1513,1,0
2,2,1399,50,24576,36,0,5
2,2,685,686,-8192,589,0,0
2,2,50,685,7775,1512,1,0
2,2,684,1401,24159,1510,0,0
2,2,1402,684,-24159,1511,0,76
2,2,683,684,24576,587,0,0
2,2,684,1402,8608,1511,1,0
2,2,684,685,-24576,588,0,0
2,2,1401,684,-8608,1510,1,76
2,2,960,961,0,928,0,0
2,2,961,962,16384,929,0,0
2,2,961,960,-32768,928,1,0
2,2,962,961,-16384,929,1,0
2,2,960,963,16384,930,1,0
2,2,963,962,0,934,0,0
2,2,50,1392,-32768,72,0,0
2,2,1393,950,0,918,0,128
2,2,950,951,-8192,919,0,0
2,2,951,1400,-16384,920,0,0
2,2,962,963,-32768,934,1,0
2,2,743,744,-16384,668,0,0
2,2,744,745,-32768,669,0,0
2,2,745,746,16384,670,0,0
2,2,746,84,16384,1322,1,0
2,2,82,743,-16384,1323,1,0
2,2,77,78,-16384,53,0,0
2,2,78,1379,-32768,54,0,0
2,2,1380,752,0,729,0,64
2,2,752,77,-16384,1321,1,0
2,2,746,77,-32768,671,0,0
2,2,77,752,16384,1321,0,0
2,2,752,746,-9137,1608,0,0
2,2,752,84,0,743,0,0
2,2,84,746,-16384,1322,0,0
2,2,746,752,23630,1608,1,0
2,2,1403,760,-16384,682,0,16
2,2,1388,756,0,890,0,64
2,2,760,751,-32768,891,0,0
2,2,756,757,16384,680,0,0
2,2,759,1403,-16384,682,0,0
2,2,757,759,0,728,1,0
2,2,81,82,-16384,56,0,0
2,2,83,81,0,57,0,0
2,2,84,83,16384,58,0,0
2,2,751,752,-16384,677,0,0
2,2,752,1380,-32768,729,1,0
2,2,73,74,-16384,50,0,0
2,2,74,75,-32768,51,0,0
2,2,75,76,16384,52,0,0
2,2,747,748,16384,673,0,0
2,2,748,749,0,674,0,0
2,2,749,750,-16384,675,0,0
2,2,76,747,16384,1324,1,0
2,2,750,73,-16384,1325,1,0
2,2,750,596,0,676,0,0
2,2,1404,1067,-32768,1070,0,192
2,2,1067,73,-32768,1071,0,0
2,2,73,750,16384,1325,0,0
2,2,76,743,-32768,667,0,0
2,2,743,82,16384,1323,0,0
2,2,82,76,-7391,1609,0,0
2,2,82,747,0,672,0,0
2,2,747,76,-16384,1324,0,0
2,2,76,82,25376,1609,1,0
2,2,814,815,0,746,0,0
2,2,815,816,-8192,747,0,0
2,2,820,814,19739,753,0,0
2,2,816,820,-29412,754,1,0
2,2,816,815,24576,747,1,0
2,2,1405,1406,-8192,796,0,11
2,2,815,814,-32768,746,1,0
2,2,814,822,16384,759,0,0
2,2,823,815,-16384,760,0,0
2,2,822,823,0,761,0,0
2,2,823,824,0,757,0,0
2,2,815,823,16384,760,1,0
2,2,824,1405,-8192,796,0,0
2,2,1407,822,0,756,0,125
2,2,822,814,-16384,759,1,0
2,2,812,813,16384,744,0,0
2,2,813,814,8192,745,0,0
2,2,820,812,-29412,752,0,0
2,2,814,820,-13028,753,1,0
2,2,814,813,-24576,745,1,0
2,2,1408,1407,0,756,0,64
2,2,813,812,-16384,744,1,0
2,2,821,1408,0,756,0,0
2,2,1409,821,16384,1544,1,50
2,2,818,819,-32768,750,0,0
2,2,819,812,24576,751,0,0
2,2,812,820,3355,752,1,0
2,2,820,818,-13028,755,0,0
2,2,812,819,-8192,751,1,0
2,2,1410,1409,16384,1544,1,8
2,2,819,818,0,750,1,0
2,2,1411,828,-32768,762,0,93
2,2,828,1410,16384,1544,1,0
2,2,816,817,-16384,748,0,0
2,2,817,818,-24576,749,0,0
2,2,820,816,3355,754,0,0
2,2,818,820,19739,755,1,0
2,2,818,817,8192,749,1,0
2,2,1412,1411,-32768,762,0,32
2,2,817,816,16384,748,1,0
2,2,827,1412,-32768,762,0,0
2,2,1406,856,-8192,796,0,65
2,2,856,857,-16384,797,0,0
2,2,857,827,-24576,798,0,0
2,2,1413,1414,-16384,835,0,112
2,2,1415,1416,16384,839,0,112
2,2,589,590,-32768,469,0,0
2,2,191,589,-32768,687,0,0
2,2,773,191,-24576,696,0,0
2,2,189,773,-16384,702,0,0
2,2,762,189,0,912,1,0
2,2,590,946,24576,914,0,0
2,2,946,762,16384,915,0,0
2,2,190,191,-32768,148,0,0
2,2,191,773,8192,696,1,0
2,2,773,190,-16384,703,0,0
2,2,589,191,0,687,1,0
2,2,891,1413,-16384,835,0,0
2,2,1416,896,16384,839,0,320
2,2,896,589,16384,1594,0,0
2,2,191,891,-16384,1595,0,0
2,2,1072,1073,0,1078,0,0
2,2,1073,1074,-16384,1079,0,0
2,2,1074,1075,-32768,1080,0,0
2,2,825,826,0,758,0,0
2,2,823,822,-32768,761,1,0
2,2,822,1069,16384,1074,0,0
2,2,826,1072,-16384,1077,0,0
2,2,1075,823,-16384,1081,0,0
2,2,1069,1070,-32768,1075,0,0
2,2,1070,1417,16384,1076,0,0
2,2,1418,825,-16384,1082,0,672
2,2,833,834,0,767,0,0
2,2,834,835,-8192,768,0,0
2,2,839,833,19739,774,0,0
2,2,835,839,-29412,775,1,0
2,2,835,834,24576,768,1,0
2,2,1419,1420,-8192,799,0,11
2,2,1421,830,0,764,0,125
2,2,834,833,-32768,767,1,0
2,2,830,1419,-8192,799,0,0
2,2,831,832,16384,765,0,0
2,2,832,833,8192,766,0,0
2,2,839,831,-29412,773,0,0
2,2,833,839,-13028,774,1,0
2,2,1422,1421,0,764,0,64
2,2,833,832,-24576,766,1,0
2,2,829,1422,0,764,0,0
2,2,832,831,-16384,765,1,0
2,2,1423,829,16384,794,1,50
2,2,837,838,-32768,771,0,0
2,2,838,831,24576,772,0,0
2,2,831,839,3355,773,1,0
2,2,839,837,-13028,776,0,0
2,2,831,838,-8192,772,1,0
2,2,1424,1423,16384,794,1,8
2,2,838,837,0,771,1,0
2,2,1425,841,-32768,777,0,93
2,2,841,1424,16384,794,1,0
2,2,835,836,-16384,769,0,0
2,2,836,837,-24576,770,0,0
2,2,839,835,3355,775,0,0
2,2,837,839,19739,776,1,0
2,2,837,836,8192,770,1,0
2,2,1426,1425,-32768,777,0,32
2,2,836,835,16384,769,1,0
2,2,840,1426,-32768,777,0,0
2,2,1420,858,-8192,799,0,65
2,2,858,859,-16384,800,0,0
2,2,859,840,-24576,801,0,0
2,2,1414,892,-16384,835,0,320
2,2,892,1427,-16384,836,0,0
2,2,894,895,16384,838,0,0
2,2,895,1415,16384,839,0,0
2,2,58,59,4836,41,0,0
2,2,60,61,-32768,42,0,0
2,2,59,603,2555,482,0,0
2,2,603,60,-16384,1117,0,0
2,2,603,59,-30212,482,1,0
2,2,1428,603,-16384,1116,0,64
2,2,62,72,-16384,49,0,0
2,2,72,1065,-32768,1068,0,0
2,2,1065,1066,-32768,1069,0,0
2,2,1066,1404,-32768,1070,0,0
2,2,61,62,-24576,43,0,0
2,2,846,847,0,782,0,0
2,2,847,848,-8192,783,0,0
2,2,852,846,19739,789,0,0
2,2,848,852,-29412,790,1,0
2,2,848,847,24576,783,1,0
2,2,1429,1430,-8192,802,0,11
2,2,1431,843,0,779,0,125
2,2,847,846,-32768,782,1,0
2,2,843,1429,-8192,802,0,0
2,2,844,845,16384,780,0,0
2,2,845,846,8192,781,0,0
2,2,852,844,-29412,788,0,0
2,2,846,852,-13028,789,1,0
2,2,1432,1431,0,779,0,64
2,2,846,845,-24576,781,1,0
2,2,842,1432,0,779,0,0
2,2,845,844,-16384,780,1,0
2,2,1433,842,16384,795,1,50
2,2,850,851,-32768,786,0,0
2,2,851,844,24576,787,0,0
2,2,844,852,3355,788,1,0
2,2,852,850,-13028,791,0,0
2,2,844,851,-8192,787,1,0
2,2,1434,1433,16384,795,1,8
2,2,851,850,0,786,1,0
2,2,1435,854,-32768,792,0,93
2,2,854,1434,16384,795,1,0
2,2,848,849,-16384,784,0,0
2,2,849,850,-24576,785,0,0
2,2,852,848,3355,790,0,0
2,2,850,852,19739,791,1,0
2,2,850,849,8192,785,1,0
2,2,1436,1435,-32768,792,0,32
2,2,849,848,16384,784,1,0
2,2,853,1436,-32768,792,0,0
2,2,1430,860,-8192,802,0,65
2,2,860,861,-16384,803,0,0
2,2,861,853,-24576,804,0,0
2,2,596,597,16384,474,0,0
2,2,597,58,0,1072,0,0
2,2,1427,893,-16384,836,0,192
2,2,59,894,16384,837,0,0
2,2,893,1428,-16384,1116,0,0
2,2,789,790,-16384,715,0,0
2,2,1437,1438,16384,1073,0,64
2,2,785,786,0,711,0,0
2,2,786,787,0,712,0,0
2,2,787,788,-16384,714,0,0
2,2,788,789,-32768,1502,0,0
2,2,790,789,16384,715,1,0
2,2,788,791,-16384,716,0,0
2,2,792,790,-32768,717,1,0
2,2,791,792,-32768,718,1,0
2,2,789,788,0,1502,1,0
2,2,783,784,-16384,709,0,0
2,2,787,783,0,713,0,0
2,2,788,787,16384,714,1,0
2,2,791,788,16384,716,1,0
2,2,784,791,-32768,719,1,0
2,2,780,781,0,706,0,0
2,2,781,782,-16384,707,0,0
2,2,782,1310,-32768,1503,0,0
2,2,1310,780,16384,1504,0,0
2,2,782,783,-16384,708,0,0
2,2,787,786,-32768,712,1,0
2,2,783,787,-32768,713,1,0
2,2,1310,782,0,1503,1,0
2,2,786,1310,16384,1563,0,0
2,2,778,779,0,705,0,0
2,2,779,785,-16384,710,0,0
2,2,1438,778,16384,1073,0,192
2,2,785,779,16384,710,1,0
2,2,786,785,-32768,711,1,0
2,2,779,780,0,727,0,0
2,2,780,1310,-16384,1504,1,0
2,2,1310,786,-16384,1563,1,0
2,2,53,54,-32768,38,0,0
2,2,181,182,-32768,140,0,0
2,2,793,794,0,722,0,0
2,2,182,1068,16384,1500,0,0
2,2,795,53,-16384,1501,0,0
2,2,1068,793,0,1505,1,0
2,2,794,795,0,1506,1,0
2,2,54,181,-32768,1596,0,0
2,2,54,1327,-16384,1547,0,0
2,2,1322,181,16384,1548,0,0
2,2,181,54,0,1596,1,0
2,2,1327,1322,-32768,1597,1,0
2,2,790,793,-16384,720,0,0
2,2,1068,1437,16384,1073,0,0
2,2,793,1068,-32768,1505,0,0
2,2,790,792,0,717,0,0
2,2,793,790,16384,720,1,0
2,2,792,794,-16384,721,0,0
2,2,794,793,-32768,722,1,0
2,2,792,791,0,718,0,0
2,2,791,784,0,719,0,0
2,2,794,792,16384,721,1,0
2,2,784,795,-16384,723,0,0
2,2,795,794,-32768,1506,0,0
2,2,779,796,16384,724,0,0
2,2,796,797,0,725,0,0
2,2,797,780,-16384,726,0,0
2,2,780,779,-32768,727,1,0
2,2,1078,1079,16384,1084,0,0
2,2,1082,1077,-16384,1086,0,0
2,2,1093,1078,-32768,1102,0,0
2,2,1077,1093,-16384,1103,0,0
2,2,1079,1082,0,1113,0,0
2,2,1079,1094,16384,1107,0,0
2,2,1097,1082,-16384,1112,0,0
2,2,1082,1079,-32768,1113,1,0
2,2,1094,1097,0,1114,0,0
2,2,945,2,-29412,904,0,0
2,2,1094,1095,16384,1108,0,0
2,2,1096,1097,-16384,1111,0,0
2,2,1097,1094,-32768,1114,1,0
2,2,1095,1096,0,1115,0,0
2,2,5,945,-19739,903,0,0
2,2,1080,1092,0,1096,0,0
2,2,1095,1080,16384,1109,0,0
2,2,1092,1096,-16384,1110,0,0
2,2,1096,1095,-32768,1115,1,0
2,2,1080,1081,16384,1085,0,0
2,2,1091,1092,-16384,1095,0,0
2,2,1092,1080,-32768,1096,1,0
2,2,1081,1091,0,1097,0,0
2,2,1081,1083,16384,1087,0,0
2,2,1090,1091,-16384,1094,0,0
2,2,1091,1081,-32768,1097,1,0
2,2,1083,1090,0,1098,0,0
2,2,1439,5,-16384,2,0,24
2,2,211,210,16384,167,0,0
2,2,1083,1084,16384,1088,0,0
2,2,1089,1090,-16384,1093,0,0
2,2,1090,1083,-32768,1098,1,0
2,2,1084,1089,0,1099,0,0
2,2,1084,1085,16384,1089,0,0
2,2,1088,1089,-16384,1092,0,0
2,2,1089,1084,-32768,1099,1,0
2,2,1085,1088,0,1100,0,0
2,2,1085,1440,16384,1090,0,0
2,2,1441,1088,-16384,1091,0,24
2,2,1088,1085,-32768,1100,1,0
2,2,30,31,0,20,0,0
2,2,35,36,0,23,0,0
2,2,31,39,-16384,25,0,0
2,2,40,35,16384,26,0,0
2,2,36,30,0,638,0,0
2,2,39,40,-32768,1498,0,0
2,2,40,39,0,1498,1,0
2,2,1312,40,16384,1520,0,0
2,2,39,1315,-16384,1524,0,0
2,2,1315,1312,-32768,1525,0,0
2,2,1313,1312,16384,1521,0,0
2,2,1315,1316,-16384,1523,0,0
2,2,1312,1315,0,1525,1,0
2,2,1316,1313,-32768,1526,0,0
2,2,1313,1316,0,1526,1,0
2,2,1316,1317,-16384,1527,0,0
2,2,1321,1313,16384,1534,0,0
2,2,1317,1321,-32768,1535,0,0
2,2,1317,1318,-16384,1528,0,0
2,2,1320,1321,16384,1533,0,0
2,2,1321,1317,0,1535,1,0
2,2,1318,1320,-32768,1536,0,0
2,2,1318,1319,-16384,1529,0,0
2,2,1319,1314,-32768,1531,0,0
2,2,1314,1320,16384,1532,0,0
2,2,1320,1318,0,1536,1,0
2,2,37,38,-32768,24,0,0
2,2,38,1314,16384,1522,0,0
2,2,1319,37,-16384,1530,0,0
2,2,1314,1319,0,1531,1,0
2,2,38,37,0,24,1,0
2,2,37,45,-16384,32,0,0
2,2,47,38,16384,34,0,0
2,2,1401,47,24159,1510,0,65
2,2,45,1402,-24159,1511,0,0
2,2,47,1401,-8608,1510,1,0
2,2,45,46,-8192,33,0,0
2,2,1402,45,8608,1511,1,65
2,2,2,3,-32768,1,0,0
2,2,213,212,0,169,0,0
2,2,3,33,-32768,908,0,0
2,2,208,209,-32768,165,0,0
2,2,210,208,24576,166,0,0
2,2,212,211,8192,168,0,0
2,2,214,213,-8192,170,0,0
2,2,215,214,-16384,171,0,0
2,2,209,215,-24576,172,0,0
2,2,28,29,-32768,19,0,0
2,2,32,33,16384,21,0,0
2,2,34,32,-32768,22,0,0
2,2,3,41,-16384,27,0,0
2,2,44,28,-16384,31,0,0
2,2,29,34,-32768,87,0,0
2,2,41,44,-16384,817,0,0
2,2,33,3,0,908,1,0
2,2,41,42,0,28,0,0
2,2,42,43,-16384,29,0,0
2,2,43,44,-32768,30,0,0
2,2,44,41,16384,817,1,0
2,2,34,29,0,87,1,0
2,2,719,34,16384,632,0,0
2,2,29,720,-16384,633,0,0
2,2,720,719,-32768,636,0,0
2,2,36,718,16384,630,0,0
2,2,721,30,-16384,635,0,0
2,2,718,721,0,637,0,0
2,2,30,36,-32768,638,1,0
2,2,718,719,16384,631,0,0
2,2,720,721,-16384,634,0,0
2,2,719,720,0,636,1,0
2,2,721,718,-32768,637,1,0
2,2,762,1442,16384,684,0,0
2,2,767,768,0,690,0,0
2,2,770,772,-16384,695,0,0
2,2,1443,762,-32768,912,0,128
2,2,1444,189,-16384,147,0,192
2,2,771,769,16384,693,0,0
2,2,189,1445,-32768,912,0,0
2,2,772,771,0,694,0,0
2,2,1445,1443,-32768,912,0,64
2,2,770,769,0,692,1,0
2,2,769,771,-16384,693,1,0
2,2,771,772,-32768,694,1,0
2,2,772,770,16384,695,1,0
2,2,188,1444,-16384,147,0,0
2,2,768,765,16384,691,0,0
2,2,769,770,-32768,692,0,0
2,2,1446,188,0,913,0,128
2,2,1447,763,16384,684,0,256
2,2,765,766,-32768,688,0,0
2,2,763,1446,0,913,0,0
2,2,1442,1447,16384,684,0,192
2,2,766,767,-16384,689,0,0
2,2,766,765,0,688,1,0
2,2,767,766,16384,689,1,0
2,2,768,767,-32768,690,1,0
2,2,765,768,-16384,691,1,0
2,2,56,57,-16384,40,0,0
2,2,591,592,8192,470,0,0
2,2,592,593,0,471,0,0
2,2,761,56,-8192,683,0,0
2,2,764,591,16384,685,0,0
2,2,593,55,0,686,0,0
2,2,55,774,0,697,0,0
2,2,777,761,0,701,0,0
2,2,188,763,-32768,913,1,0
2,2,763,764,16384,1598,0,0
2,2,57,188,-16384,1599,0,0
2,2,774,777,0,1600,1,0
2,2,17,55,-16384,39,0,0
2,2,593,594,16384,472,0,0
2,2,55,593,-32768,686,1,0
2,2,594,17,0,704,1,0
2,2,774,775,16384,698,0,0
2,2,775,776,0,699,0,0
2,2,776,777,-16384,700,0,0
2,2,777,774,-32768,1600,0,0
2,2,1417,1071,16384,1076,0,192
2,2,1076,1418,-16384,1082,0,0
2,2,1448,1076,0,1083,0,64
2,2,1077,1448,0,1083,0,0
2,2,1071,1093,-32768,1101,0,0
2,2,1093,1077,16384,1103,1,0
2,2,866,867,0,812,1,0
2,2,868,866,16384,813,0,0
2,2,867,966,-16384,936,0,0
2,2,966,868,-32768,937,0,0
2,2,865,866,0,808,0,0
2,2,868,869,-32768,811,0,0
2,2,866,868,-16384,813,1,0
2,2,869,865,16384,942,0,0
2,2,865,869,-16384,942,1,0
2,2,971,865,0,944,0,0
2,2,869,972,-32768,945,0,0
2,2,972,971,16384,948,0,0
2,2,16,17,-16384,8,0,0
2,2,17,594,-32768,704,0,0
2,2,594,968,-32768,939,0,0
2,2,965,969,0,940,0,0
2,2,969,16,-16384,947,1,0
2,2,968,994,24576,982,0,0
2,2,994,1449,16384,983,0,0
2,2,969,971,0,943,0,0
2,2,972,16,-32768,946,0,0
2,2,16,969,16384,947,0,0
2,2,971,972,-16384,948,1,0
2,2,14,15,-32768,7,0,0
2,2,967,14,-16384,938,0,0
2,2,970,967,0,941,0,0
2,2,15,970,16384,949,1,0
2,2,15,14,0,7,1,0
2,2,866,15,16384,809,0,0
2,2,14,867,-16384,810,0,0
2,2,867,866,-32768,812,0,0
2,2,964,965,-16384,935,0,0
2,2,976,974,0,953,0,0
2,2,974,964,0,955,0,0
2,2,1449,995,16384,983,0,64
2,2,995,976,7497,984,0,0
2,2,970,15,-16384,949,0,0
2,2,980,970,0,961,0,0
2,2,15,983,-32768,963,0,0
2,2,1450,984,16384,965,0,32
2,2,984,980,0,968,0,0
2,2,981,982,-32768,962,0,0
2,2,983,981,-16384,964,0,0
2,2,982,1450,16384,965,0,0
2,2,873,980,-16384,960,0,0
2,2,984,870,16384,966,0,0
2,2,980,984,-32768,968,1,0
2,2,870,873,0,969,0,0
2,2,132,131,0,96,0,0
2,2,150,151,-32768,111,0,0
2,2,131,150,-16384,559,0,0
2,2,151,132,16384,560,0,0
2,2,133,132,8192,97,0,0
2,2,146,147,16384,106,0,0
2,2,151,146,24576,112,0,0
2,2,135,133,16384,467,0,0
2,2,132,151,-16384,560,1,0
2,2,147,135,16384,565,1,0
2,2,130,129,-16384,94,0,0
2,2,131,130,-8192,95,0,0
2,2,144,145,-16384,105,0,0
2,2,145,150,-24576,110,0,0
2,2,150,131,16384,559,1,0
2,2,129,144,-16384,564,1,0
2,2,138,137,0,101,0,0
2,2,154,155,-32768,117,0,0
2,2,137,154,-16384,561,0,0
2,2,155,138,16384,562,0,0
2,2,136,134,-16384,99,0,0
2,2,137,136,-8192,100,0,0
2,2,148,149,-16384,107,0,0
2,2,149,154,-24576,116,0,0
2,2,154,137,16384,561,1,0
2,2,134,148,-16384,566,1,0
2,2,134,135,0,98,0,0
2,2,147,148,-32768,108,0,0
2,2,135,147,-16384,565,0,0
2,2,148,134,16384,566,0,0
2,2,677,678,0,578,0,0
2,2,678,679,-16384,579,0,0
2,2,679,680,-32768,580,0,0
2,2,680,677,16384,581,0,0
2,2,678,677,-32768,578,1,0
2,2,679,678,16384,579,1,0
2,2,676,1451,-16384,898,0,0
2,2,673,1452,4554,575,0,0
2,2,677,680,-16384,581,1,0
2,2,672,673,16384,897,0,0
2,2,669,670,-29412,572,0,0
2,2,670,671,-32768,573,0,0
2,2,671,672,28213,574,0,0
2,2,680,679,0,580,1,0
2,2,1451,669,-16384,898,0,104
2,2,676,687,0,591,0,0
2,2,688,669,-32768,592,0,0
2,2,687,688,-16384,598,1,0
2,2,669,676,16384,898,1,0
2,2,941,673,0,893,0,0
2,2,672,942,-32768,894,0,0
2,2,942,941,16384,896,0,0
2,2,673,672,-16384,897,1,0
2,2,682,668,16384,586,1,0
2,2,668,941,0,892,0,0
2,2,942,682,-32768,895,0,0
2,2,941,942,-16384,896,1,0
2,2,139,140,16384,102,0,0
2,2,155,139,24576,118,0,0
2,2,138,155,-16384,562,1,0
2,2,140,138,8192,570,0,0
2,2,138,140,-24576,570,1,0
2,2,663,667,7037,582,0,0
2,2,140,663,-32768,910,0,0
2,2,667,138,0,911,0,0
2,2,663,664,16384,567,0,0
2,2,666,667,-16384,569,0,0
2,2,667,663,-25730,582,1,0
2,2,664,666,0,583,0,0
2,2,664,665,16384,568,0,0
2,2,665,1453,0,571,0,0
2,2,666,664,-32768,583,1,0
2,2,681,666,-16384,584,0,0
2,2,1453,668,0,571,0,80
2,2,682,681,-32768,585,0,0
2,2,668,682,-16384,586,0,0
2,2,1454,1377,-16384,1311,0,56
2,2,1378,1455,16384,1312,0,704
2,2,126,125,0,90,0,0
2,2,152,153,-32768,114,0,0
2,2,125,152,-16384,557,0,0
2,2,153,126,16384,558,0,0
2,2,124,99,-16384,88,0,0
2,2,125,124,-8192,89,0,0
2,2,102,141,-16384,103,0,0
2,2,141,152,-24576,113,0,0
2,2,99,102,-16384,479,0,0
2,2,152,125,16384,557,1,0
2,2,99,1456,-1933,68,0,0
2,2,1457,102,-32768,69,0,32
2,2,102,99,16384,479,1,0
2,2,127,126,8192,91,0,0
2,2,128,127,16384,92,0,0
2,2,142,143,16384,104,0,0
2,2,153,142,24576,115,0,0
2,2,126,153,-16384,558,1,0
2,2,143,128,16384,563,1,0
2,2,129,128,0,93,0,0
2,2,143,144,-32768,109,0,0
2,2,128,143,-16384,563,0,0
2,2,144,129,16384,564,0,0
2,2,159,158,-16384,122,0,0
2,2,163,164,16384,125,0,0
2,2,164,159,0,639,0,0
2,2,694,696,0,601,0,0
2,2,706,695,-31045,611,0,0
2,2,695,694,16384,613,0,0
2,2,696,697,8192,602,0,0
2,2,697,1458,2555,603,0,0
2,2,1459,704,-28799,608,0,8
2,2,704,705,30709,609,0,0
2,2,705,706,30212,610,0,0
2,2,687,689,0,593,0,0
2,2,689,690,-16384,594,0,0
2,2,691,692,-32768,595,0,0
2,2,692,693,-32768,596,0,0
2,2,693,688,16384,597,0,0
2,2,688,687,16384,598,0,0
2,2,690,691,-16384,612,0,0
2,2,690,694,0,599,0,0
2,2,695,691,-32768,600,0,0
2,2,691,690,16384,612,1,0
2,2,694,695,-16384,613,1,0
2,2,48,47,8192,35,0,0
2,2,1456,100,-1933,68,0,32
2,2,101,1457,-32768,69,0,0
2,2,100,1460,-16384,71,0,0
2,2,1460,103,-16384,71,0,144
2,2,156,101,16384,119,0,0
2,2,1461,923,-12160,870,0,17
2,2,923,924,-14903,871,0,0
2,2,924,925,-18442,872,0,0
2,2,925,926,-27931,873,0,0
2,2,926,927,-32768,874,0,0
2,2,927,928,31470,875,0,0
2,2,928,929,27131,876,0,0
2,2,929,930,22517,877,0,0
2,2,930,931,18939,878,0,0
2,2,931,932,16384,879,0,0
2,2,932,933,11547,880,0,0
2,2,933,934,4836,881,0,0
2,2,934,935,0,882,0,0
2,2,922,1461,-12160,870,0,0
2,2,935,936,3968,883,0,0
2,2,936,922,0,886,0,0
2,2,908,922,-16384,869,0,0
2,2,936,909,16384,884,0,0
2,2,909,908,0,885,1,0
2,2,922,936,-32768,886,1,0
2,2,196,195,8192,152,0,0
2,2,33,902,-32768,864,0,0
2,2,902,920,-32768,867,0,0
2,2,192,193,-32768,149,0,0
2,2,194,192,24576,150,0,0
2,2,195,194,16384,151,0,0
2,2,197,196,0,153,0,0
2,2,198,197,-8192,154,0,0
2,2,193,199,-24576,156,0,0
2,2,903,904,-16384,846,0,0
2,2,904,905,-18939,847,0,0
2,2,905,906,-22517,848,0,0
2,2,906,1462,-25521,849,0,0
2,2,918,919,16384,861,0,0
2,2,919,903,0,868,0,0
2,2,902,903,-16384,845,0,0
2,2,919,920,16384,862,0,0
2,2,920,902,0,867,1,0
2,2,903,919,-32768,868,1,0
2,2,897,1463,-8192,842,0,0
2,2,909,910,25730,851,0,0
2,2,910,911,18664,852,0,0
2,2,911,912,17538,853,0,0
2,2,1464,897,6478,866,0,12
2,2,912,913,19739,854,0,0
2,2,913,898,19739,855,0,0
2,2,898,1464,6428,866,0,0
2,2,699,700,-8192,605,0,0
2,2,700,701,-14325,606,0,0
2,2,701,702,-18442,607,0,0
2,2,703,1459,-28799,608,0,0
2,2,702,703,-26298,865,0,0
2,2,702,897,-8192,840,0,0
2,2,898,703,24576,841,0,0
2,2,703,702,6469,865,1,0
2,2,897,898,-26298,866,1,0
2,2,1462,907,-25521,849,0,31
2,2,907,908,-31045,850,0,0
2,2,914,915,-2058,857,0,0
2,2,908,909,-32768,885,0,0
2,2,1463,899,-8192,842,0,5
2,2,899,900,-12415,843,0,0
2,2,900,901,-15086,844,0,0
2,2,901,914,-10250,856,0,0
2,2,0,1465,16384,0,0,0
2,2,199,198,-16384,155,0,0
2,2,920,921,29412,863,0,0
2,2,921,0,19739,905,0,0
2,2,915,916,0,858,0,0
2,2,916,917,4836,859,0,0
2,2,917,918,11547,860,0,0
2,2,231,232,0,185,0,0
2,2,637,638,-32768,528,0,0
2,2,232,233,-16384,549,0,0
2,2,1064,231,16384,1067,0,0
2,2,233,234,0,186,0,0
2,2,234,235,-16384,187,0,0
2,2,643,644,16384,531,0,0
2,2,1008,1466,-16384,995,0,0
2,2,235,1008,-16384,1031,0,0
2,2,639,640,-16384,529,0,0
2,2,641,642,0,530,0,0
2,2,638,639,-24576,532,0,0
2,2,640,641,-8192,533,0,0
2,2,642,643,8192,534,0,0
2,2,644,637,24576,535,0,0
2,2,1015,1016,16384,1001,0,0
2,2,1016,1017,0,1002,0,0
2,2,1017,1018,-16384,1003,0,0
2,2,1018,1019,-32768,1004,0,0
2,2,1019,1020,16384,1005,0,0
2,2,1020,1015,16384,1036,0,0
2,2,1014,1015,0,1000,0,0
2,2,1020,1021,-32768,1006,0,0
2,2,1015,1020,-16384,1036,1,0
2,2,1021,1014,16384,1038,0,0
2,2,235,1013,0,998,0,0
2,2,1022,1008,-32768,1008,0,0
2,2,1008,235,16384,1031,1,0
2,2,1013,1022,-16384,1037,0,0
2,2,1013,1014,0,999,0,0
2,2,1021,1022,-32768,1007,0,0
2,2,1022,1013,16384,1037,1,0
2,2,1014,1021,-16384,1038,1,0
2,2,229,230,0,184,0,0
2,2,607,608,-32768,498,0,0
2,2,658,229,16384,551,0,0
2,2,230,1059,-16384,1060,0,0
2,2,605,606,16384,496,0,0
2,2,606,607,24576,497,0,0
2,2,608,609,-24576,499,0,0
2,2,609,610,-16384,500,0,0
2,2,610,611,-8192,501,0,0
2,2,611,612,0,502,0,0
2,2,612,605,8192,503,0,0
2,2,657,658,0,550,0,0
2,2,1150,657,16384,1245,0,0
2,2,1349,1150,-32768,1601,0,0
2,2,1350,1349,16384,1602,0,0
2,2,1149,1150,16384,1248,0,0
2,2,1150,1349,0,1601,1,0
2,2,1349,1350,-16384,1602,1,0
2,2,1350,1149,-32768,1603,1,0
2,2,1059,1060,0,1061,0,0
2,2,1060,1467,-15215,1496,0,0
2,2,1063,1064,0,1066,0,0
2,2,1468,1063,15215,1497,0,426
2,2,1467,1060,17552,1496,1,426
2,2,1063,1468,-17552,1497,1,0
2,2,1060,1061,10747,1062,0,0
2,2,1061,1055,0,1063,0,0
2,2,1058,1062,0,1064,0,0
2,2,1062,1063,-10747,1065,0,0
2,2,1055,1058,0,1495,1,0
2,2,1052,1051,0,1050,0,0
2,2,1055,1056,16384,1056,0,0
2,2,1057,1058,-16384,1058,0,0
2,2,1058,1055,-32768,1495,0,0
2,2,1005,1006,-21220,993,0,0
2,2,1006,1007,-26634,994,0,0
2,2,1054,1053,0,1053,0,0
2,2,1007,1057,-32768,1059,0,0
2,2,996,997,26634,985,0,0
2,2,997,998,21220,986,0,0
2,2,1050,1049,0,1047,0,0
2,2,1056,996,-32768,1057,0,0
2,2,999,1000,11547,988,0,0
2,2,1000,1001,6133,989,0,0
2,2,1002,1003,-6133,990,0,0
2,2,1003,1004,-11547,991,0,0
2,2,1043,1044,-32768,1043,0,0
2,2,1045,1046,-32768,1044,0,0
2,2,1047,1048,-32768,1045,0,0
2,2,1001,1002,0,1055,0,0
2,2,1004,1005,-16384,992,0,0
2,2,1053,1047,16384,1052,0,0
2,2,1051,1045,16384,1049,0,0
2,2,1048,1054,-16384,1054,0,0
2,2,1048,1047,0,1045,1,0
2,2,1047,1053,-16384,1052,1,0
2,2,1053,1054,-32768,1053,1,0
2,2,1054,1048,16384,1054,1,0
2,2,1049,1043,16384,1046,0,0
2,2,1046,1052,-16384,1051,0,0
2,2,1046,1045,0,1044,1,0
2,2,1045,1051,-16384,1049,1,0
2,2,1051,1052,-32768,1050,1,0
2,2,1052,1046,16384,1051,1,0
2,2,998,999,16384,987,0,0
2,2,1044,1050,-16384,1048,0,0
2,2,1044,1043,0,1043,1,0
2,2,1043,1049,-16384,1046,1,0
2,2,1049,1050,-32768,1047,1,0
2,2,1050,1044,16384,1048,1,0
2,2,289,290,-32768,228,0,0
2,2,290,659,16384,552,0,0
2,2,878,879,0,820,0,0
2,2,1469,289,-15215,1496,0,539
2,2,618,619,8192,510,0,0
2,2,881,874,24576,825,0,0
2,2,1467,1469,-15215,1496,0,217
2,2,874,875,-32768,818,0,0
2,2,876,877,-16384,819,0,0
2,2,880,881,16384,821,0,0
2,2,875,876,-24576,822,0,0
2,2,877,878,-8192,823,0,0
2,2,879,880,8192,824,0,0
2,2,613,614,-32768,504,0,0
2,2,615,616,-16384,505,0,0
2,2,617,618,0,506,0,0
2,2,619,620,16384,507,0,0
2,2,614,615,-24576,508,0,0
2,2,616,617,-8192,509,0,0
2,2,620,613,24576,511,0,0
2,2,659,660,-32768,553,0,0
2,2,660,1149,16384,1244,0,0
2,2,1149,1350,0,1603,0,0
2,2,291,289,16384,229,0,0
2,2,285,292,-16384,230,0,0
2,2,292,291,-32768,547,0,0
2,2,289,1467,17552,1496,1,0
2,2,287,288,0,227,0,0
2,2,1114,287,16384,1160,0,0
2,2,1115,1114,-32768,1161,0,0
2,2,288,286,0,1435,0,0
2,2,566,567,-32768,451,0,0
2,2,574,575,-32768,456,0,0
2,2,1470,1115,16384,1162,0,64
2,2,288,293,16384,231,0,0
2,2,294,286,-16384,234,0,0
2,2,293,294,0,548,0,0
2,2,286,288,-32768,1435,1,0
2,2,293,291,16384,232,0,0
2,2,292,294,-16384,233,0,0
2,2,291,292,0,547,1,0
2,2,294,293,-32768,548,1,0
2,2,284,285,-32768,225,0,0
2,2,625,626,0,514,0,0
2,2,662,284,-16384,555,0,0
2,2,285,1471,15215,1497,0,0
2,2,622,623,-24576,516,0,0
2,2,632,633,-8192,525,0,0
2,2,1471,1468,15215,1497,0,104
2,2,621,622,-32768,512,0,0
2,2,623,624,-16384,513,0,0
2,2,627,628,16384,515,0,0
2,2,624,625,-8192,517,0,0
2,2,626,627,8192,518,0,0
2,2,628,621,24576,519,0,0
2,2,1468,285,-17552,1497,1,217
2,2,629,630,-32768,520,0,0
2,2,631,632,-16384,521,0,0
2,2,633,634,0,522,0,0
2,2,635,636,16384,523,0,0
2,2,630,631,-24576,524,0,0
2,2,634,635,8192,526,0,0
2,2,636,629,24576,527,0,0
2,2,661,662,-32768,554,0,0
2,2,1466,1009,-16384,995,0,32
2,2,1010,1011,-16384,996,0,0
2,2,1012,661,-16384,997,0,0
2,2,1009,1010,-16384,1032,0,0
2,2,1011,1012,-16384,1033,0,0
2,2,585,584,-32768,465,0,0
2,2,1472,585,-16384,1167,0,64
2,2,236,1473,-16384,188,0,0
2,2,260,236,-16384,205,0,0
2,2,586,260,8192,495,0,0
2,2,1474,586,16384,1168,0,128
2,2,286,260,0,226,0,0
2,2,586,587,-32768,466,0,0
2,2,260,586,-24576,495,1,0
2,2,582,583,-32768,463,0,0
2,2,587,1472,-16384,1167,0,0
2,2,584,582,16384,464,0,0
2,2,583,1475,-16384,1166,0,0
2,2,1025,1026,16384,1012,0,0
2,2,1026,1027,0,1013,0,0
2,2,1027,1028,-16384,1014,0,0
2,2,1028,1029,-32768,1015,0,0
2,2,1029,1030,16384,1016,0,0
2,2,1030,1025,16384,1035,0,0
2,2,1024,1025,0,1011,0,0
2,2,1030,1031,-32768,1017,0,0
2,2,1025,1030,-16384,1035,1,0
2,2,1031,1024,16384,1040,0,0
2,2,1009,1023,0,1009,0,0
2,2,1032,1010,-32768,1019,0,0
2,2,1010,1009,16384,1032,1,0
2,2,1023,1032,-16384,1039,0,0
2,2,1023,1024,0,1010,0,0
2,2,1031,1032,-32768,1018,0,0
2,2,1032,1023,16384,1039,1,0
2,2,1024,1031,-16384,1040,1,0
2,2,1035,1036,16384,1023,0,0
2,2,1036,1037,0,1024,0,0
2,2,1037,1038,-16384,1025,0,0
2,2,1038,1039,-32768,1026,0,0
2,2,1039,1040,16384,1027,0,0
2,2,1040,1035,16384,1034,0,0
2,2,1034,1035,0,1022,0,0
2,2,1040,1041,-32768,1028,0,0
2,2,1035,1040,-16384,1034,1,0
2,2,1041,1034,16384,1042,0,0
2,2,1011,1033,0,1020,0,0
2,2,1042,1012,-32768,1030,0,0
2,2,1012,1011,16384,1033,1,0
2,2,1033,1042,-16384,1041,0,0
2,2,1033,1034,0,1021,0,0
2,2,1041,1042,-32768,1029,0,0
2,2,1042,1033,16384,1041,1,0
2,2,1034,1041,-16384,1042,1,0
2,2,460,461,16384,373,0,0
2,2,461,256,6133,486,0,0
2,2,1476,254,-16384,201,0,384
2,2,255,256,-16384,202,0,0
2,2,256,461,-26634,486,1,0
2,2,254,1146,-16384,1241,0,0
2,2,1225,1226,0,1381,0,0
2,2,1226,1230,0,1385,0,0
2,2,1146,255,-16384,1446,0,0
2,2,253,1476,-16384,201,0,0
2,2,1477,253,0,1261,0,192
2,2,1227,1228,16384,1382,0,0
2,2,1230,1227,16384,1386,0,0
2,2,482,483,16384,388,0,0
2,2,1478,1477,0,1261,0,64
2,2,1228,1229,-32768,1383,0,0
2,2,1229,1225,-16384,1384,0,0
2,2,1226,1225,-32768,1381,1,0
2,2,1229,1479,0,1383,1,0
2,2,1225,1229,16384,1384,1,0
2,2,1231,1226,-16384,1387,0,0
2,2,1228,1227,-16384,1382,1,0
2,2,1479,1228,0,1383,1,32
2,2,1227,1231,-32768,1388,0,0
2,2,1230,1226,-32768,1385,1,0
2,2,1227,1230,-16384,1386,1,0
2,2,1226,1231,16384,1387,1,0
2,2,1231,1227,0,1388,1,0
2,2,1133,1136,0,1229,0,0
2,2,1480,1133,0,1258,0,64
2,2,1136,1157,0,1259,0,0
2,2,1157,253,-16384,1260,0,0
2,2,253,1478,-32768,1261,1,0
2,2,1133,1134,16384,1217,0,0
2,2,1134,1135,0,1218,0,0
2,2,1135,1136,-16384,1219,0,0
2,2,1136,1133,-32768,1229,1,0
2,2,645,646,-24576,538,0,0
2,2,646,647,-32768,539,0,0
2,2,655,656,-16384,545,0,0
2,2,1142,1140,16384,1231,0,0
2,2,656,1344,-16384,1582,0,0
2,2,1344,645,-16384,1583,0,0
2,2,647,646,0,539,1,0
2,2,646,645,8192,538,1,0
2,2,1481,282,-8192,223,0,56
2,2,282,283,-16384,224,0,0
2,2,656,655,16384,545,1,0
2,2,283,270,-16384,546,0,0
2,2,1344,656,16384,1582,1,0
2,2,645,1344,16384,1583,1,0
2,2,648,649,24576,540,0,0
2,2,1143,1142,0,1232,0,0
2,2,647,1342,-32768,1578,0,0
2,2,1342,648,-32768,1579,0,0
2,2,649,648,-8192,540,1,0
2,2,1342,647,0,1578,1,0
2,2,648,1342,0,1579,1,0
2,2,1140,1142,-16384,1231,1,0
2,2,1142,1143,-32768,1232,1,0
2,2,1482,247,-8192,197,0,11
2,2,261,262,16384,206,0,0
2,2,247,1147,-16384,1242,0,0
2,2,1147,1351,-24576,1605,0,0
2,2,1148,1483,-16384,1243,0,0
2,2,1351,1148,-8192,1604,0,0
2,2,1147,1148,-16384,1249,0,0
2,2,1148,1351,24576,1604,1,0
2,2,1351,1147,8192,1605,1,0
2,2,1147,1150,0,1246,0,0
2,2,1149,1148,-32768,1247,0,0
2,2,1150,1149,-16384,1248,1,0
2,2,1148,1147,16384,1249,1,0
2,2,283,295,0,235,0,0
2,2,298,270,-32768,240,0,0
2,2,295,298,-16384,536,0,0
2,2,270,283,16384,546,1,0
2,2,262,1484,24576,209,0,0
2,2,296,261,0,237,0,0
2,2,269,297,-32768,238,0,0
2,2,297,296,16384,537,0,0
2,2,295,296,0,236,0,0
2,2,297,298,-32768,239,0,0
2,2,298,295,16384,536,1,0
2,2,296,297,-16384,537,1,0
2,2,251,1485,24576,200,0,0
2,2,265,251,-24576,1234,0,0
2,2,1154,265,-8192,1254,0,0
2,2,1151,1154,-8192,1255,0,0
2,2,273,1486,24576,215,0,0
2,2,1151,1152,8192,1251,0,0
2,2,1152,1153,-8192,1252,0,0
2,2,1153,1154,-24576,1253,0,0
2,2,1154,1151,24576,1255,1,0
2,2,248,249,-24576,198,0,0
2,2,263,264,8192,207,0,0
2,2,249,263,26634,1235,0,0
2,2,1483,248,-16384,1243,0,160
2,2,249,1487,-32768,199,0,0
2,2,263,249,-6133,1235,1,0
2,2,1487,250,-32768,199,0,320
2,2,265,263,0,208,0,0
2,2,251,265,8192,1234,1,0
2,2,1340,251,-32768,1574,0,0
2,2,264,269,16384,212,0,0
2,2,270,271,-16384,213,0,0
2,2,272,273,-32768,214,0,0
2,2,271,272,-24576,1493,0,0
2,2,653,654,0,543,0,0
2,2,654,655,-8192,544,0,0
2,2,1140,1141,-32768,1230,0,0
2,2,1341,653,0,1577,0,0
2,2,1141,1140,0,1230,1,0
2,2,1143,1141,16384,1233,1,0
2,2,654,653,-32768,543,1,0
2,2,653,1341,-32768,1577,1,0
2,2,245,246,0,196,0,0
2,2,246,1482,-8192,197,0,0
2,2,266,1488,-32768,210,0,0
2,2,1489,245,0,1228,0,128
2,2,277,280,0,1494,0,0
2,2,277,278,16384,219,0,0
2,2,278,279,0,220,0,0
2,2,279,280,-16384,221,0,0
2,2,280,277,-32768,1494,1,0
2,2,1484,266,24576,209,0,11
2,2,280,281,0,222,0,0
2,2,281,1481,-8192,223,0,0
2,2,655,654,24576,544,1,0
2,2,242,243,8192,194,0,0
2,2,243,1490,0,195,0,0
2,2,1485,252,24576,200,0,56
2,2,268,890,-16384,834,0,0
2,2,252,1144,16384,1236,0,0
2,2,1145,242,16384,1237,0,0
2,2,1144,1145,16384,1240,0,0
2,2,1490,244,0,195,0,80
2,2,1488,267,-32768,210,0,272
2,2,244,1489,0,1228,0,0
2,2,267,268,-24576,211,0,0
2,2,650,651,16384,541,0,0
2,2,651,652,8192,542,0,0
2,2,1141,1143,-16384,1233,0,0
2,2,652,1341,0,1576,0,0
2,2,649,1343,16384,1580,0,0
2,2,1343,650,16384,1581,0,0
2,2,1341,652,-32768,1576,1,0
2,2,1491,277,0,218,0,88
2,2,652,651,-24576,542,1,0
2,2,1486,274,24576,215,0,56
2,2,274,275,16384,216,0,0
2,2,275,276,8192,217,0,0
2,2,276,1491,0,218,0,0
2,2,651,650,-16384,541,1,0
2,2,1343,649,-16384,1580,1,0
2,2,650,1343,-16384,1581,1,0
2,2,890,1151,-8192,1250,0,0
2,2,254,1145,0,1238,0,0
2,2,1144,1146,-32768,1239,0,0
2,2,1145,1144,-16384,1240,1,0
2,2,1146,254,16384,1241,1,0
2,2,244,1138,16384,1225,0,0
2,2,1138,1139,0,1226,0,0
2,2,1139,245,-16384,1227,0,0
2,2,245,244,-32768,1228,1,0
2,2,521,522,16384,417,0,0
2,2,520,521,-32768,418,0,0
2,2,522,477,0,1158,0,0
2,2,1112,1492,-16384,1159,0,0
2,2,1166,1112,0,1277,0,0
2,2,477,476,16384,383,0,0
2,2,259,1166,-16384,1276,0,0
2,2,259,1112,-8192,1275,0,0
2,2,1166,259,16384,1276,1,0
2,2,1112,1166,-32768,1277,1,0
2,2,259,1164,8192,1272,0,0
2,2,1164,1165,-8192,1273,0,0
2,2,1165,1112,-24576,1274,0,0
2,2,1112,259,24576,1275,1,0
2,2,256,257,0,203,0,0
2,2,474,475,-16384,381,0,0
2,2,257,474,-16384,487,1,0
2,2,475,472,-32768,1157,0,0
2,2,472,473,-16384,380,0,0
2,2,473,1111,-32768,1156,0,0
2,2,258,259,0,204,0,0
2,2,476,474,-32768,382,0,0
2,2,474,257,16384,487,0,0
2,2,257,258,0,1575,0,0
2,2,392,478,16384,384,0,0
2,2,478,1127,0,1196,0,0
2,2,1127,1126,-16384,1366,0,0
2,2,1336,258,-16384,1566,0,0
2,2,257,1337,16384,1567,0,0
2,2,1337,1336,0,1572,0,0
2,2,258,257,-32768,1575,1,0
2,2,250,1338,-16384,1568,0,0
2,2,1339,1340,16384,1571,0,0
2,2,1338,1339,-32768,1573,0,0
2,2,1338,1336,-16384,1569,0,0
2,2,1337,1339,16384,1570,0,0
2,2,1336,1337,-32768,1572,1,0
2,2,1339,1338,0,1573,1,0
2,2,441,442,-32768,356,0,0
2,2,451,452,16384,364,0,0
2,2,469,441,-16384,1148,0,0
2,2,452,456,-32768,369,0,0
2,2,456,1108,16384,1146,0,0
2,2,468,469,-32768,378,0,0
2,2,479,468,-16384,385,0,0
2,2,480,479,0,386,0,0
2,2,470,471,0,379,0,0
2,2,1493,470,16384,1136,0,64
2,2,484,482,0,389,0,0
2,2,471,484,16384,1135,0,0
2,2,1494,225,16384,180,0,384
2,2,457,455,-16384,370,0,0
2,2,225,457,0,485,0,0
2,2,225,226,16384,181,0,0
2,2,457,225,-32768,485,1,0
2,2,454,453,-16384,367,0,0
2,2,455,454,0,368,0,0
2,2,453,1233,-32768,1392,0,0
2,2,458,457,-32768,371,0,0
2,2,459,458,-16384,372,0,0
2,2,449,453,-32768,366,1,0
2,2,453,454,16384,367,1,0
2,2,454,1232,0,1389,0,0
2,2,1232,449,-16384,1390,0,0
2,2,1108,459,-32768,1145,0,0
2,2,458,459,16384,372,1,0
2,2,459,1108,0,1145,1,0
2,2,1108,456,-16384,1146,1,0
2,2,1232,454,-32768,1389,1,0
2,2,454,458,16384,1436,0,0
2,2,456,1232,-32768,1438,0,0
2,2,226,227,16384,182,0,0
2,2,227,228,0,183,0,0
2,2,228,1495,0,1270,0,0
2,2,1245,1242,-16384,1407,0,0
2,2,1242,1243,0,1404,0,0
2,2,491,488,-16384,396,0,0
2,2,1496,327,0,1270,0,160
2,2,1243,1244,16384,1405,0,0
2,2,1495,1496,0,1270,0,128
2,2,1244,1245,-32768,1406,0,0
2,2,1243,1242,-32768,1404,1,0
2,2,1244,1243,-16384,1405,1,0
2,2,1245,1244,0,1406,1,0
2,2,1242,1245,16384,1407,1,0
2,2,1158,1161,0,1265,0,0
2,2,228,1162,16384,1266,0,0
2,2,1162,1158,0,1267,0,0
2,2,1161,1163,0,1268,0,0
2,2,1163,327,-16384,1269,0,0
2,2,327,228,-32768,1270,1,0
2,2,1158,1159,16384,1262,0,0
2,2,1159,1160,0,1263,0,0
2,2,1160,1161,-16384,1264,0,0
2,2,1161,1158,-32768,1265,1,0
2,2,481,480,-16384,387,0,0
2,2,485,481,0,390,0,0
2,2,486,485,-16384,391,0,0
2,2,488,486,0,393,0,0
2,2,483,487,-32768,392,0,0
2,2,487,489,16384,395,0,0
2,2,483,482,-16384,388,1,0
2,2,482,484,-32768,389,1,0
2,2,487,483,0,392,1,0
2,2,484,487,16384,1380,0,0
2,2,1155,1478,0,1261,0,0
2,2,1155,1156,16384,1257,0,0
2,2,1156,1480,0,1258,0,0
2,2,1478,1155,-32768,1261,1,192
2,2,493,494,-32768,398,0,0
2,2,494,495,16384,400,0,0
2,2,495,1155,0,1256,0,0
2,2,489,490,-32768,394,0,0
2,2,490,493,16384,399,0,0
2,2,327,328,0,268,0,0
2,2,492,491,-32768,397,0,0
2,2,328,492,-16384,1134,0,0
2,2,1497,1498,16384,180,0,192
2,2,446,1107,-16384,1144,0,0
2,2,1220,1219,-32768,1371,0,0
2,2,1237,446,0,1396,0,0
2,2,1498,1494,16384,180,0,288
2,2,1236,1237,-16384,1395,0,0
2,2,1233,1234,-16384,1398,0,0
2,2,1234,1236,-32768,1399,0,0
2,2,1234,1235,-16384,1393,0,0
2,2,1237,1236,16384,1395,1,0
2,2,1499,1237,-32768,1396,1,32
2,2,1236,1234,0,1399,1,0
2,2,445,446,-16384,359,0,0
2,2,1235,445,0,1394,0,0
2,2,446,1499,-32768,1396,1,0
2,2,453,445,-16384,1391,0,0
2,2,1233,453,0,1392,1,0
2,2,1235,1234,16384,1393,1,0
2,2,445,1235,-32768,1394,1,0
2,2,1234,1233,16384,1398,1,0
2,2,1500,223,16384,178,0,320
2,2,223,466,0,484,0,0
2,2,223,224,16384,179,0,0
2,2,224,1497,16384,180,0,0
2,2,466,223,-32768,484,1,0
2,2,467,466,-16384,1141,0,0
2,2,1219,1217,-16384,1370,0,0
2,2,466,464,0,376,0,0
2,2,462,463,-16384,374,0,0
2,2,463,467,-32768,377,0,0
2,2,1217,1218,0,1369,0,0
2,2,1218,1222,0,1373,0,0
2,2,1501,1219,16384,1370,1,32
2,2,1219,1220,0,1371,1,0
2,2,1220,1221,-16384,1372,1,0
2,2,1221,1223,-32768,1375,0,0
2,2,1218,1217,-32768,1369,1,0
2,2,1217,1501,16384,1370,1,0
2,2,1223,1218,-16384,1376,0,0
2,2,1222,1218,-32768,1373,1,0
2,2,1221,1222,-16384,1374,1,0
2,2,1223,1221,0,1375,1,0
2,2,1218,1223,16384,1376,1,0
2,2,439,440,16384,354,0,0
2,2,438,439,-32768,355,0,0
2,2,440,443,0,357,0,0
2,2,443,1493,16384,1136,0,0
2,2,433,434,16384,349,0,0
2,2,434,435,0,351,0,0
2,2,435,438,16384,353,0,0
2,2,425,426,-32768,342,0,0
2,2,426,431,16384,347,0,0
2,2,431,433,0,350,0,0
2,2,436,437,-32768,352,0,0
2,2,437,444,16384,358,0,0
2,2,442,436,-16384,1147,0,0
2,2,602,420,0,478,0,0
2,2,1502,602,16384,1151,0,64
2,2,419,420,-16384,338,0,0
2,2,421,419,0,339,0,0
2,2,420,602,-32768,478,1,0
2,2,424,421,-16384,341,0,0
2,2,427,424,0,344,0,0
2,2,432,427,16384,348,0,0
2,2,422,423,-32768,340,0,0
2,2,423,425,16384,343,0,0
2,2,1104,422,16384,1137,0,0
2,2,461,1104,-32768,1138,0,0
2,2,420,460,0,1139,0,0
2,2,464,465,16384,375,0,0
2,2,465,432,0,1140,0,0
2,2,602,1109,-32768,1150,0,0
2,2,1109,1503,-16384,1149,0,0
2,2,428,429,-16384,345,0,0
2,2,430,428,0,346,0,0
2,2,429,1105,-32768,1142,0,0
2,2,1105,462,-32768,1377,0,0
2,2,463,462,16384,374,1,0
2,2,462,1105,0,1377,1,0
2,2,1224,463,-32768,1378,0,0
2,2,1105,1224,-16384,1379,0,0
2,2,448,445,-32768,361,0,0
2,2,449,448,-16384,362,0,0
2,2,453,449,0,366,0,0
2,2,445,453,16384,1391,1,0
2,2,444,447,-32768,360,0,0
2,2,447,450,16384,363,0,0
2,2,450,451,0,365,0,0
2,2,1106,430,-16384,1143,0,0
2,2,1221,1220,16384,1372,0,0
2,2,1222,1221,16384,1374,0,0
2,2,1107,1106,0,1397,0,0
2,2,1473,237,-16384,188,0,64
2,2,1116,1474,16384,1168,0,0
2,2,557,558,-32768,444,0,0
2,2,558,562,16384,447,0,0
2,2,562,1116,0,1169,0,0
2,2,237,238,-16384,189,0,0
2,2,554,557,16384,1170,0,0
2,2,534,532,16384,425,0,0
2,2,535,534,-32768,426,0,0
2,2,553,554,0,441,0,0
2,2,532,533,-32768,424,0,0
2,2,529,553,8192,494,0,0
2,2,533,529,16384,1178,0,0
2,2,555,553,-16384,442,0,0
2,2,556,555,0,443,0,0
2,2,553,529,-24576,494,1,0
2,2,533,532,0,424,1,0
2,2,532,534,-16384,425,1,0
2,2,531,533,16384,427,0,0
2,2,560,561,-32768,446,0,0
2,2,561,566,16384,1165,0,0
2,2,1475,560,-16384,1166,0,64
2,2,529,527,-32768,422,0,0
2,2,559,556,-16384,445,0,0
2,2,563,559,0,448,0,0
2,2,564,563,16384,449,0,0
2,2,508,506,16384,408,0,0
2,2,569,568,0,453,0,0
2,2,526,508,-32768,1176,0,0
2,2,525,526,16384,420,0,0
2,2,527,528,-16384,421,0,0
2,2,528,525,-32768,1177,0,0
2,2,523,524,-16384,419,0,0
2,2,1119,523,0,1184,0,0
2,2,510,1119,16384,1185,0,0
2,2,542,530,-16384,431,0,0
2,2,530,543,-32768,432,0,0
2,2,543,1098,-32768,1119,0,0
2,2,524,542,0,1183,0,0
2,2,575,578,-16384,459,0,0
2,2,578,579,-32768,460,0,0
2,2,579,1470,16384,1162,0,0
2,2,570,571,-32768,454,0,0
2,2,571,574,16384,1163,0,0
2,2,567,570,-16384,1164,0,0
2,2,565,564,0,450,0,0
2,2,568,565,16384,452,0,0
2,2,572,573,-16384,455,0,0
2,2,576,572,0,457,0,0
2,2,1117,569,-16384,1171,0,0
2,2,573,1117,0,1172,0,0
2,2,115,1504,-32768,81,0,0
2,2,544,545,0,433,0,0
2,2,545,547,-16384,435,0,0
2,2,114,115,16384,80,0,0
2,2,1505,114,-32768,193,0,128
2,2,538,539,-16384,429,0,0
2,2,546,544,-16384,434,0,0
2,2,1099,546,0,1121,0,0
2,2,1098,1099,-16384,1120,0,0
2,2,543,546,-16384,1118,0,0
2,2,1098,543,0,1119,1,0
2,2,1099,1098,16384,1120,1,0
2,2,546,1099,-32768,1121,1,0
2,2,543,530,0,432,1,0
2,2,1506,543,16384,1118,1,40
2,2,530,1100,-16384,1122,0,0
2,2,1100,1102,-32768,1125,0,0
2,2,1507,544,-32768,433,1,32
2,2,544,546,16384,434,1,0
2,2,546,1506,16384,1118,1,0
2,2,1102,1103,-16384,1126,0,0
2,2,545,1507,-32768,433,1,0
2,2,1101,545,-16384,1124,0,0
2,2,1103,1101,0,1127,0,0
2,2,1100,1101,-16384,1123,0,0
2,2,1102,1100,0,1125,1,0
2,2,1103,1102,16384,1126,1,0
2,2,1101,1103,-32768,1127,1,0
2,2,241,1505,-32768,193,0,0
2,2,536,241,-16384,493,0,0
2,2,539,536,0,1180,0,0
2,2,239,240,-16384,191,0,0
2,2,240,241,-32768,192,0,0
2,2,536,537,0,428,0,0
2,2,241,536,16384,493,1,0
2,2,547,548,0,436,0,0
2,2,549,538,-32768,437,0,0
2,2,548,549,-16384,1181,0,0
2,2,530,531,0,423,0,0
2,2,547,545,16384,435,1,0
2,2,548,547,-32768,436,1,0
2,2,1100,530,16384,1122,1,0
2,2,1101,1100,16384,1123,1,0
2,2,545,1101,16384,1124,1,0
2,2,238,239,-16384,190,0,0
2,2,537,535,16384,1179,0,0
2,2,588,549,-32768,468,0,0
2,2,549,548,16384,1181,1,0
2,2,534,588,-16384,1182,0,0
2,2,323,324,0,266,0,0
2,2,975,316,-32768,952,0,0
2,2,973,975,-32768,954,0,0
2,2,977,978,-32768,956,0,0
2,2,979,973,-32768,959,0,0
2,2,978,979,-32768,967,0,0
2,2,324,985,-16384,970,0,0
2,2,993,977,-16384,979,0,0
2,2,316,323,16384,1133,0,0
2,2,1508,320,0,262,0,128
2,2,319,1087,-32768,1104,0,0
2,2,1087,1086,-32768,1106,0,0
2,2,320,319,-16384,1132,0,0
2,2,320,321,6133,263,0,0
2,2,321,322,0,264,0,0
2,2,322,323,-6133,265,0,0
2,2,319,320,16384,1132,1,0
2,2,323,316,-16384,1133,1,0
2,2,872,871,-32768,816,0,0
2,2,978,872,-16384,957,0,0
2,2,871,979,16384,958,0,0
2,2,979,978,0,967,1,0
2,2,870,871,16384,814,0,0
2,2,872,873,-16384,815,0,0
2,2,871,872,0,816,1,0
2,2,873,870,-32768,969,1,0
2,2,316,317,-26634,259,0,0
2,2,317,318,-32768,260,0,0
2,2,318,319,27931,261,0,0
2,2,1440,1086,16384,1090,0,40
2,2,1087,1441,-16384,1091,0,0
2,2,1086,1087,0,1106,1,0
2,2,973,964,-16384,950,0,0
2,2,974,975,16384,951,0,0
2,2,975,973,0,954,1,0
2,2,964,974,-32768,955,1,0
2,2,325,326,-32768,267,0,0
2,2,988,989,16384,974,0,0
2,2,326,990,16384,975,0,0
2,2,989,1167,0,1278,0,0
2,2,1167,325,-16384,1281,0,0
2,2,122,123,-16384,86,0,0
2,2,1167,122,0,1279,0,0
2,2,123,325,-32768,1280,0,0
2,2,325,1167,16384,1281,1,0
2,2,985,986,0,971,0,0
2,2,992,993,-32768,978,0,0
2,2,986,992,-16384,980,0,0
2,2,987,988,0,973,0,0
2,2,990,991,-32768,976,0,0
2,2,991,987,16384,981,0,0
2,2,986,987,0,972,0,0
2,2,991,992,-32768,977,0,0
2,2,992,986,16384,980,1,0
2,2,987,991,-16384,981,1,0
2,2,515,513,0,412,0,0
2,2,516,515,16384,413,0,0
2,2,552,516,16384,439,0,0
2,2,110,552,-32768,491,1,0
2,2,513,1279,0,1454,0,0
2,2,1509,392,0,317,0,64
2,2,511,512,-16384,410,0,0
2,2,512,1123,-32768,1193,0,0
2,2,514,513,-16384,411,1,0
2,2,513,515,-32768,412,1,0
2,2,1124,1123,16384,1192,1,0
2,2,1123,512,0,1193,1,0
2,2,512,514,-16384,1367,0,0
2,2,515,1124,-32768,1368,0,0
2,2,501,1274,0,1448,0,0
2,2,1278,501,16384,1453,0,0
2,2,1279,1510,-32768,1454,1,0
2,2,1274,1279,-16384,1455,1,0
2,2,513,514,16384,411,0,0
2,2,1511,513,-32768,1454,1,56
2,2,500,1277,-16384,1487,0,0
2,2,514,500,0,1488,0,0
2,2,1277,1278,0,1452,0,0
2,2,1510,1511,-32768,1454,1,40
2,2,500,501,0,404,0,0
2,2,1278,1277,-32768,1452,1,0
2,2,501,1278,-16384,1453,1,0
2,2,1277,500,16384,1487,1,0
2,2,1125,511,-32768,1194,0,0
2,2,1126,1125,-16384,1195,0,0
2,2,502,503,-32768,405,0,0
2,2,581,580,-16384,462,0,0
2,2,1118,581,0,1173,0,0
2,2,503,1118,16384,1174,0,0
2,2,506,507,-32768,407,0,0
2,2,577,576,-16384,458,0,0
2,2,580,577,0,461,0,0
2,2,507,502,16384,1175,0,0
2,2,117,27,-32768,83,0,0
2,2,504,117,-32768,492,1,0
2,2,1120,504,-16384,1187,0,0
2,2,1113,1120,0,1271,0,0
2,2,498,520,16384,416,0,0
2,2,1492,1113,-16384,1159,0,64
2,2,497,498,0,402,0,0
2,2,499,497,16384,403,0,0
2,2,25,110,-32768,76,0,0
2,2,1280,1281,0,1457,0,0
2,2,1274,1275,0,1449,0,0
2,2,1279,1274,16384,1455,0,0
2,2,1275,1280,-16384,1456,0,0
2,2,1276,499,0,1451,0,0
2,2,1281,1276,16384,1458,0,0
2,2,1275,1276,0,1450,0,0
2,2,1280,1275,16384,1456,1,0
2,2,1281,1280,-32768,1457,1,0
2,2,1276,1281,-16384,1458,1,0
2,2,4,1439,-16384,2,0,0
2,2,7,4,-16384,907,0,0
2,2,7,1508,0,262,0,0
2,2,4,7,16384,907,1,0
2,2,1086,4,-32768,1105,0,0
2,2,6,7,-16384,3,0,0
2,2,203,202,16384,159,0,0
2,2,9,943,-3355,899,0,0
2,2,943,6,-13028,900,0,0
2,2,8,9,0,4,0,0
2,2,200,201,-32768,157,0,0
2,2,13,8,0,906,0,0
2,2,202,200,24576,158,0,0
2,2,204,203,8192,160,0,0
2,2,205,204,0,161,0,0
2,2,206,205,-8192,162,0,0
2,2,207,206,-16384,163,0,0
2,2,201,207,-24576,164,0,0
2,2,18,19,0,9,0,0
2,2,19,8,-16384,10,0,0
2,2,20,21,0,11,0,0
2,2,13,20,16384,12,0,0
2,2,8,13,-32768,906,1,0
2,2,21,18,0,1592,0,0
2,2,22,24,-32768,15,0,0
2,2,24,25,16384,16,0,0
2,2,26,23,-32768,17,0,0
2,2,27,26,-16384,18,0,0
2,2,23,22,-32768,1593,0,0
2,2,21,22,16384,13,0,0
2,2,23,18,-16384,14,0,0
2,2,18,21,-32768,1592,1,0
2,2,22,23,0,1593,1,0
2,2,1504,116,-32768,81,0,128
2,2,116,1512,16384,82,0,0
2,2,509,510,0,409,0,0
2,2,1512,117,16384,82,0,128
2,2,504,505,0,406,0,0
2,2,117,504,0,492,0,0
2,2,505,509,-16384,1186,0,0
2,2,1465,1,16384,0,0,104
2,2,10,11,16384,5,0,0
2,2,889,888,-16384,832,0,0
2,2,11,944,13028,901,0,0
2,2,944,12,3355,902,0,0
2,2,1,10,16384,909,0,0
2,2,12,13,0,6,0,0
2,2,882,883,-32768,826,0,0
2,2,884,882,24576,827,0,0
2,2,885,884,16384,828,0,0
2,2,886,885,8192,829,0,0
2,2,887,886,0,830,0,0
2,2,888,887,-8192,831,0,0
2,2,883,889,-24576,833,0,0
2,2,110,1513,-16384,77,0,0
2,2,550,551,16384,438,0,0
2,2,551,552,0,440,0,0
2,2,552,110,0,491,0,0
2,2,1304,1305,-32768,1481,0,0
2,2,1513,1514,-16384,77,0,128
2,2,1303,1304,16384,1480,0,0
2,2,1292,1293,-32768,1469,0,0
2,2,1302,1303,0,1479,0,0
2,2,1305,1302,-16384,1482,0,0
2,2,1303,1302,-32768,1479,1,0
2,2,1304,1303,-16384,1480,1,0
2,2,1305,1304,0,1481,1,0
2,2,1302,1305,16384,1482,1,0
2,2,1514,1515,-16384,77,0,192
2,2,1291,1292,16384,1468,0,0
2,2,1296,1297,-32768,1473,0,0
2,2,1290,1291,0,1467,0,0
2,2,1291,1290,-32768,1467,1,0
2,2,1292,1291,-16384,1468,1,0
2,2,1293,1292,0,1469,1,0
2,2,1290,1293,16384,1470,1,0
2,2,1516,111,-16384,77,0,272
2,2,111,1517,-32768,78,0,0
2,2,1294,1295,0,1471,0,0
2,2,1515,1516,-16384,77,0,256
2,2,1295,1296,16384,1472,0,0
2,2,1297,1294,-16384,1474,0,0
2,2,1295,1294,-32768,1471,1,0
2,2,1296,1295,-16384,1472,1,0
2,2,1297,1296,0,1473,1,0
2,2,1294,1297,16384,1474,1,0
2,2,391,1509,0,317,0,0
2,2,390,391,16384,318,0,0
2,2,519,517,-32768,415,0,0
2,2,1123,1124,-16384,1192,0,0
2,2,1124,519,-16384,1365,0,0
2,2,388,389,16384,315,0,0
2,2,389,390,0,316,0,0
2,2,517,518,-16384,414,0,0
2,2,518,1122,-32768,1364,0,0
2,2,396,397,16384,321,0,0
2,2,1122,604,-32768,1191,0,0
2,2,397,388,0,1197,0,0
2,2,410,411,-32768,332,0,0
2,2,411,412,16384,333,0,0
2,2,1110,410,-16384,1152,0,0
2,2,412,418,-32768,337,0,0
2,2,418,1502,16384,1151,0,0
2,2,412,411,-16384,333,1,0
2,2,418,412,0,337,1,0
2,2,411,413,-32768,1421,0,0
2,2,395,393,-32768,320,0,0
2,2,407,1110,-32768,1153,0,0
2,2,1111,395,-16384,1155,0,0
2,2,393,394,-16384,319,0,0
2,2,394,398,-32768,322,0,0
2,2,398,401,16384,324,0,0
2,2,406,407,16384,329,0,0
2,2,401,406,-32768,1154,0,0
2,2,376,377,-32768,304,0,0
2,2,377,378,16384,305,0,0
2,2,604,376,-32768,488,1,0
2,2,400,396,0,1198,0,0
2,2,399,400,-16384,323,0,0
2,2,402,399,0,325,0,0
2,2,403,402,16384,326,0,0
2,2,404,403,0,327,0,0
2,2,350,414,16384,483,0,0
2,2,414,409,0,1199,0,0
2,2,378,345,-32768,1203,0,0
2,2,345,346,-16384,280,0,0
2,2,349,350,16384,282,0,0
2,2,346,349,-32768,1202,0,0
2,2,405,404,-16384,328,0,0
2,2,408,405,0,330,0,0
2,2,409,408,16384,331,0,0
2,2,1503,416,-16384,1149,0,64
2,2,1255,1256,16384,1417,0,0
2,2,1518,1500,16384,178,0,128
2,2,1257,1254,-16384,1419,0,0
2,2,1248,1249,-32768,1410,0,0
2,2,1254,1255,0,1416,0,0
2,2,1256,1257,-32768,1418,0,0
2,2,1255,1254,-32768,1416,1,0
2,2,1256,1255,-16384,1417,1,0
2,2,1257,1256,0,1418,1,0
2,2,1254,1257,16384,1419,1,0
2,2,413,1519,-16384,334,0,0
2,2,415,413,0,335,0,0
2,2,1260,415,16384,1434,0,0
2,2,1258,1259,-16384,1423,0,0
2,2,496,415,0,1422,0,0
2,2,1520,1258,16384,1423,1,56
2,2,1258,496,0,1429,1,0
2,2,1265,1266,-32768,1430,0,0
2,2,415,1521,-16384,1434,1,0
2,2,1259,1520,16384,1423,1,0
2,2,1522,1259,-32768,1424,1,56
2,2,1266,1267,-16384,1431,0,0
2,2,1260,1522,-32768,1424,1,0
2,2,1267,1268,0,1432,0,0
2,2,1523,1260,-16384,1434,1,24
2,2,1268,1265,16384,1433,0,0
2,2,1521,1523,-16384,1434,1,8
2,2,1266,1265,0,1430,1,0
2,2,1267,1266,16384,1431,1,0
2,2,1268,1267,-32768,1432,1,0
2,2,1265,1268,-16384,1433,1,0
2,2,416,417,0,336,0,0
2,2,417,496,-16384,401,0,0
2,2,496,1258,-32768,1429,0,0
2,2,413,415,-32768,335,1,0
2,2,496,417,16384,401,1,0
2,2,417,418,0,1420,0,0
2,2,415,496,-32768,1422,1,0
2,2,350,351,-32768,283,0,0
2,2,1524,414,-16384,334,0,88
2,2,414,350,-16384,483,1,0
2,2,1251,1252,16384,1413,0,0
2,2,1262,1264,0,1428,0,0
2,2,1519,1524,-16384,334,0,64
2,2,1264,1263,16384,1427,0,0
2,2,1259,1260,0,1424,0,0
2,2,1263,1261,-32768,1426,0,0
2,2,1261,1262,-16384,1425,0,0
2,2,1262,1261,16384,1425,1,0
2,2,1261,1263,0,1426,1,0
2,2,1263,1264,-16384,1427,1,0
2,2,1264,1262,-32768,1428,1,0
2,2,1247,1248,16384,1409,0,0
2,2,1252,1253,-32768,1414,0,0
2,2,1250,1251,0,1412,0,0
2,2,1253,1250,-16384,1415,0,0
2,2,1251,1250,-32768,1412,1,0
2,2,1252,1251,-16384,1413,1,0
2,2,1253,1252,0,1414,1,0
2,2,1250,1253,16384,1415,1,0
2,2,222,1518,16384,178,0,0
2,2,356,357,-32768,287,0,0
2,2,1249,1246,-16384,1411,0,0
2,2,1246,1247,0,1408,0,0
2,2,1247,1246,-32768,1408,1,0
2,2,1248,1247,-16384,1409,1,0
2,2,1249,1248,0,1410,1,0
2,2,1246,1249,16384,1411,1,0
2,2,351,354,-16384,285,0,0
2,2,358,356,16384,288,0,0
2,2,354,358,-32768,1201,0,0
2,2,599,222,16384,1489,0,0
2,2,357,1128,-16384,1490,0,0
2,2,1128,599,-32768,1491,0,0
2,2,600,601,0,477,0,0
2,2,1525,600,16384,1205,0,128
2,2,1289,1286,-16384,1466,0,0
2,2,112,1526,-16384,79,0,0
2,2,1287,1288,16384,1464,0,0
2,2,1288,1289,-32768,1465,0,0
2,2,1287,1286,-32768,1463,1,0
2,2,1288,1287,-16384,1464,1,0
2,2,1289,1288,0,1465,1,0
2,2,1286,1289,16384,1466,1,0
2,2,376,604,0,488,0,0
2,2,604,1121,-16384,1190,0,0
2,2,1527,376,16384,1204,0,80
2,2,1284,1285,-32768,1461,0,0
2,2,601,1527,16384,1204,0,0
2,2,1285,1282,-16384,1462,0,0
2,2,1282,1283,0,1459,0,0
2,2,1283,1284,16384,1460,0,0
2,2,1283,1282,-32768,1459,1,0
2,2,1284,1283,-16384,1460,1,0
2,2,1285,1284,0,1461,1,0
2,2,1282,1285,16384,1462,1,0
2,2,540,541,16384,430,0,0
2,2,541,550,0,1188,0,0
2,2,1293,1290,-16384,1470,0,0
2,2,1121,540,0,1189,0,0
2,2,1300,1301,-32768,1477,0,0
2,2,1517,112,-32768,78,0,192
2,2,1298,1299,0,1475,0,0
2,2,1299,1300,16384,1476,0,0
2,2,1301,1298,-16384,1478,0,0
2,2,1299,1298,-32768,1475,1,0
2,2,1300,1299,-16384,1476,1,0
2,2,1301,1300,0,1477,1,0
2,2,1298,1301,16384,1478,1,0
2,2,365,363,-32768,293,0,0
2,2,221,598,16384,475,0,0
2,2,363,221,-32768,490,1,0
2,2,598,1132,0,1216,0,0
2,2,1132,1273,0,1444,0,0
2,2,1528,221,16384,177,0,128
2,2,366,367,-16384,294,0,0
2,2,221,1529,0,490,0,0
2,2,363,364,-16384,292,0,0
2,2,364,366,-32768,295,0,0
2,2,1529,363,0,490,0,64
2,2,361,362,-32768,291,0,0
2,2,362,599,16384,476,0,0
2,2,1128,361,-16384,1200,0,0
2,2,599,1128,0,1491,1,0
2,2,362,361,0,291,1,0
2,2,1132,598,-32768,1216,1,0
2,2,598,362,16384,1437,0,0
2,2,1269,1270,-16384,1439,0,0
2,2,361,1269,-16384,1440,0,0
2,2,1270,1132,-16384,1447,0,0
2,2,355,352,-16384,286,0,0
2,2,359,355,0,289,0,0
2,2,360,359,16384,290,0,0
2,2,1273,360,16384,1445,0,0
2,2,1270,1269,16384,1439,1,0
2,2,1269,1271,0,1441,0,0
2,2,1271,1272,-16384,1442,0,0
2,2,1272,1270,-32768,1443,0,0
2,2,370,371,0,297,0,0
2,2,369,370,16384,298,0,0
2,2,371,372,-16384,300,0,0
2,2,352,353,0,284,0,0
2,2,353,368,-16384,1215,0,0
2,2,329,330,-16384,269,0,0
2,2,373,1131,16384,1214,0,0
2,2,331,332,-32768,270,0,0
2,2,333,331,-16384,271,0,0
2,2,330,333,0,1211,0,0
2,2,347,348,16384,281,0,0
2,2,375,329,-32768,303,0,0
2,2,379,375,-16384,306,0,0
2,2,348,379,0,1212,0,0
2,2,1131,347,-32768,1213,0,0
2,2,343,380,-16384,307,0,0
2,2,380,381,-32768,308,0,0
2,2,381,384,16384,311,0,0
2,2,368,369,0,296,0,0
2,2,387,365,16384,314,0,0
2,2,384,387,-32768,1208,0,0
2,2,344,342,16384,279,0,0
2,2,1130,344,-32768,1209,0,0
2,2,332,1130,-16384,1210,0,0
2,2,342,343,-32768,278,0,0
2,2,372,373,0,299,0,0
2,2,1530,217,-32768,174,0,320
2,2,218,219,-32768,175,0,0
2,2,219,1531,16384,176,0,0
2,2,217,218,-32768,1223,0,0
2,2,1238,1239,0,1400,0,0
2,2,1531,220,16384,176,0,168
2,2,220,1528,16384,177,0,0
2,2,367,1532,0,1207,0,0
2,2,1240,1238,-16384,1401,0,0
2,2,1129,1533,-16384,1206,0,0
2,2,1532,1129,0,1207,0,24
2,2,1241,1240,-32768,1402,0,0
2,2,1533,386,-16384,1206,0,88
2,2,1239,1241,16384,1403,0,0
2,2,1239,1238,-32768,1400,1,0
2,2,1238,1240,16384,1401,1,0
2,2,1240,1241,0,1402,1,0
2,2,1241,1239,-16384,1403,1,0
2,2,216,1530,-32768,174,0,0
2,2,337,336,0,274,0,0
2,2,336,216,-16384,489,0,0
2,2,338,337,-16384,275,0,0
2,2,374,341,0,302,0,0
2,2,386,385,0,313,0,0
2,2,339,340,0,276,0,0
2,2,341,339,16384,277,0,0
2,2,340,338,-16384,301,0,0
2,2,382,374,-16384,309,0,0
2,2,383,382,0,310,0,0
2,2,385,383,16384,312,0,0
2,2,1534,216,-32768,173,0,112
2,2,334,335,0,272,0,0
2,2,336,334,16384,273,0,0
2,2,216,336,16384,489,1,0
2,2,1306,1307,-16384,1483,0,0
2,2,335,1525,16384,1205,0,0
2,2,1286,1287,0,1463,0,0
2,2,1535,113,-16384,79,0,232
2,2,113,1534,-32768,173,0,0
2,2,1307,1308,0,1484,0,0
2,2,1526,1535,-16384,79,0,64
2,2,1308,1309,16384,1485,0,0
2,2,1309,1306,-32768,1486,0,0
2,2,1307,1306,16384,1483,1,0
2,2,1308,1307,-32768,1484,1,0
2,2,1309,1308,-16384,1485,1,0
2,2,1306,1309,0,1486,1,0
2,2,303,302,-32768,245,0,0
2,2,311,312,0,254,0,0
2,2,302,311,16384,1129,0,0
2,2,312,303,-16384,1130,0,0
2,2,1,306,-32768,249,0,0
2,2,315,10,0,258,0,0
2,2,10,1,-16384,909,1,0
2,2,306,315,16384,1131,0,0
2,2,312,313,6133,255,0,0
2,2,313,314,0,256,0,0
2,2,314,315,-6133,257,0,0
2,2,303,312,16384,1130,1,0
2,2,315,306,-16384,1131,1,0
2,2,304,303,26634,246,0,0
2,2,305,304,-32768,247,0,0
2,2,306,305,-26634,248,0,0
2,2,1458,698,2555,603,0,33
2,2,698,699,-2058,604,0,0
2,2,1452,674,4554,575,0,94
2,2,674,675,0,576,0,0
2,2,675,676,-3355,577,0,0
2,2,118,119,16384,84,0,0
2,2,120,121,16384,85,0,0
2,2,299,118,-32768,241,0,0
2,2,307,308,0,250,0,0
2,2,119,120,16384,556,1,0
2,2,308,299,-16384,1128,0,0
2,2,121,1137,0,1220,0,0
2,2,1137,307,0,1224,0,0
2,2,1137,218,16384,1221,0,0
2,2,217,307,-16384,1222,0,0
2,2,218,217,0,1223,1,0
2,2,307,1137,-32768,1224,1,0
2,2,1193,1454,-16384,1311,0,0
2,2,1455,1194,16384,1312,0,1704
2,2,1194,1195,8192,1313,0,0
2,2,1195,1536,0,1314,0,0
2,2,120,119,-16384,556,0,0
2,2,1536,120,0,1314,0,64
2,2,119,1193,-32768,1315,0,0
2,2,300,299,26634,242,0,0
2,2,301,300,-32768,243,0,0
2,2,302,301,-26634,244,0,0
2,2,308,309,6133,251,0,0
2,2,309,310,0,252,0,0
2,2,310,311,-6133,253,0,0
2,2,299,308,16384,1128,1,0
2,2,311,302,-16384,1129,1,0
