episode,mission,vertex_1,vertex_2,angle,line,side,offset
2,3,29,30,-16384,26,0,0
2,3,31,32,-32768,27,0,0
2,3,670,29,0,686,0,0
2,3,32,689,16384,783,0,0
2,3,810,689,0,709,0,64
2,3,689,32,-16384,783,1,0
2,3,667,668,0,681,0,0
2,3,669,670,-16384,682,0,0
2,3,668,669,0,689,0,0
2,3,689,667,16384,710,0,0
2,3,668,673,16384,687,0,0
2,3,673,674,0,688,0,0
2,3,669,668,-32768,689,1,0
2,3,674,675,-16384,690,0,0
2,3,675,669,-32768,691,0,0
2,3,26,27,-16384,24,0,0
2,3,33,31,16384,28,0,0
2,3,27,556,-32768,501,0,0
2,3,30,26,-16384,504,0,0
2,3,30,545,0,482,0,0
2,3,545,546,-16384,483,0,0
2,3,552,553,-16384,490,0,0
2,3,553,26,-32768,491,0,0
2,3,546,552,-16384,499,0,0
2,3,26,30,16384,504,1,0
2,3,34,33,0,29,0,0
2,3,554,555,-32768,492,0,0
2,3,556,554,-32768,500,0,0
2,3,32,671,-16384,683,0,0
2,3,671,672,-32768,684,0,0
2,3,556,557,-16384,493,0,0
2,3,557,558,-32768,494,0,0
2,3,558,554,16384,495,0,0
2,3,554,556,0,500,1,0
2,3,9,10,-16384,9,0,0
2,3,28,8,16384,25,0,0
2,3,549,28,16384,496,0,0
2,3,10,25,-16384,502,0,0
2,3,84,83,-32768,662,1,0
2,3,8,9,0,665,0,0
2,3,25,749,-16384,807,0,0
2,3,749,84,-16384,808,0,0
2,3,83,750,16384,809,0,0
2,3,750,549,16384,810,0,0
2,3,2,3,0,2,0,0
2,3,3,4,-16384,3,0,0
2,3,5,6,16384,4,0,0
2,3,6,7,0,5,0,0
2,3,8,5,16384,7,0,0
2,3,4,9,-16384,8,0,0
2,3,9,8,-32768,665,1,0
2,3,0,1,0,0,0,0
2,3,1,2,-16384,1,0,0
2,3,7,0,16384,6,0,0
2,3,548,28,0,486,0,0
2,3,549,550,-32768,487,0,0
2,3,28,549,-16384,496,1,0
2,3,550,548,16384,497,0,0
2,3,546,547,0,484,0,0
2,3,551,552,-32768,489,0,0
2,3,547,551,-16384,498,0,0
2,3,552,546,16384,499,1,0
2,3,547,548,0,485,0,0
2,3,550,551,-32768,488,0,0
2,3,548,550,-16384,497,1,0
2,3,551,547,16384,498,1,0
2,3,37,38,8192,31,0,0
2,3,41,39,-32768,33,0,0
2,3,45,46,-32768,36,0,0
2,3,52,49,-32768,43,0,0
2,3,811,37,16384,60,0,432
2,3,38,83,0,73,0,0
2,3,83,84,0,662,0,0
2,3,46,41,-32768,905,0,0
2,3,49,45,-32768,906,0,0
2,3,53,52,-32768,907,0,0
2,3,65,812,0,57,0,0
2,3,67,813,16384,60,0,0
2,3,68,67,24576,61,0,0
2,3,814,75,-32768,67,0,32
2,3,76,68,-32768,68,0,0
2,3,75,76,-32768,663,0,0
2,3,48,47,0,38,0,0
2,3,50,51,0,41,0,0
2,3,58,57,0,49,0,0
2,3,59,58,16384,50,0,0
2,3,815,59,-32768,51,0,160
2,3,57,48,0,901,0,0
2,3,47,50,0,902,0,0
2,3,51,54,0,903,0,0
2,3,816,66,-16384,59,0,16
2,3,813,817,16384,60,0,176
2,3,66,65,-8192,58,0,0
2,3,47,45,16384,37,0,0
2,3,49,50,-16384,40,0,0
2,3,50,47,-32768,902,1,0
2,3,45,49,0,906,1,0
2,3,51,52,16384,42,0,0
2,3,53,54,-16384,44,0,0
2,3,54,51,-32768,903,1,0
2,3,52,53,0,907,1,0
2,3,46,48,-16384,39,0,0
2,3,57,41,16384,48,0,0
2,3,48,57,-32768,901,1,0
2,3,41,46,0,905,1,0
2,3,39,40,-24576,32,0,0
2,3,817,811,16384,60,0,400
2,3,40,816,-16384,59,0,0
2,3,113,93,16384,924,0,0
2,3,92,93,0,81,0,0
2,3,113,114,-32768,94,0,0
2,3,91,92,0,114,0,0
2,3,93,113,-16384,924,1,0
2,3,85,86,-24576,75,0,0
2,3,86,87,-32768,76,0,0
2,3,88,89,0,77,0,0
2,3,90,88,8192,78,0,0
2,3,818,90,16384,79,0,48
2,3,819,85,-16384,814,0,16
2,3,76,75,0,663,1,0
2,3,89,751,16384,811,0,0
2,3,751,76,16384,812,0,0
2,3,75,752,-16384,813,0,0
2,3,752,819,-16384,814,0,0
2,3,91,818,16384,79,0,0
2,3,87,92,-16384,80,0,0
2,3,92,91,-32768,114,1,0
2,3,94,95,0,82,0,0
2,3,95,581,-16384,550,0,0
2,3,93,94,16384,820,0,0
2,3,304,583,-32768,552,0,0
2,3,584,585,0,553,0,0
2,3,583,584,16384,746,0,0
2,3,585,304,-16384,896,0,0
2,3,581,582,-16384,554,0,0
2,3,582,581,16384,554,1,0
2,3,581,584,0,744,0,0
2,3,583,582,-32768,745,0,0
2,3,584,583,-16384,746,1,0
2,3,585,702,11547,739,0,0
2,3,702,703,0,740,0,0
2,3,703,305,-11547,741,0,0
2,3,305,585,-32768,897,0,0
2,3,305,306,-16384,254,0,0
2,3,569,304,-32768,525,1,0
2,3,570,569,-32768,526,1,0
2,3,571,570,-32768,527,1,0
2,3,306,571,-32768,528,1,0
2,3,304,585,16384,896,1,0
2,3,585,305,0,897,1,0
2,3,264,820,0,224,0,0
2,3,821,264,16384,612,0,144
2,3,301,302,16384,251,0,0
2,3,302,575,0,533,0,0
2,3,580,301,-32768,540,0,0
2,3,575,580,-16384,543,0,0
2,3,302,303,16384,252,0,0
2,3,303,572,0,529,0,0
2,3,575,302,-32768,533,1,0
2,3,572,575,-16384,542,0,0
2,3,303,304,16384,253,0,0
2,3,304,569,0,525,0,0
2,3,572,303,-32768,529,1,0
2,3,569,572,-16384,541,0,0
2,3,575,576,0,534,0,0
2,3,579,580,-32768,539,0,0
2,3,580,575,16384,543,1,0
2,3,576,579,-16384,546,0,0
2,3,572,573,0,530,0,0
2,3,576,575,-32768,534,1,0
2,3,575,572,16384,542,1,0
2,3,573,576,-16384,545,0,0
2,3,569,570,0,526,0,0
2,3,573,572,-32768,530,1,0
2,3,572,569,16384,541,1,0
2,3,570,573,-16384,544,0,0
2,3,576,577,0,535,0,0
2,3,578,579,-32768,538,0,0
2,3,579,576,16384,546,1,0
2,3,577,578,-16384,549,0,0
2,3,573,574,0,531,0,0
2,3,577,576,-32768,535,1,0
2,3,576,573,16384,545,1,0
2,3,574,577,-16384,548,0,0
2,3,570,571,0,527,0,0
2,3,574,573,-32768,531,1,0
2,3,573,570,16384,544,1,0
2,3,571,574,-16384,547,0,0
2,3,309,307,-16384,256,0,0
2,3,577,309,0,536,0,0
2,3,307,578,-32768,537,0,0
2,3,578,577,16384,549,1,0
2,3,310,309,-16384,257,0,0
2,3,574,310,0,532,0,0
2,3,309,577,-32768,536,1,0
2,3,577,574,16384,548,1,0
2,3,306,310,-16384,258,0,0
2,3,571,306,0,528,0,0
2,3,310,574,-32768,532,1,0
2,3,574,571,16384,547,1,0
2,3,822,266,-32768,225,0,352
2,3,266,267,24576,226,0,0
2,3,267,821,16384,612,0,0
2,3,604,605,-5911,592,0,0
2,3,606,604,5911,593,0,0
2,3,607,606,18585,594,0,0
2,3,605,761,-18585,831,0,0
2,3,761,607,-32768,832,0,0
2,3,761,605,14182,831,1,0
2,3,605,604,26856,592,1,0
2,3,321,823,16384,266,0,0
2,3,606,607,-14182,594,1,0
2,3,311,312,9059,259,0,0
2,3,322,311,16384,265,1,0
2,3,823,322,16384,266,0,8
2,3,604,606,-26856,593,1,0
2,3,743,744,0,794,0,0
2,3,744,763,0,836,0,0
2,3,763,824,-8804,837,0,0
2,3,312,762,945,842,0,0
2,3,762,743,0,835,0,0
2,3,315,316,21220,261,0,0
2,3,681,682,-31045,699,0,0
2,3,682,315,27014,700,0,0
2,3,607,761,0,832,1,0
2,3,825,681,-25029,841,0,65
2,3,299,300,-16384,250,0,0
2,3,308,299,-16384,559,0,0
2,3,741,742,-32768,791,0,0
2,3,300,741,-32768,797,0,0
2,3,742,793,16384,898,0,0
2,3,793,308,0,900,0,0
2,3,743,741,16384,792,0,0
2,3,300,744,-16384,793,0,0
2,3,744,743,-32768,794,1,0
2,3,741,300,0,797,1,0
2,3,308,586,0,555,0,0
2,3,588,299,-32768,557,0,0
2,3,586,588,-16384,558,1,0
2,3,299,308,16384,559,1,0
2,3,307,308,-16384,255,0,0
2,3,578,307,0,537,1,0
2,3,579,578,0,538,1,0
2,3,580,579,0,539,1,0
2,3,301,580,0,540,1,0
2,3,793,301,16384,899,0,0
2,3,308,793,-32768,900,1,0
2,3,141,142,-16384,119,0,0
2,3,142,143,-24576,120,0,0
2,3,143,826,-32768,121,0,0
2,3,804,803,0,933,0,0
2,3,140,141,-16384,711,0,0
2,3,801,800,24576,930,0,0
2,3,798,799,-24576,928,0,0
2,3,800,798,-32768,929,0,0
2,3,802,801,16384,931,0,0
2,3,803,802,8192,932,0,0
2,3,805,804,-8192,934,0,0
2,3,799,798,8192,928,1,0
2,3,798,800,0,929,1,0
2,3,800,801,-8192,930,1,0
2,3,801,802,-16384,931,1,0
2,3,802,803,-24576,932,1,0
2,3,803,804,-32768,933,1,0
2,3,804,805,24576,934,1,0
2,3,805,799,16384,935,1,0
2,3,311,322,-16384,265,0,0
2,3,141,140,16384,711,1,0
2,3,140,755,0,821,0,0
2,3,755,756,0,822,0,0
2,3,756,311,0,823,0,0
2,3,322,757,-32768,824,0,0
2,3,757,758,-32768,825,0,0
2,3,758,141,-32768,826,0,0
2,3,316,317,24576,262,0,0
2,3,320,321,8192,264,0,0
2,3,317,320,16384,595,0,0
2,3,318,319,16384,263,0,0
2,3,320,317,-16384,595,1,0
2,3,317,759,-32768,827,0,0
2,3,759,318,-32768,828,0,0
2,3,319,760,0,829,0,0
2,3,760,320,0,830,0,0
2,3,101,99,16384,86,0,0
2,3,106,107,-16384,89,0,0
2,3,112,108,16384,93,0,0
2,3,115,116,-16384,95,0,0
2,3,122,118,16384,101,0,0
2,3,125,126,-16384,103,0,0
2,3,132,128,16384,109,0,0
2,3,135,136,-16384,111,0,0
2,3,107,101,-32768,115,0,0
2,3,131,132,16384,913,0,0
2,3,121,122,16384,914,0,0
2,3,111,112,16384,915,0,0
2,3,114,115,-16384,916,0,0
2,3,124,125,-16384,917,0,0
2,3,134,135,-16384,918,0,0
2,3,105,106,-16384,919,0,0
2,3,101,107,0,115,1,0
2,3,102,103,-32768,87,0,0
2,3,117,113,16384,97,0,0
2,3,127,123,16384,105,0,0
2,3,137,133,16384,113,0,0
2,3,582,102,-16384,551,0,0
2,3,103,104,16384,819,0,0
2,3,123,117,16384,925,0,0
2,3,133,127,16384,926,0,0
2,3,104,137,16384,927,0,0
2,3,116,117,0,96,0,0
2,3,123,124,-32768,102,0,0
2,3,117,123,-16384,925,1,0
2,3,126,127,0,104,0,0
2,3,133,134,-32768,110,0,0
2,3,127,133,-16384,926,1,0
2,3,104,105,-32768,88,0,0
2,3,136,137,0,112,0,0
2,3,137,104,-16384,927,1,0
2,3,107,138,0,116,0,0
2,3,138,139,-8192,117,0,0
2,3,139,140,-16384,118,0,0
2,3,157,827,16384,131,0,0
2,3,167,168,16384,138,0,0
2,3,169,167,24576,139,0,0
2,3,170,169,-32768,140,0,0
2,3,171,170,-24576,141,0,0
2,3,172,171,-16384,142,0,0
2,3,168,157,16384,189,0,0
2,3,151,172,-16384,713,0,0
2,3,826,144,-32768,121,0,112
2,3,144,145,24576,122,0,0
2,3,145,146,16384,123,0,0
2,3,146,147,16384,712,0,0
2,3,799,805,-16384,935,0,0
2,3,147,146,-16384,712,1,0
2,3,172,151,16384,713,1,0
2,3,146,767,-32768,846,0,0
2,3,767,768,-32768,847,0,0
2,3,768,172,-32768,848,0,0
2,3,151,769,0,849,0,0
2,3,769,770,0,850,0,0
2,3,770,147,0,851,0,0
2,3,147,148,16384,124,0,0
2,3,148,149,8192,125,0,0
2,3,149,828,0,126,0,0
2,3,97,98,16384,84,0,0
2,3,109,110,-16384,91,0,0
2,3,119,120,-16384,99,0,0
2,3,129,130,-16384,107,0,0
2,3,98,753,0,815,0,0
2,3,754,97,-32768,816,0,0
2,3,753,96,-16384,817,0,0
2,3,100,754,-16384,818,0,0
2,3,130,100,-16384,920,0,0
2,3,120,129,-16384,921,0,0
2,3,110,119,-16384,922,0,0
2,3,96,109,-16384,923,0,0
2,3,96,91,0,83,0,0
2,3,108,109,-32768,90,0,0
2,3,109,96,16384,923,1,0
2,3,110,111,0,92,0,0
2,3,118,119,-32768,98,0,0
2,3,119,110,16384,922,1,0
2,3,120,121,0,100,0,0
2,3,128,129,-32768,106,0,0
2,3,129,120,16384,921,1,0
2,3,99,100,-32768,85,0,0
2,3,130,131,0,108,0,0
2,3,100,130,16384,920,1,0
2,3,828,101,0,126,0,32
2,3,150,151,-16384,127,0,0
2,3,827,158,16384,131,0,160
2,3,152,150,-32768,128,0,0
2,3,829,154,-16384,129,0,48
2,3,154,152,-24576,562,0,0
2,3,164,160,0,135,0,0
2,3,165,164,16384,136,0,0
2,3,166,165,16384,563,0,0
2,3,165,166,-16384,563,1,0
2,3,591,165,0,567,0,0
2,3,166,592,-32768,568,0,0
2,3,592,591,16384,571,0,0
2,3,226,589,16384,564,1,0
2,3,589,590,0,565,0,0
2,3,593,226,-32768,570,0,0
2,3,590,593,-16384,572,0,0
2,3,590,591,0,566,0,0
2,3,592,593,-32768,569,0,0
2,3,591,592,-16384,571,1,0
2,3,593,590,16384,572,1,0
2,3,158,159,-32768,132,0,0
2,3,159,166,16384,137,0,0
2,3,210,700,16384,732,0,0
2,3,700,701,0,733,0,0
2,3,701,220,-16384,734,0,0
2,3,220,210,-32768,735,1,0
2,3,173,174,-16384,143,0,0
2,3,174,175,-24576,144,0,0
2,3,175,830,-32768,145,0,0
2,3,178,179,-16384,147,0,0
2,3,180,178,-8192,148,0,0
2,3,179,173,-16384,577,0,0
2,3,831,680,0,697,0,64
2,3,680,180,0,698,0,0
2,3,157,168,-16384,189,1,0
2,3,173,179,16384,577,1,0
2,3,179,771,0,852,0,0
2,3,771,772,0,853,0,0
2,3,772,157,0,854,0,0
2,3,168,773,-32768,855,0,0
2,3,773,774,-32768,856,0,0
2,3,774,173,-32768,857,0,0
2,3,216,215,24576,180,0,0
2,3,220,221,-1297,184,0,0
2,3,221,222,-8192,185,0,0
2,3,222,223,-15229,186,0,0
2,3,223,559,-21892,508,0,0
2,3,559,832,-25270,509,0,0
2,3,210,220,0,735,0,0
2,3,217,218,9346,181,0,0
2,3,219,217,13270,183,0,0
2,3,225,180,-16384,188,0,0
2,3,680,219,16384,696,0,0
2,3,180,680,-32768,698,1,0
2,3,224,225,-19739,187,0,0
2,3,832,224,-25270,509,0,39
2,3,214,833,-30892,178,0,0
2,3,215,214,31728,179,0,0
2,3,218,216,18106,182,0,0
2,3,830,176,-32768,145,0,176
2,3,176,177,24576,146,0,0
2,3,177,183,16384,150,0,0
2,3,192,193,8192,158,0,0
2,3,193,194,0,159,0,0
2,3,183,192,16384,190,0,0
2,3,194,196,0,576,0,0
2,3,196,831,0,697,0,0
2,3,195,196,-16384,160,0,0
2,3,194,197,16384,161,0,0
2,3,196,194,-32768,576,1,0
2,3,594,597,0,614,1,0
2,3,197,202,-32768,166,0,0
2,3,202,203,24576,167,0,0
2,3,203,834,16384,168,0,0
2,3,198,195,-32768,162,0,0
2,3,199,198,-24576,163,0,0
2,3,835,199,-16384,164,0,112
2,3,181,182,-24576,149,0,0
2,3,184,181,-16384,151,0,0
2,3,182,185,-32768,152,0,0
2,3,185,186,24576,153,0,0
2,3,186,187,16384,154,0,0
2,3,187,188,8192,155,0,0
2,3,189,190,-8192,156,0,0
2,3,190,191,-16384,157,0,0
2,3,191,184,-16384,615,0,0
2,3,188,622,0,621,0,0
2,3,622,623,0,622,0,0
2,3,623,189,0,649,0,0
2,3,192,183,-16384,190,1,0
2,3,184,191,16384,615,1,0
2,3,779,184,-32768,864,0,0
2,3,183,780,-32768,865,0,0
2,3,780,779,-32768,866,0,0
2,3,191,781,0,867,0,0
2,3,781,782,0,868,0,0
2,3,782,192,0,869,0,0
2,3,594,595,16384,573,0,0
2,3,595,596,0,574,0,0
2,3,596,597,-16384,575,0,0
2,3,597,594,-32768,614,0,0
2,3,206,836,16384,171,0,0
2,3,212,211,-16384,176,0,0
2,3,596,595,-32768,574,1,0
2,3,200,835,-16384,164,0,0
2,3,201,200,-8192,165,0,0
2,3,211,201,0,175,0,0
2,3,597,596,16384,575,1,0
2,3,834,204,16384,168,0,48
2,3,204,205,8192,169,0,0
2,3,205,206,0,170,0,0
2,3,595,594,-16384,573,1,0
2,3,623,622,-32768,622,1,0
2,3,622,624,16384,624,0,0
2,3,627,623,-16384,627,0,0
2,3,624,627,0,628,0,0
2,3,624,625,16384,625,0,0
2,3,626,627,-18442,626,0,0
2,3,627,624,-32768,628,1,0
2,3,625,626,-1592,629,0,0
2,3,626,625,31175,629,1,0
2,3,625,837,13828,630,0,0
2,3,635,626,-20352,637,0,0
2,3,837,628,13828,630,0,24
2,3,628,635,-3829,643,0,0
2,3,628,629,12160,631,0,0
2,3,634,635,-22020,636,0,0
2,3,635,628,28938,643,1,0
2,3,629,634,-5151,644,0,0
2,3,629,630,10250,632,0,0
2,3,633,634,-21220,635,0,0
2,3,634,629,27616,644,1,0
2,3,630,633,-5508,645,0,0
2,3,630,631,9346,633,0,0
2,3,632,633,-22517,634,0,0
2,3,633,630,27259,645,1,0
2,3,631,632,-4836,646,0,0
2,3,226,227,-16384,191,0,0
2,3,227,228,-24576,192,0,0
2,3,229,230,24576,193,0,0
2,3,589,226,-16384,564,0,0
2,3,228,617,-32768,616,0,0
2,3,619,229,-32768,618,0,0
2,3,617,619,-32768,623,0,0
2,3,230,676,16384,692,0,0
2,3,679,589,-16384,695,0,0
2,3,690,691,0,714,0,0
2,3,691,679,0,725,0,0
2,3,676,690,0,726,0,0
2,3,836,207,16384,171,0,112
2,3,207,208,12746,172,0,0
2,3,208,209,5826,173,0,0
2,3,209,210,867,174,0,0
2,3,833,213,-30892,178,0,40
2,3,213,212,-19286,177,0,0
2,3,631,637,10747,639,0,0
2,3,638,632,-21220,642,0,0
2,3,632,631,27931,646,1,0
2,3,637,638,-4117,647,0,0
2,3,637,621,10250,640,0,0
2,3,636,638,-21220,641,0,0
2,3,638,637,28650,647,1,0
2,3,621,636,-4449,648,0,0
2,3,617,618,-16384,617,0,0
2,3,620,619,16384,619,0,0
2,3,619,617,0,623,1,0
2,3,618,636,-23963,638,0,0
2,3,636,838,28330,648,1,0
2,3,621,620,9672,620,0,0
2,3,838,621,28285,648,1,70
2,3,659,660,-32768,675,0,0
2,3,718,719,16384,762,0,0
2,3,719,720,0,763,0,0
2,3,660,718,-32768,778,0,0
2,3,720,721,16384,764,0,0
2,3,721,722,0,765,0,0
2,3,732,733,-16384,776,0,0
2,3,661,662,-16384,676,0,0
2,3,733,661,0,777,0,0
2,3,555,651,-16384,666,0,0
2,3,651,652,-32768,667,0,0
2,3,662,663,0,677,0,0
2,3,663,34,0,782,0,0
2,3,663,664,16384,678,0,0
2,3,664,665,0,679,0,0
2,3,672,34,-16384,685,0,0
2,3,34,663,-32768,782,1,0
2,3,665,666,16384,680,0,0
2,3,666,810,0,709,0,0
2,3,724,725,16384,768,0,0
2,3,725,726,0,769,0,0
2,3,726,727,-16384,770,0,0
2,3,839,730,-32768,773,0,128
2,3,727,728,0,771,0,0
2,3,728,729,-16384,772,0,0
2,3,729,839,-32768,773,0,0
2,3,730,731,-16384,774,0,0
2,3,731,732,-32768,775,0,0
2,3,722,723,16384,766,0,0
2,3,723,724,0,767,0,0
2,3,244,243,-16384,205,0,0
2,3,245,244,-8192,206,0,0
2,3,246,245,0,207,0,0
2,3,252,251,0,212,0,0
2,3,253,252,8192,213,0,0
2,3,254,253,16384,214,0,0
2,3,243,254,-32768,506,1,0
2,3,251,246,0,507,0,0
2,3,247,246,-16384,208,0,0
2,3,248,247,-8192,209,0,0
2,3,249,250,8192,210,0,0
2,3,251,249,16384,211,0,0
2,3,250,248,0,505,0,0
2,3,246,251,-32768,507,1,0
2,3,711,712,-32768,755,0,0
2,3,712,713,16384,756,0,0
2,3,734,711,-16384,780,0,0
2,3,713,734,0,781,1,0
2,3,653,654,0,669,0,0
2,3,654,655,-16384,670,0,0
2,3,655,656,-32768,671,0,0
2,3,656,657,16384,672,0,0
2,3,652,653,-16384,668,0,0
2,3,657,658,-32768,673,0,0
2,3,658,659,16384,674,0,0
2,3,713,714,-32768,757,0,0
2,3,714,715,16384,758,0,0
2,3,715,716,0,759,0,0
2,3,710,734,-16384,779,0,0
2,3,734,713,-32768,781,0,0
2,3,707,708,0,752,0,0
2,3,708,709,-16384,753,0,0
2,3,709,710,-32768,754,0,0
2,3,660,707,-16384,751,0,0
2,3,716,717,16384,760,0,0
2,3,717,718,0,761,0,0
2,3,718,660,0,778,1,0
2,3,239,238,-32768,200,0,0
2,3,240,239,-24576,201,0,0
2,3,241,240,-16384,202,0,0
2,3,242,241,-8192,203,0,0
2,3,243,242,0,204,0,0
2,3,255,254,0,215,0,0
2,3,256,255,8192,216,0,0
2,3,257,256,16384,217,0,0
2,3,258,257,24576,218,0,0
2,3,259,258,-32768,219,0,0
2,3,254,243,0,506,0,0
2,3,235,236,-32768,197,0,0
2,3,237,235,-24576,198,0,0
2,3,238,237,-16384,199,0,0
2,3,260,259,16384,220,0,0
2,3,261,260,24576,221,0,0
2,3,262,261,-32768,222,0,0
2,3,236,262,-32768,510,0,0
2,3,153,829,-16384,129,0,0
2,3,155,156,0,130,0,0
2,3,162,163,0,134,0,0
2,3,163,155,0,196,0,0
2,3,156,153,-8192,561,0,0
2,3,155,163,-32768,196,1,0
2,3,262,236,0,510,1,0
2,3,163,775,16384,858,0,0
2,3,775,776,16384,859,0,0
2,3,776,262,16384,860,0,0
2,3,236,777,-16384,861,0,0
2,3,777,778,-16384,862,0,0
2,3,778,155,-16384,863,0,0
2,3,231,232,8192,194,0,0
2,3,233,234,-8192,195,0,0
2,3,232,677,0,693,0,0
2,3,678,233,0,694,0,0
2,3,692,693,-32768,715,0,0
2,3,697,231,16384,722,0,0
2,3,698,692,-32768,723,1,0
2,3,693,697,-32768,728,1,0
2,3,234,698,-16384,731,0,0
2,3,677,678,0,806,0,0
2,3,677,747,16384,803,0,0
2,3,747,748,0,804,0,0
2,3,748,678,-16384,805,0,0
2,3,678,677,-32768,806,1,0
2,3,160,161,16384,133,0,0
2,3,161,162,8192,560,0,0
2,3,691,694,8192,716,0,0
2,3,694,699,0,724,0,0
2,3,679,691,-32768,725,1,0
2,3,699,679,-16384,729,0,0
2,3,695,690,-8192,719,0,0
2,3,676,696,16384,720,0,0
2,3,690,676,-32768,726,1,0
2,3,696,695,0,727,0,0
2,3,694,692,23095,717,0,0
2,3,692,698,0,723,0,0
2,3,699,694,-32768,724,1,0
2,3,698,699,-16384,730,0,0
2,3,693,695,-23095,718,0,0
2,3,696,697,16384,721,0,0
2,3,695,696,-32768,727,1,0
2,3,697,693,0,728,0,0
2,3,347,348,-16384,286,0,0
2,3,361,362,16384,301,0,0
2,3,362,347,0,303,0,0
2,3,348,361,-32768,304,0,0
2,3,336,334,0,276,0,0
2,3,337,336,8192,277,0,0
2,3,341,342,0,281,0,0
2,3,342,343,-8192,282,0,0
2,3,343,347,-16384,285,0,0
2,3,362,337,16384,302,0,0
2,3,347,362,-32768,303,1,0
2,3,334,341,0,579,0,0
2,3,334,335,16384,275,0,0
2,3,333,341,-16384,280,0,0
2,3,341,334,-32768,579,1,0
2,3,335,333,0,580,1,0
2,3,840,841,16384,330,0,32
2,3,508,505,-16384,441,0,0
2,3,525,526,-16384,458,0,0
2,3,533,534,16384,466,0,0
2,3,385,842,-32768,332,0,0
2,3,536,533,0,469,0,0
2,3,539,540,0,472,0,0
2,3,538,539,-16384,471,0,0
2,3,544,541,16384,477,0,0
2,3,535,536,-16384,468,0,0
2,3,540,537,16384,473,0,0
2,3,841,384,16384,330,0,184
2,3,512,509,-16384,445,0,0
2,3,517,518,-16384,450,0,0
2,3,384,385,24576,331,0,0
2,3,328,331,16384,273,0,0
2,3,332,333,-32768,274,0,0
2,3,333,335,-32768,580,0,0
2,3,331,685,8192,704,0,0
2,3,685,686,0,705,0,0
2,3,686,687,-8192,706,0,0
2,3,687,688,-16384,707,0,0
2,3,688,332,-24576,708,0,0
2,3,329,328,16384,738,0,0
2,3,335,735,-32768,784,0,0
2,3,735,736,24576,785,0,0
2,3,736,329,16384,786,0,0
2,3,504,501,-32768,437,0,0
2,3,507,508,-32768,440,0,0
2,3,509,510,0,442,0,0
2,3,513,514,0,446,0,0
2,3,505,506,0,438,0,0
2,3,501,502,-16384,434,0,0
2,3,506,507,16384,439,0,0
2,3,502,503,0,435,0,0
2,3,494,495,-16384,427,0,0
2,3,503,504,16384,436,0,0
2,3,843,379,-16384,336,0,128
2,3,496,493,16384,429,0,0
2,3,379,381,-16384,583,0,0
2,3,493,494,-32768,426,0,0
2,3,499,500,0,432,0,0
2,3,495,496,0,428,0,0
2,3,379,377,0,322,0,0
2,3,380,381,-32768,323,0,0
2,3,381,379,16384,583,1,0
2,3,377,380,-23881,702,0,0
2,3,377,378,-8192,321,0,0
2,3,380,377,8886,702,1,0
2,3,378,844,-16384,882,0,0
2,3,510,511,16384,443,0,0
2,3,516,513,-16384,449,0,0
2,3,511,512,-32768,444,0,0
2,3,518,519,0,451,0,0
2,3,390,845,-16384,336,0,0
2,3,391,390,0,337,0,0
2,3,497,498,-32768,430,0,0
2,3,515,516,-32768,448,0,0
2,3,522,523,0,455,0,0
2,3,498,499,-16384,431,0,0
2,3,514,515,16384,447,0,0
2,3,845,843,-16384,336,0,64
2,3,500,497,16384,433,0,0
2,3,519,520,16384,452,0,0
2,3,521,522,-16384,454,0,0
2,3,527,528,16384,460,0,0
2,3,529,530,-16384,462,0,0
2,3,520,517,-32768,453,0,0
2,3,526,527,0,459,0,0
2,3,846,391,-16384,338,0,64
2,3,523,524,16384,456,0,0
2,3,531,532,16384,464,0,0
2,3,524,521,-32768,457,0,0
2,3,530,531,0,463,0,0
2,3,349,350,-16384,288,0,0
2,3,359,360,16384,299,0,0
2,3,360,349,0,305,0,0
2,3,350,359,-32768,306,0,0
2,3,350,351,-16384,289,0,0
2,3,358,359,16384,298,0,0
2,3,359,350,0,306,1,0
2,3,351,358,-32768,307,1,0
2,3,348,349,-16384,287,0,0
2,3,360,361,16384,300,0,0
2,3,361,348,0,304,1,0
2,3,349,360,-32768,305,1,0
2,3,381,382,-16384,328,0,0
2,3,382,383,-32768,329,0,0
2,3,383,840,16384,330,0,0
2,3,373,375,-32768,326,1,0
2,3,844,789,-16384,882,0,112
2,3,789,373,-16384,883,0,0
2,3,375,790,16384,884,0,0
2,3,790,380,16384,885,0,0
2,3,647,648,0,658,0,0
2,3,648,649,-16384,659,0,0
2,3,649,650,-32768,660,0,0
2,3,650,647,16384,661,0,0
2,3,847,848,-32768,315,0,64
2,3,650,649,0,660,1,0
2,3,369,847,-32768,315,0,0
2,3,849,369,-16384,317,0,64
2,3,649,648,16384,659,1,0
2,3,848,370,-32768,315,0,512
2,3,370,371,16384,316,0,0
2,3,376,850,16384,320,0,0
2,3,371,376,16384,325,0,0
2,3,647,650,-16384,661,1,0
2,3,372,849,-16384,317,0,0
2,3,373,372,0,318,0,0
2,3,374,375,0,319,0,0
2,3,850,374,16384,320,0,64
2,3,375,373,0,326,0,0
2,3,648,647,-32768,658,1,0
2,3,351,352,-16384,290,0,0
2,3,357,358,16384,297,0,0
2,3,358,351,0,307,0,0
2,3,352,357,-32768,308,0,0
2,3,353,354,-16384,292,0,0
2,3,355,356,16384,295,0,0
2,3,356,353,0,309,0,0
2,3,354,355,-32768,310,0,0
2,3,352,353,-16384,291,0,0
2,3,356,357,16384,296,0,0
2,3,357,352,0,308,1,0
2,3,353,356,-32768,309,1,0
2,3,338,339,24576,278,0,0
2,3,340,338,-32768,279,0,0
2,3,344,345,-24576,283,0,0
2,3,345,346,-32768,284,0,0
2,3,354,344,-16384,293,0,0
2,3,339,355,16384,294,0,0
2,3,355,354,0,310,1,0
2,3,346,340,-32768,578,0,0
2,3,340,346,0,578,1,0
2,3,851,785,16384,874,0,48
2,3,785,340,16384,875,0,0
2,3,346,786,-16384,876,0,0
2,3,363,364,-32768,311,0,0
2,3,365,366,0,312,0,0
2,3,367,363,-24576,313,0,0
2,3,364,851,16384,874,0,0
2,3,366,368,8192,314,0,0
2,3,376,371,-16384,325,1,0
2,3,368,787,0,878,0,0
2,3,787,376,0,879,0,0
2,3,371,788,-32768,880,0,0
2,3,788,367,-32768,881,0,0
2,3,786,365,-16384,877,0,0
2,3,292,290,0,243,0,0
2,3,852,295,-32768,247,0,192
2,3,295,296,24576,248,0,0
2,3,296,738,16384,788,0,0
2,3,738,297,16384,795,0,0
2,3,740,739,-16384,796,0,0
2,3,739,765,-16384,840,0,0
2,3,765,825,-25029,841,0,0
2,3,738,739,-32768,789,0,0
2,3,740,297,0,790,0,0
2,3,297,738,-16384,795,1,0
2,3,739,740,16384,796,1,0
2,3,853,822,-32768,225,0,32
2,3,269,854,0,228,0,0
2,3,72,263,0,223,0,0
2,3,820,73,0,224,0,32
2,3,73,72,0,327,0,0
2,3,263,268,-16384,613,0,0
2,3,268,269,-8192,227,0,0
2,3,277,278,0,233,0,0
2,3,285,293,-16384,245,0,0
2,3,297,298,16384,249,0,0
2,3,278,614,-16384,605,0,0
2,3,298,277,16384,798,0,0
2,3,614,279,-16384,843,0,0
2,3,279,285,-16384,936,0,0
2,3,587,588,16384,556,0,0
2,3,588,586,16384,558,0,0
2,3,277,298,-16384,798,1,0
2,3,586,745,16384,799,0,0
2,3,298,587,-32768,833,0,0
2,3,745,277,0,834,0,0
2,3,313,314,-14325,260,0,0
2,3,824,313,-8804,837,0,72
2,3,314,764,-15516,838,0,0
2,3,764,740,-16384,839,0,0
2,3,280,608,0,596,0,0
2,3,608,609,0,602,0,0
2,3,706,284,-32768,750,0,0
2,3,284,280,16384,937,0,0
2,3,279,280,0,234,0,0
2,3,284,285,-32768,237,0,0
2,3,285,279,16384,936,1,0
2,3,280,284,-16384,937,1,0
2,3,289,288,-16384,241,0,0
2,3,290,291,16384,242,0,0
2,3,291,289,0,611,0,0
2,3,293,292,-8192,244,0,0
2,3,616,615,-32768,610,0,0
2,3,705,616,-16384,748,0,0
2,3,615,706,16384,749,0,0
2,3,291,615,16384,608,0,0
2,3,616,289,-16384,609,0,0
2,3,615,616,0,610,1,0
2,3,289,291,-32768,611,1,0
2,3,612,611,0,600,0,0
2,3,610,613,-32768,601,0,0
2,3,613,612,16384,606,0,0
2,3,611,610,-24576,607,0,0
2,3,608,610,16384,598,0,0
2,3,611,609,-16384,599,0,0
2,3,609,608,-32768,602,1,0
2,3,610,611,8192,607,1,0
2,3,278,612,0,603,0,0
2,3,613,614,-32768,604,0,0
2,3,614,278,16384,605,1,0
2,3,612,613,-16384,606,1,0
2,3,323,324,0,267,0,0
2,3,325,326,-32768,268,0,0
2,3,324,325,-16384,736,0,0
2,3,265,853,-32768,225,0,0
2,3,326,784,-16384,872,0,0
2,3,327,328,0,270,0,0
2,3,329,330,-32768,271,0,0
2,3,330,327,16384,737,0,0
2,3,328,329,-16384,738,1,0
2,3,324,327,0,269,0,0
2,3,330,325,-32768,272,0,0
2,3,325,324,16384,736,1,0
2,3,327,330,-16384,737,1,0
2,3,854,270,0,228,0,80
2,3,270,271,-8192,229,0,0
2,3,271,783,-16384,870,0,0
2,3,783,323,-16384,871,0,0
2,3,855,386,-32768,332,0,304
2,3,386,387,24576,333,0,0
2,3,387,856,16384,334,0,0
2,3,542,543,-16384,475,0,0
2,3,842,855,-32768,332,0,240
2,3,543,544,0,476,0,0
2,3,273,274,-16384,231,0,0
2,3,275,276,16384,232,0,0
2,3,286,282,16384,238,0,0
2,3,274,294,-24576,246,0,0
2,3,294,857,-32768,247,0,0
2,3,276,273,0,324,0,0
2,3,282,275,16384,938,0,0
2,3,609,281,0,597,0,0
2,3,283,705,-32768,747,0,0
2,3,281,283,-16384,939,0,0
2,3,281,275,0,235,0,0
2,3,282,283,-32768,236,0,0
2,3,275,282,-16384,938,1,0
2,3,283,281,16384,939,1,0
2,3,287,286,8192,239,0,0
2,3,857,852,-32768,247,0,128
2,3,288,287,0,240,0,0
2,3,272,265,16384,230,0,0
2,3,273,276,-32768,324,1,0
2,3,766,273,-16384,844,0,0
2,3,276,272,-32768,845,0,0
2,3,784,766,-16384,873,0,0
2,3,639,640,8192,650,0,0
2,3,640,641,0,651,0,0
2,3,641,642,-8192,652,0,0
2,3,642,643,-16384,653,0,0
2,3,643,644,-24576,654,0,0
2,3,644,645,-32768,655,0,0
2,3,645,646,24576,656,0,0
2,3,646,639,16384,657,0,0
2,3,646,645,-8192,656,1,0
2,3,644,643,8192,654,1,0
2,3,642,641,24576,652,1,0
2,3,640,639,-24576,650,1,0
2,3,643,642,16384,653,1,0
2,3,795,796,-16384,911,0,0
2,3,807,808,-16384,950,0,0
2,3,858,14,0,13,0,16
2,3,641,640,-32768,651,1,0
2,3,21,77,-32768,69,0,0
2,3,77,78,-32768,524,0,0
2,3,645,644,0,655,1,0
2,3,11,12,16384,11,0,0
2,3,12,13,8192,12,0,0
2,3,13,858,0,13,0,0
2,3,22,23,24576,21,0,0
2,3,23,24,16384,22,0,0
2,3,78,22,-32768,70,0,0
2,3,24,11,16384,503,0,0
2,3,639,646,-16384,657,1,0
2,3,10,11,0,10,0,0
2,3,24,25,-32768,23,0,0
2,3,25,10,16384,502,1,0
2,3,11,24,-16384,503,1,0
2,3,16,19,-16384,523,0,0
2,3,794,795,-32768,909,0,0
2,3,808,809,0,949,0,0
2,3,14,15,-8192,14,0,0
2,3,15,859,-16384,15,0,0
2,3,806,807,-32768,948,0,0
2,3,859,16,-16384,15,0,80
2,3,809,806,16384,951,0,0
2,3,807,806,0,948,1,0
2,3,809,808,-32768,949,1,0
2,3,808,807,16384,950,1,0
2,3,806,809,-16384,951,1,0
2,3,860,20,-16384,19,0,32
2,3,20,21,-24576,20,0,0
2,3,796,797,0,910,0,0
2,3,19,860,-16384,19,0,0
2,3,797,794,16384,912,0,0
2,3,795,794,0,909,1,0
2,3,797,796,-32768,910,1,0
2,3,796,795,16384,911,1,0
2,3,794,797,-16384,912,1,0
2,3,566,567,-16384,520,0,0
2,3,861,598,0,584,0,96
2,3,862,566,-10250,587,0,38
2,3,567,601,-22517,588,0,0
2,3,601,602,-32768,589,0,0
2,3,602,603,24576,590,0,0
2,3,568,565,16384,522,0,0
2,3,565,861,0,584,0,0
2,3,603,568,-32768,591,0,0
2,3,598,599,8192,585,0,0
2,3,599,600,0,586,0,0
2,3,600,862,-10250,587,0,0
2,3,16,17,0,16,0,0
2,3,17,18,-16384,17,0,0
2,3,18,19,-32768,18,0,0
2,3,19,16,16384,523,1,0
2,3,18,17,16384,17,1,0
2,3,17,565,0,519,0,0
2,3,568,18,-32768,521,0,0
2,3,565,568,-16384,522,1,0
2,3,415,416,16384,353,0,0
2,3,436,437,-16384,374,0,0
2,3,416,435,0,479,0,0
2,3,435,436,-16384,944,0,0
2,3,451,452,16384,389,0,0
2,3,478,863,-16384,413,0,0
2,3,452,478,0,511,0,0
2,3,437,451,0,388,0,0
2,3,470,471,-32768,408,0,0
2,3,425,415,0,359,0,0
2,3,420,427,-32768,361,0,0
2,3,426,449,16384,385,0,0
2,3,449,450,0,386,0,0
2,3,450,425,-16384,387,0,0
2,3,410,411,16384,350,0,0
2,3,413,414,-16384,352,0,0
2,3,411,413,0,478,0,0
2,3,454,410,16384,940,0,0
2,3,414,426,0,360,0,0
2,3,430,417,-32768,366,0,0
2,3,35,36,-8192,30,0,0
2,3,36,864,-16384,62,0,0
2,3,84,35,0,74,0,0
2,3,455,453,-16384,391,0,0
2,3,456,455,0,392,0,0
2,3,865,456,16384,393,0,312
2,3,453,454,0,390,0,0
2,3,409,460,-32768,397,0,0
2,3,79,80,24576,71,0,0
2,3,78,77,0,524,1,0
2,3,866,79,-32768,701,0,256
2,3,791,81,-16384,891,0,0
2,3,77,791,-16384,892,0,0
2,3,80,792,16384,893,0,0
2,3,792,78,16384,894,0,0
2,3,81,82,0,72,0,0
2,3,82,867,-16384,373,0,0
2,3,412,866,-32768,701,0,0
2,3,411,412,16384,351,0,0
2,3,416,413,-32768,358,0,0
2,3,867,435,-16384,373,0,128
2,3,413,411,-32768,478,1,0
2,3,435,416,-32768,479,1,0
2,3,419,420,16384,355,0,0
2,3,423,424,16384,357,0,0
2,3,438,439,-16384,375,0,0
2,3,440,441,-16384,376,0,0
2,3,442,400,-16384,377,0,0
2,3,399,445,16384,381,0,0
2,3,400,399,-32768,480,0,0
2,3,471,438,-16384,945,0,0
2,3,468,440,-16384,946,0,0
2,3,473,442,-16384,947,0,0
2,3,467,468,-32768,405,0,0
2,3,439,469,0,406,0,0
2,3,479,475,-16384,742,0,0
2,3,469,470,16384,407,0,0
2,3,863,479,-16384,413,0,128
2,3,466,467,16384,404,0,0
2,3,474,472,16384,410,0,0
2,3,475,476,-16384,411,0,0
2,3,476,560,-32768,512,0,0
2,3,560,474,-32768,518,0,0
2,3,441,466,0,403,0,0
2,3,472,473,-32768,409,0,0
2,3,868,869,0,339,0,96
2,3,528,525,-32768,461,0,0
2,3,532,529,-32768,465,0,0
2,3,534,535,-32768,467,0,0
2,3,537,538,-32768,470,0,0
2,3,400,401,-16384,344,0,0
2,3,401,402,-24576,345,0,0
2,3,402,870,-32768,346,0,0
2,3,399,400,0,480,1,0
2,3,560,561,-16384,513,0,0
2,3,871,564,-32768,516,0,48
2,3,564,474,16384,517,0,0
2,3,474,560,0,518,1,0
2,3,561,562,0,514,0,0
2,3,562,563,-16384,515,0,0
2,3,563,871,-32768,516,0,0
2,3,483,484,-16384,417,0,0
2,3,484,485,-24576,418,0,0
2,3,481,483,11547,952,0,0
2,3,481,482,16384,415,0,0
2,3,482,483,0,416,0,0
2,3,483,481,-21220,952,1,0
2,3,392,846,-16384,338,0,0
2,3,869,392,0,339,0,544
2,3,485,486,-27353,419,0,0
2,3,486,487,-32768,420,0,0
2,3,487,488,27931,421,0,0
2,3,480,481,0,414,0,0
2,3,488,489,24576,422,0,0
2,3,489,490,16384,423,0,0
2,3,490,491,8192,424,0,0
2,3,491,492,4836,425,0,0
2,3,746,480,-16384,801,0,0
2,3,492,746,0,802,0,0
2,3,477,475,-32768,412,0,0
2,3,475,479,16384,742,1,0
2,3,479,704,0,743,0,0
2,3,704,872,-16384,895,0,0
2,3,477,737,-1297,787,0,0
2,3,737,746,-16384,800,0,0
2,3,746,492,-32768,802,1,0
2,3,492,477,16384,890,0,0
2,3,737,477,31470,787,1,0
2,3,872,737,-16384,895,0,64
2,3,64,63,8192,56,0,0
2,3,873,69,-16384,62,0,256
2,3,69,70,-24576,63,0,0
2,3,70,71,-32768,64,0,0
2,3,74,814,-32768,67,0,0
2,3,71,74,-32768,664,0,0
2,3,44,42,24576,35,0,0
2,3,864,873,-16384,62,0,112
2,3,42,43,-32768,34,0,0
2,3,56,53,-32768,47,0,0
2,3,43,56,-32768,908,0,0
2,3,63,44,16384,55,0,0
2,3,54,55,0,45,0,0
2,3,60,815,-32768,51,0,0
2,3,61,62,0,53,0,0
2,3,62,60,-16384,54,0,0
2,3,55,61,0,904,0,0
2,3,812,64,0,57,0,368
2,3,55,56,16384,46,0,0
2,3,43,61,-16384,52,0,0
2,3,61,55,-32768,904,1,0
2,3,56,43,0,908,1,0
2,3,71,72,-16384,65,0,0
2,3,73,74,16384,66,0,0
2,3,72,73,-32768,327,1,0
2,3,74,71,0,664,1,0
2,3,856,388,16384,334,0,112
2,3,388,389,8192,335,0,0
2,3,393,868,0,339,0,0
2,3,541,542,-32768,474,0,0
2,3,389,393,0,582,0,0
2,3,393,389,-32768,582,1,0
2,3,683,684,0,703,0,0
2,3,389,683,16384,886,0,0
2,3,684,393,-16384,887,0,0
2,3,394,395,24576,340,0,0
2,3,395,396,16384,341,0,0
2,3,396,397,0,342,0,0
2,3,398,399,0,343,0,0
2,3,870,403,-32768,346,0,112
2,3,397,398,0,481,1,0
2,3,403,394,-32768,581,0,0
2,3,394,403,0,581,1,0
2,3,684,683,-32768,703,1,0
2,3,683,394,16384,888,0,0
2,3,403,684,-16384,889,0,0
2,3,404,405,16384,347,0,0
2,3,406,407,16384,348,0,0
2,3,408,409,16384,349,0,0
2,3,417,418,-16384,354,0,0
2,3,421,422,-16384,356,0,0
2,3,443,398,-16384,378,0,0
2,3,398,397,-32768,481,0,0
2,3,462,408,16384,941,0,0
2,3,465,406,16384,942,0,0
2,3,397,404,16384,943,0,0
2,3,457,865,16384,393,0,0
2,3,458,457,-32768,394,0,0
2,3,459,458,-16384,395,0,0
2,3,460,461,-16384,398,0,0
2,3,463,464,-16384,401,0,0
2,3,461,462,0,399,0,0
2,3,407,463,-32768,400,0,0
2,3,405,459,-32768,396,0,0
2,3,464,465,0,402,0,0
2,3,432,423,0,369,0,0
2,3,422,433,0,370,0,0
2,3,444,443,-32768,379,0,0
2,3,445,446,-32768,380,0,0
2,3,446,447,-16384,382,0,0
2,3,447,448,-32768,383,0,0
2,3,448,444,16384,384,0,0
2,3,431,432,-16384,368,0,0
2,3,433,434,16384,371,0,0
2,3,418,429,0,364,0,0
2,3,434,421,-32768,372,0,0
2,3,427,428,-16384,362,0,0
2,3,429,430,16384,365,0,0
2,3,428,419,0,363,0,0
2,3,424,431,-32768,367,0,0
