episode,mission,vertex_1,vertex_2,angle,line,side,offset
2,5,16,20,0,184,0,0
2,5,1109,16,0,186,0,40
2,5,20,190,0,187,0,0
2,5,909,913,-16384,1058,0,0
2,5,190,909,-16384,1062,0,0
2,5,909,910,0,1051,0,0
2,5,912,913,-32768,1053,0,0
2,5,910,912,-16384,1057,0,0
2,5,913,909,16384,1058,1,0
2,5,911,912,-32768,1054,0,0
2,5,910,907,0,1055,0,0
2,5,907,911,-16384,1056,1,0
2,5,912,910,16384,1057,1,0
2,5,183,186,-32768,990,0,0
2,5,186,1110,-32768,1034,0,0
2,5,898,183,-32768,1035,0,0
2,5,913,898,-16384,1061,0,0
2,5,183,184,-16384,179,0,0
2,5,184,185,-32768,180,0,0
2,5,185,186,16384,181,0,0
2,5,186,183,0,990,1,0
2,5,55,54,-32768,59,1,0
2,5,185,184,0,180,1,0
2,5,54,185,16384,182,0,0
2,5,184,55,-16384,183,0,0
2,5,1111,165,8192,160,0,90
2,5,165,168,0,162,0,0
2,5,168,172,-16384,165,0,0
2,5,84,85,-16384,71,0,0
2,5,181,182,-32768,178,0,0
2,5,182,191,16384,188,0,0
2,5,191,908,16384,1059,0,0
2,5,85,181,-16384,1138,0,0
2,5,907,908,0,1050,0,0
2,5,191,911,-32768,1052,0,0
2,5,911,907,16384,1056,0,0
2,5,908,191,-16384,1059,1,0
2,5,187,188,0,185,0,0
2,5,908,187,16384,1060,0,0
2,5,188,84,-16384,1131,0,0
2,5,960,961,16384,1132,0,0
2,5,961,1112,0,1133,0,0
2,5,1113,960,-32768,1135,0,16
2,5,84,188,16384,1131,1,0
2,5,961,960,-16384,1132,1,0
2,5,960,84,-32768,1136,0,0
2,5,188,961,0,1137,0,0
2,5,63,1114,-32768,50,0,0
2,5,1115,55,0,59,0,128
2,5,55,63,-21592,1284,0,0
2,5,164,1111,8192,160,0,0
2,5,166,1116,-32768,161,0,0
2,5,169,170,-16384,163,0,0
2,5,171,164,16384,164,0,0
2,5,170,166,-24576,717,0,0
2,5,1069,1117,-8804,1296,0,0
2,5,55,56,-6711,44,0,0
2,5,64,63,27131,51,0,0
2,5,63,55,11175,1284,1,0
2,5,56,64,-25188,1285,0,0
2,5,56,57,-10747,45,0,0
2,5,65,64,22020,52,0,0
2,5,64,56,7579,1285,1,0
2,5,57,65,-30212,1286,0,0
2,5,57,58,-16384,46,0,0
2,5,67,65,16384,58,0,0
2,5,65,57,2555,1286,1,0
2,5,58,67,31045,1287,0,0
2,5,1117,1070,-8804,1296,0,48
2,5,1070,1118,-23948,1297,0,0
2,5,1118,1071,-23980,1297,0,52
2,5,58,59,-22020,47,0,0
2,5,66,67,10747,53,0,0
2,5,67,58,-1722,1287,1,0
2,5,59,66,25873,1288,0,0
2,5,1119,163,0,159,0,51
2,5,163,171,8192,718,0,0
2,5,81,1120,16384,67,0,0
2,5,82,1119,0,159,0,0
2,5,1116,167,-32768,161,0,160
2,5,167,81,-32768,504,0,0
2,5,68,66,5414,54,0,0
2,5,1120,68,16384,67,0,128
2,5,59,82,-16384,68,0,0
2,5,66,59,-6894,1288,1,0
2,5,173,169,-32768,166,0,0
2,5,174,173,-16384,167,0,0
2,5,172,174,-16384,176,0,0
2,5,1071,1072,-32768,1298,0,0
2,5,1072,1067,24576,1299,0,0
2,5,1121,77,0,63,0,44
2,5,1122,78,-16384,65,0,64
2,5,78,667,-24576,716,0,0
2,5,667,1123,-32768,910,0,0
2,5,69,70,-5414,55,0,0
2,5,77,50,16384,64,0,0
2,5,70,1122,-16384,65,0,0
2,5,50,69,6894,1279,0,0
2,5,50,51,22020,40,0,0
2,5,71,69,-10747,56,0,0
2,5,69,50,-25873,1279,1,0
2,5,51,71,1722,1280,0,0
2,5,1124,1121,0,63,0,32
2,5,51,52,16384,41,0,0
2,5,61,71,-16384,57,0,0
2,5,71,51,-31045,1280,1,0
2,5,52,61,-2555,1281,0,0
2,5,52,1125,10779,42,0,0
2,5,61,52,30212,1281,1,0
2,5,1065,1064,16384,1291,0,0
2,5,1067,1065,-32768,1293,0,0
2,5,71,61,16384,57,1,0
2,5,61,1064,-4836,1289,0,0
2,5,1065,71,-27931,1290,0,0
2,5,1064,1065,-16384,1291,1,0
2,5,1125,53,10737,42,0,21
2,5,53,60,-7579,1282,0,0
2,5,53,54,6711,43,0,0
2,5,62,60,-27131,49,0,0
2,5,60,53,25188,1282,1,0
2,5,54,62,-11175,1283,0,0
2,5,54,1115,0,59,0,0
2,5,62,54,21592,1283,1,0
2,5,60,61,-22020,48,0,0
2,5,1114,62,-32768,50,0,16
2,5,1064,1066,0,1292,0,0
2,5,1066,1068,8192,1294,0,0
2,5,1068,1069,0,1295,0,0
2,5,486,488,-16384,521,0,0
2,5,488,541,-32768,582,0,0
2,5,871,486,0,987,0,0
2,5,541,871,16384,989,0,0
2,5,479,486,-8192,519,0,0
2,5,871,872,16384,979,0,0
2,5,872,479,0,986,0,0
2,5,486,871,-32768,987,1,0
2,5,478,479,-16384,511,0,0
2,5,872,873,16384,980,0,0
2,5,873,478,0,985,0,0
2,5,479,872,-32768,986,1,0
2,5,474,478,-16384,510,0,0
2,5,873,874,16384,981,0,0
2,5,874,474,0,984,0,0
2,5,478,873,-32768,985,1,0
2,5,473,474,-16384,507,0,0
2,5,874,870,16384,982,0,0
2,5,870,473,0,983,0,0
2,5,474,874,-32768,984,1,0
2,5,473,870,-32768,983,1,0
2,5,472,892,0,1017,0,0
2,5,892,473,-16384,1018,0,0
2,5,488,486,16384,521,1,0
2,5,498,488,-32768,531,0,0
2,5,486,495,0,532,0,0
2,5,495,498,-16384,535,0,0
2,5,495,496,0,529,0,0
2,5,497,498,-32768,530,0,0
2,5,498,495,16384,535,1,0
2,5,496,497,-16384,589,0,0
2,5,496,544,0,585,0,0
2,5,545,497,-32768,586,0,0
2,5,497,496,16384,589,1,0
2,5,544,545,-16384,1020,0,0
2,5,1126,545,-32768,587,0,152
2,5,544,1127,0,599,0,0
2,5,545,544,16384,1020,1,0
2,5,555,556,16384,597,0,0
2,5,556,554,0,598,0,0
2,5,850,851,-16384,931,0,0
2,5,851,555,-32768,932,0,0
2,5,554,1128,8192,596,0,0
2,5,485,487,0,520,0,0
2,5,489,485,16384,522,0,0
2,5,542,489,-32768,583,0,0
2,5,487,542,-16384,988,0,0
2,5,485,489,-16384,522,1,0
2,5,490,485,0,523,0,0
2,5,489,491,-32768,524,0,0
2,5,491,490,16384,533,0,0
2,5,480,484,0,517,0,0
2,5,485,480,8192,518,0,0
2,5,487,485,-32768,520,1,0
2,5,484,487,-16384,974,0,0
2,5,480,477,16384,512,0,0
2,5,477,483,0,516,0,0
2,5,484,480,-32768,517,1,0
2,5,483,484,-16384,977,0,0
2,5,477,475,16384,509,0,0
2,5,475,482,0,515,0,0
2,5,483,477,-32768,516,1,0
2,5,482,483,-16384,976,0,0
2,5,475,476,16384,508,0,0
2,5,476,481,0,514,0,0
2,5,482,475,-32768,515,1,0
2,5,481,482,-16384,975,0,0
2,5,471,472,0,513,0,0
2,5,481,476,-32768,514,1,0
2,5,870,481,-32768,978,0,0
2,5,891,471,0,1016,0,0
2,5,476,891,16384,1019,0,0
2,5,470,469,0,502,0,0
2,5,471,470,16384,505,0,0
2,5,469,472,-16384,506,0,0
2,5,472,471,-32768,513,1,0
2,5,467,81,16384,498,0,0
2,5,167,468,-16384,499,0,0
2,5,468,467,-32768,503,0,0
2,5,81,167,0,504,1,0
2,5,468,469,-16384,500,0,0
2,5,470,467,16384,501,0,0
2,5,469,470,-32768,502,1,0
2,5,467,468,0,503,1,0
2,5,604,603,-32768,673,0,0
2,5,673,674,16384,728,0,0
2,5,679,604,-16384,736,0,0
2,5,674,679,0,737,0,0
2,5,603,673,16384,738,0,0
2,5,601,603,16384,651,0,0
2,5,604,605,-16384,652,0,0
2,5,605,601,-32768,672,0,0
2,5,603,604,0,673,1,0
2,5,600,601,16384,649,0,0
2,5,605,602,-16384,653,0,0
2,5,602,600,-32768,671,0,0
2,5,601,605,0,672,1,0
2,5,1129,1130,-20956,711,0,282
2,5,572,574,16384,617,0,0
2,5,575,573,16384,618,0,0
2,5,606,575,-32768,654,0,0
2,5,616,617,-16384,675,0,0
2,5,617,615,-32768,676,0,0
2,5,678,677,0,734,0,0
2,5,574,678,0,735,0,0
2,5,607,606,16384,655,0,0
2,5,615,614,-16384,662,0,0
2,5,675,676,-16384,729,0,0
2,5,677,675,0,732,0,0
2,5,676,616,-32768,733,0,0
2,5,674,673,-16384,728,1,0
2,5,676,675,16384,729,1,0
2,5,675,674,0,730,0,0
2,5,673,676,-32768,731,0,0
2,5,351,352,11547,373,0,0
2,5,346,345,11547,370,1,0
2,5,352,351,-21220,373,1,0
2,5,345,352,0,375,0,0
2,5,351,346,-32768,973,0,0
2,5,352,1131,12493,677,0,0
2,5,347,348,-15086,371,0,0
2,5,348,1132,-16384,380,0,0
2,5,869,347,-12415,971,0,0
2,5,348,347,17681,371,1,0
2,5,868,869,-16384,967,0,0
2,5,346,868,-20352,968,0,0
2,5,866,867,16384,966,0,0
2,5,867,351,12415,969,0,0
2,5,350,866,20352,970,0,0
2,5,347,350,0,972,0,0
2,5,349,350,21220,372,0,0
2,5,355,356,-14325,377,0,0
2,5,356,349,-32768,588,0,0
2,5,350,349,-11547,372,1,0
2,5,349,348,-32768,374,0,0
2,5,353,354,-16384,376,0,0
2,5,1131,1133,12493,677,0,64
2,5,354,355,-16384,1178,0,0
2,5,570,571,-16384,610,0,0
2,5,354,570,0,614,0,0
2,5,571,355,-32768,616,0,0
2,5,355,354,16384,1178,1,0
2,5,568,569,16384,609,0,0
2,5,569,572,0,613,0,0
2,5,573,568,-32768,615,0,0
2,5,569,568,-16384,609,1,0
2,5,571,570,16384,610,1,0
2,5,570,569,0,611,0,0
2,5,568,571,-32768,612,0,0
2,5,1130,353,-20956,711,0,451
2,5,0,1,-16384,0,0,0
2,5,1134,5,16384,2,0,64
2,5,6,0,0,3,0,0
2,5,1,863,-16384,959,0,0
2,5,865,2,-16384,961,0,0
2,5,863,865,-16384,962,0,0
2,5,179,6,16384,1024,0,0
2,5,175,176,16384,168,0,0
2,5,176,179,0,172,0,0
2,5,5,175,-32768,174,0,0
2,5,177,178,-16384,169,0,0
2,5,172,177,0,173,0,0
2,5,178,174,-32768,175,0,0
2,5,174,172,16384,176,1,0
2,5,176,175,-16384,168,1,0
2,5,178,177,16384,169,1,0
2,5,177,176,0,170,0,0
2,5,175,178,-32768,171,0,0
2,5,1112,962,0,1133,0,32
2,5,962,963,-16384,1134,0,0
2,5,963,1113,-32768,1135,0,0
2,5,342,1135,16384,368,0,0
2,5,345,346,-21220,370,0,0
2,5,1136,345,-16384,379,0,128
2,5,862,342,16384,958,0,0
2,5,341,864,16384,960,0,0
2,5,864,862,16384,963,0,0
2,5,1,342,0,367,0,0
2,5,342,862,-16384,958,1,0
2,5,863,1,16384,959,1,0
2,5,862,863,-32768,964,0,0
2,5,341,2,-32768,366,0,0
2,5,864,341,-16384,960,1,0
2,5,2,865,16384,961,1,0
2,5,865,864,0,965,0,0
2,5,559,560,0,603,0,0
2,5,560,561,-16384,604,0,0
2,5,561,578,-16384,630,0,0
2,5,549,850,-32768,930,0,0
2,5,852,550,-32768,933,0,0
2,5,582,583,-16384,623,0,0
2,5,561,582,0,627,0,0
2,5,583,578,-32768,629,0,0
2,5,578,561,16384,630,1,0
2,5,581,580,-16384,622,1,0
2,5,583,582,16384,623,1,0
2,5,582,581,0,624,0,0
2,5,580,583,-32768,625,0,0
2,5,546,1126,-32768,587,0,0
2,5,1137,546,-16384,591,0,64
2,5,1127,557,0,599,0,40
2,5,547,548,0,590,0,0
2,5,548,1137,-16384,591,0,0
2,5,557,547,16384,600,0,0
2,5,548,547,-32768,590,1,0
2,5,547,549,24576,592,0,0
2,5,550,548,-24576,593,0,0
2,5,578,579,-16384,621,0,0
2,5,579,853,-32768,934,0,0
2,5,853,852,16384,935,0,0
2,5,586,584,-32768,634,0,0
2,5,587,586,-16384,635,0,0
2,5,584,585,16384,663,0,0
2,5,585,587,0,664,1,0
2,5,584,577,-32768,632,0,0
2,5,576,585,0,633,0,0
2,5,585,584,-16384,663,1,0
2,5,577,576,16384,674,0,0
2,5,585,588,16384,636,0,0
2,5,589,587,-16384,637,0,0
2,5,587,585,-32768,664,0,0
2,5,588,589,0,665,1,0
2,5,562,563,8192,605,0,0
2,5,564,565,24576,606,0,0
2,5,566,564,-32768,607,0,0
2,5,563,567,0,608,0,0
2,5,567,576,-8192,619,0,0
2,5,577,566,-24576,620,0,0
2,5,565,562,16384,631,0,0
2,5,576,577,-16384,674,1,0
2,5,580,581,16384,622,0,0
2,5,581,562,0,626,0,0
2,5,565,580,-32768,628,0,0
2,5,562,565,-16384,631,1,0
2,5,596,598,16384,646,0,0
2,5,598,600,0,648,0,0
2,5,597,596,-32768,669,0,0
2,5,600,597,-16384,670,1,0
2,5,594,596,16384,644,0,0
2,5,597,595,-16384,645,0,0
2,5,595,594,-32768,668,0,0
2,5,596,597,0,669,1,0
2,5,599,597,-32768,647,0,0
2,5,602,599,-16384,650,0,0
2,5,597,600,16384,670,0,0
2,5,600,602,0,671,1,0
2,5,592,594,16384,642,0,0
2,5,595,593,-16384,643,0,0
2,5,593,592,-32768,667,0,0
2,5,594,595,0,668,1,0
2,5,590,592,16384,640,0,0
2,5,593,591,-16384,641,0,0
2,5,591,590,-32768,666,0,0
2,5,592,593,0,667,1,0
2,5,588,590,16384,638,0,0
2,5,591,589,-16384,639,0,0
2,5,589,588,-32768,665,0,0
2,5,590,591,0,666,1,0
2,5,551,552,16384,594,0,0
2,5,552,553,0,595,0,0
2,5,553,558,-16384,601,0,0
2,5,2,3,-16384,1,0,0
2,5,4,1134,16384,2,0,0
2,5,3,4,-32768,957,0,0
2,5,344,341,16384,369,0,0
2,5,1132,358,-16384,380,0,48
2,5,358,344,-32768,381,0,0
2,5,1128,551,8192,596,0,147
2,5,558,559,-8192,602,0,0
2,5,608,607,0,656,0,0
2,5,609,608,16384,657,0,0
2,5,610,609,-32768,658,0,0
2,5,611,612,-32768,659,0,0
2,5,613,611,-16384,660,0,0
2,5,614,613,0,661,0,0
2,5,612,994,-32768,1179,0,0
2,5,994,995,-32768,1180,0,0
2,5,995,610,-32768,1181,0,0
2,5,23,24,-16384,16,0,0
2,5,957,958,16384,1127,0,0
2,5,49,86,-32768,73,0,0
2,5,86,88,16384,76,0,0
2,5,88,1138,8192,77,0,0
2,5,1139,41,8192,30,1,34
2,5,1138,88,-24576,77,1,34
2,5,24,23,16384,16,1,0
2,5,23,1139,8192,30,1,0
2,5,86,24,-32768,72,0,0
2,5,88,86,-16384,76,1,0
2,5,956,957,0,1126,0,0
2,5,1045,1046,16384,1254,0,0
2,5,1046,1047,-32768,1255,0,0
2,5,1047,1044,-16384,1256,0,0
2,5,958,959,-32768,1128,0,0
2,5,959,956,-16384,1129,0,0
2,5,957,956,-32768,1126,1,0
2,5,958,957,-16384,1127,1,0
2,5,959,958,0,1128,1,0
2,5,956,959,16384,1129,1,0
2,5,11,12,-32768,6,0,0
2,5,13,14,-32768,7,0,0
2,5,14,21,16384,34,0,0
2,5,24,11,-16384,36,0,0
2,5,12,13,-32768,69,0,0
2,5,1044,1045,0,1253,0,0
2,5,48,49,16384,37,0,0
2,5,1140,48,-32768,1022,0,320
2,5,16,17,16384,9,0,0
2,5,19,20,-16384,11,0,0
2,5,17,19,0,14,0,0
2,5,20,16,-32768,184,1,0
2,5,15,13,16384,8,0,0
2,5,12,18,-16384,10,0,0
2,5,13,12,0,69,1,0
2,5,18,15,-32768,1130,0,0
2,5,18,19,-16384,12,0,0
2,5,17,15,16384,13,0,0
2,5,19,17,-32768,14,1,0
2,5,15,18,0,1130,1,0
2,5,953,954,16384,1123,0,0
2,5,1040,1041,0,1249,0,0
2,5,1042,1043,-32768,1251,0,0
2,5,1141,23,0,1271,0,128
2,5,1041,1042,16384,1250,0,0
2,5,1043,1040,-16384,1252,0,0
2,5,1041,1040,-32768,1249,1,0
2,5,1042,1041,-16384,1250,1,0
2,5,1043,1042,0,1251,1,0
2,5,1040,1043,16384,1252,1,0
2,5,1142,22,16384,15,0,224
2,5,954,955,-32768,1124,0,0
2,5,22,1141,0,1271,0,0
2,5,21,1142,16384,15,0,0
2,5,955,952,-16384,1125,0,0
2,5,952,953,0,1122,0,0
2,5,953,952,-32768,1122,1,0
2,5,954,953,-16384,1123,1,0
2,5,955,954,0,1124,1,0
2,5,952,955,16384,1125,1,0
2,5,41,23,-24576,30,0,0
2,5,1036,1037,0,1245,0,0
2,5,23,22,-32768,1271,1,0
2,5,1037,1038,16384,1246,0,0
2,5,1039,1036,-16384,1248,0,0
2,5,1037,1036,-32768,1245,1,0
2,5,1038,1037,-16384,1246,1,0
2,5,1039,1038,0,1247,1,0
2,5,1036,1039,16384,1248,1,0
2,5,126,122,27931,126,0,0
2,5,121,122,16384,108,0,0
2,5,126,121,-32768,125,0,0
2,5,122,126,-4836,126,1,0
2,5,120,121,16384,107,0,0
2,5,126,125,-16384,112,0,0
2,5,125,120,-32768,124,0,0
2,5,121,126,0,125,1,0
2,5,119,120,16384,106,0,0
2,5,125,124,-16384,111,0,0
2,5,124,119,-32768,123,0,0
2,5,120,125,0,124,1,0
2,5,118,119,16384,105,0,0
2,5,124,123,-16384,110,0,0
2,5,123,118,-32768,122,0,0
2,5,119,124,0,123,1,0
2,5,26,118,16384,104,0,0
2,5,123,27,-16384,109,0,0
2,5,118,123,0,122,1,0
2,5,1038,1039,-32768,1247,0,0
2,5,1143,26,0,17,0,64
2,5,105,106,0,95,0,0
2,5,106,1144,-16384,96,0,0
2,5,1145,100,0,97,0,40
2,5,112,143,-32768,139,0,0
2,5,144,115,-32768,140,0,0
2,5,1144,107,-16384,96,0,152
2,5,107,110,-32768,99,0,0
2,5,110,111,16384,955,0,0
2,5,117,1146,-32768,103,0,0
2,5,116,117,-16384,953,0,0
2,5,111,112,26856,100,0,0
2,5,115,116,-27259,102,0,0
2,5,145,146,0,141,0,0
2,5,147,148,0,142,0,0
2,5,148,149,-5289,143,0,0
2,5,150,145,5289,144,0,0
2,5,261,262,-32768,261,0,0
2,5,262,150,16384,954,0,0
2,5,149,261,-16384,956,0,0
2,5,141,142,0,138,0,0
2,5,142,147,-16384,363,0,0
2,5,146,141,16384,364,0,0
2,5,113,114,-32768,101,0,0
2,5,143,113,-16384,362,0,0
2,5,114,144,16384,365,0,0
2,5,114,113,0,101,1,0
2,5,142,141,-32768,138,1,0
2,5,113,142,-16384,145,0,0
2,5,141,114,16384,146,0,0
2,5,122,140,-32768,136,0,0
2,5,140,102,-32768,137,0,0
2,5,102,1147,3796,190,0,0
2,5,97,1148,-32768,86,0,0
2,5,1149,97,-3791,191,0,358
2,5,1147,102,-28971,190,1,359
2,5,97,1149,28976,191,1,0
2,5,100,101,16384,88,0,0
2,5,104,105,-16384,90,0,0
2,5,101,104,0,93,0,0
2,5,99,97,16384,87,0,0
2,5,102,103,-16384,89,0,0
2,5,103,99,-32768,94,0,0
2,5,103,104,-16384,91,0,0
2,5,101,99,16384,92,0,0
2,5,104,101,-32768,93,1,0
2,5,99,103,0,94,1,0
2,5,44,45,-16384,33,0,0
2,5,45,91,-32768,79,0,0
2,5,946,44,0,1100,0,0
2,5,44,946,-32768,1100,1,0
2,5,947,948,0,1102,0,0
2,5,946,947,16384,1105,0,0
2,5,948,44,-16384,1106,0,0
2,5,685,681,16384,743,0,0
2,5,686,685,-32768,1101,0,0
2,5,685,686,0,1101,1,0
2,5,948,947,-32768,1102,1,0
2,5,947,685,16384,1103,0,0
2,5,686,948,-16384,1104,0,0
2,5,1135,343,16384,368,0,64
2,5,343,357,0,378,0,0
2,5,357,1136,-16384,379,0,0
2,5,622,623,-16384,680,0,0
2,5,623,624,-32768,681,0,0
2,5,624,625,16384,682,0,0
2,5,625,626,4836,683,0,0
2,5,627,628,-4836,684,0,0
2,5,628,629,-16384,685,0,0
2,5,626,627,0,1028,0,0
2,5,629,622,-16384,1183,0,0
2,5,652,1150,11547,701,0,0
2,5,1151,655,-32768,702,0,40
2,5,650,651,11547,699,0,0
2,5,651,652,0,700,0,0
2,5,627,626,-32768,1028,1,0
2,5,655,1105,-16384,1345,0,0
2,5,1105,627,-16384,1346,0,0
2,5,626,1106,16384,1347,0,0
2,5,1106,650,16384,1348,0,0
2,5,1152,684,-16384,742,0,256
2,5,684,686,-32768,744,0,0
2,5,1138,89,8192,77,0,237
2,5,89,90,2470,78,0,0
2,5,90,91,0,80,0,0
2,5,91,893,-16384,1021,0,0
2,5,893,1140,-32768,1022,0,0
2,5,91,90,-32768,80,1,0
2,5,89,1138,-24576,77,1,0
2,5,90,42,16384,1097,0,0
2,5,41,42,2555,31,1,0
2,5,90,89,-30297,78,1,0
2,5,42,90,-16384,1097,1,0
2,5,42,41,-30212,31,0,0
2,5,42,944,0,1098,0,0
2,5,311,310,16384,356,0,0
2,5,310,339,0,360,0,0
2,5,340,311,-32768,361,0,0
2,5,309,139,-16384,357,0,0
2,5,138,309,0,1118,0,0
2,5,309,310,0,317,0,0
2,5,311,139,-32768,318,0,0
2,5,310,311,-16384,356,1,0
2,5,139,309,16384,357,1,0
2,5,27,28,0,18,0,0
2,5,28,42,-16384,38,0,0
2,5,139,126,-29412,135,0,0
2,5,681,340,24576,740,0,0
2,5,944,945,16384,1099,0,0
2,5,945,946,0,1107,0,0
2,5,668,643,-16384,720,0,0
2,5,642,669,16384,721,0,0
2,5,670,671,0,1030,0,0
2,5,643,642,-32768,1033,1,0
2,5,644,645,16384,696,0,0
2,5,669,644,-32768,722,0,0
2,5,645,670,0,723,0,0
2,5,654,1151,-32768,702,0,0
2,5,663,654,-20746,712,0,0
2,5,648,649,0,698,0,0
2,5,649,895,-16384,1031,0,0
2,5,896,648,16384,1032,0,0
2,5,895,896,-32768,1121,0,0
2,5,1153,663,-32768,708,0,24
2,5,671,670,-32768,1030,1,0
2,5,670,896,16384,1119,0,0
2,5,895,671,-16384,1120,0,0
2,5,896,895,0,1121,1,0
2,5,656,657,-32768,703,0,0
2,5,657,658,20746,704,0,0
2,5,1154,661,-11547,707,0,71
2,5,658,1153,-32768,708,0,0
2,5,659,660,-11547,705,0,0
2,5,661,659,0,706,0,0
2,5,646,647,-16384,697,0,0
2,5,647,668,-32768,719,0,0
2,5,671,646,0,724,0,0
2,5,640,641,-32768,1029,1,0
2,5,660,1107,-16384,1349,0,0
2,5,1107,640,-16384,1350,0,0
2,5,641,1108,16384,1351,0,0
2,5,1108,656,16384,1352,0,0
2,5,618,619,16384,678,0,0
2,5,620,621,-16384,679,0,0
2,5,621,1129,-20956,711,0,0
2,5,619,620,0,1027,0,0
2,5,631,632,0,713,0,0
2,5,620,619,-32768,1027,1,0
2,5,631,642,16384,694,0,0
2,5,643,632,-16384,695,0,0
2,5,632,631,-32768,713,1,0
2,5,642,643,0,1033,0,0
2,5,1133,618,12493,677,0,120
2,5,622,629,16384,1183,1,0
2,5,629,1101,0,1337,0,0
2,5,1101,630,0,1338,0,0
2,5,619,1102,-32768,1339,0,0
2,5,1102,622,-32768,1340,0,0
2,5,630,631,8192,686,0,0
2,5,634,635,16384,688,0,0
2,5,636,637,16384,689,0,0
2,5,638,636,-32768,690,0,0
2,5,639,638,-16384,691,0,0
2,5,640,639,-4836,692,0,0
2,5,635,641,4836,693,0,0
2,5,641,640,0,1029,0,0
2,5,637,634,16384,1182,0,0
2,5,634,637,-16384,1182,1,0
2,5,633,1103,0,1341,0,0
2,5,1103,634,0,1342,0,0
2,5,637,1104,-32768,1343,0,0
2,5,1104,620,-32768,1344,0,0
2,5,632,633,-8192,687,0,0
2,5,248,249,16384,242,0,0
2,5,252,251,-16384,245,0,0
2,5,251,248,-32768,256,0,0
2,5,1155,252,0,259,0,192
2,5,247,248,16384,241,0,0
2,5,251,250,-16384,244,0,0
2,5,250,247,-32768,255,0,0
2,5,248,251,0,256,1,0
2,5,212,247,16384,240,0,0
2,5,250,219,-16384,243,0,0
2,5,219,212,-32768,254,0,0
2,5,247,250,0,255,1,0
2,5,211,212,16384,209,0,0
2,5,219,218,-16384,215,0,0
2,5,218,211,-32768,253,0,0
2,5,212,219,0,254,1,0
2,5,210,211,16384,208,0,0
2,5,218,217,-16384,214,0,0
2,5,217,210,-32768,252,0,0
2,5,211,218,0,253,1,0
2,5,690,691,8192,749,0,0
2,5,691,692,0,750,0,0
2,5,692,689,-8192,751,0,0
2,5,209,210,16384,207,0,0
2,5,217,216,-16384,213,0,0
2,5,216,209,-32768,251,0,0
2,5,210,217,0,252,1,0
2,5,208,209,16384,206,0,0
2,5,216,215,-16384,212,0,0
2,5,215,208,-32768,250,0,0
2,5,209,216,0,251,1,0
2,5,207,208,16384,205,0,0
2,5,215,213,-16384,211,0,0
2,5,213,207,-32768,249,0,0
2,5,208,215,0,250,1,0
2,5,689,688,-16384,747,0,0
2,5,687,690,16384,748,0,0
2,5,205,207,16384,204,0,0
2,5,213,214,-16384,210,0,0
2,5,214,205,-32768,248,0,0
2,5,207,213,0,249,1,0
2,5,682,687,24576,745,0,0
2,5,688,683,-24576,746,0,0
2,5,136,137,0,133,0,0
2,5,137,138,-16384,134,0,0
2,5,1156,136,3796,190,0,470
2,5,136,1156,-28971,190,1,0
2,5,194,136,0,193,0,0
2,5,204,203,-32768,201,0,0
2,5,214,204,-16384,216,0,0
2,5,205,214,0,248,1,0
2,5,203,194,-16384,200,0,0
2,5,680,682,16384,741,0,0
2,5,683,1152,-16384,742,0,0
2,5,339,680,8192,739,0,0
2,5,662,1154,-11547,707,0,0
2,5,665,662,0,710,0,0
2,5,664,665,0,906,0,0
2,5,822,823,0,892,0,0
2,5,823,824,-16384,893,0,0
2,5,824,825,-32768,894,0,0
2,5,825,822,16384,895,0,0
2,5,822,825,-16384,895,1,0
2,5,1157,1158,16384,896,0,8
2,5,825,824,0,894,1,0
2,5,664,1157,16384,896,0,0
2,5,1159,664,-32768,906,1,16
2,5,824,823,16384,893,1,0
2,5,1160,665,-16384,897,0,8
2,5,665,1159,-32768,906,1,0
2,5,823,822,-32768,892,1,0
2,5,1158,826,16384,896,0,16
2,5,827,1160,-16384,897,0,0
2,5,826,827,0,902,0,0
2,5,829,830,-24576,899,0,0
2,5,830,828,-32768,901,0,0
2,5,833,834,0,907,0,0
2,5,834,987,-8192,1168,0,0
2,5,987,829,-16384,1169,0,0
2,5,826,828,16384,898,0,0
2,5,830,827,-16384,900,0,0
2,5,828,830,0,901,1,0
2,5,827,826,-32768,902,1,0
2,5,1150,653,11547,701,0,71
2,5,977,978,8192,1157,0,0
2,5,991,992,-16384,1174,0,0
2,5,992,993,-32768,1175,0,0
2,5,993,977,16384,1176,0,0
2,5,653,664,0,709,0,0
2,5,828,831,24576,903,0,0
2,5,831,832,16384,904,0,0
2,5,832,833,8192,905,0,0
2,5,979,980,-8192,1158,0,0
2,5,980,988,-16384,1170,0,0
2,5,988,989,-32768,1171,0,0
2,5,989,990,16384,1172,0,0
2,5,973,974,0,1153,0,0
2,5,974,975,-16384,1154,0,0
2,5,975,976,-32768,1155,0,0
2,5,976,973,16384,1156,0,0
2,5,973,976,-16384,1156,1,0
2,5,975,974,16384,1154,1,0
2,5,974,973,-32768,1153,1,0
2,5,978,979,0,1163,0,0
2,5,976,975,0,1155,1,0
2,5,990,991,-32768,1173,0,0
2,5,990,989,-16384,1172,1,0
2,5,991,990,0,1173,1,0
2,5,992,991,16384,1174,1,0
2,5,989,992,-32768,1177,0,0
2,5,982,983,-24576,1160,0,0
2,5,983,981,-32768,1162,0,0
2,5,981,984,24576,1164,0,0
2,5,984,985,8192,1165,0,0
2,5,985,986,0,1166,0,0
2,5,986,982,-8192,1167,0,0
2,5,978,981,16384,1159,0,0
2,5,983,979,-16384,1161,0,0
2,5,981,983,0,1162,1,0
2,5,979,978,-32768,1163,1,0
2,5,263,264,16384,262,0,0
2,5,269,268,-16384,277,0,0
2,5,267,270,16384,276,0,0
2,5,267,268,-32768,266,0,0
2,5,269,270,0,267,0,0
2,5,270,267,-16384,276,1,0
2,5,268,269,16384,277,1,0
2,5,265,266,-16384,263,0,0
2,5,264,263,-16384,262,1,0
2,5,266,265,16384,263,1,0
2,5,263,266,-32768,264,0,0
2,5,265,264,0,265,0,0
2,5,239,240,0,233,0,0
2,5,243,244,-32768,236,0,0
2,5,240,239,-32768,233,1,0
2,5,244,243,0,236,1,0
2,5,239,244,16384,237,0,0
2,5,243,240,-16384,238,0,0
2,5,244,245,-32768,235,0,0
2,5,245,265,-16384,268,0,0
2,5,238,239,0,231,0,0
2,5,264,238,16384,275,0,0
2,5,242,243,-32768,234,0,0
2,5,301,302,0,309,0,0
2,5,270,242,16384,271,0,0
2,5,240,241,0,232,0,0
2,5,241,269,-16384,272,0,0
2,5,1161,267,16384,270,0,32
2,5,222,223,-24576,218,0,0
2,5,268,222,-16384,273,0,0
2,5,1061,220,16384,1274,0,0
2,5,227,1162,-32768,221,0,0
2,5,228,227,-31470,222,0,0
2,5,229,228,-16384,223,0,0
2,5,230,229,-8886,224,0,0
2,5,266,230,-16384,269,0,0
2,5,220,221,24576,217,0,0
2,5,221,263,16384,274,0,0
2,5,1163,1149,-3791,191,0,342
2,5,1149,1163,28976,191,1,180
2,5,1164,1060,0,1272,0,184
2,5,1060,1061,2058,1273,0,0
2,5,1147,1156,3796,190,0,179
2,5,1156,1147,-28971,190,1,68
2,5,195,196,0,194,0,0
2,5,231,232,8886,225,0,0
2,5,233,231,16384,226,0,0
2,5,234,233,31470,227,0,0
2,5,235,234,-32768,228,0,0
2,5,236,235,-16384,229,0,0
2,5,277,278,0,284,0,0
2,5,232,1161,16384,270,0,0
2,5,223,1062,-16384,1275,0,0
2,5,1062,195,-2058,1276,0,0
2,5,196,202,15732,199,0,0
2,5,202,205,0,202,0,0
2,5,237,236,-24576,230,0,0
2,5,279,280,16384,286,0,0
2,5,359,360,0,382,0,0
2,5,360,237,-16384,387,0,0
2,5,278,279,8192,285,0,0
2,5,280,281,24576,287,0,0
2,5,281,282,-32768,288,0,0
2,5,282,283,-24576,289,0,0
2,5,283,284,-16384,290,0,0
2,5,284,277,-8192,291,0,0
2,5,288,289,0,294,0,0
2,5,289,359,-16384,388,0,0
2,5,290,291,0,295,0,0
2,5,289,290,0,304,0,0
2,5,360,359,-32768,382,1,0
2,5,291,360,-16384,386,0,0
2,5,359,289,16384,388,1,0
2,5,249,258,-32768,258,0,0
2,5,259,1155,0,259,0,0
2,5,298,299,-32768,305,0,0
2,5,300,298,-32768,308,0,0
2,5,299,875,16384,991,0,0
2,5,876,877,0,992,0,0
2,5,877,878,-16384,993,0,0
2,5,878,300,-16384,994,0,0
2,5,875,876,16384,995,0,0
2,5,290,289,-32768,304,1,0
2,5,299,298,0,305,1,0
2,5,289,299,16384,306,0,0
2,5,298,290,-16384,307,0,0
2,5,303,304,16384,311,0,0
2,5,258,672,-16384,726,0,0
2,5,672,288,-16384,727,0,0
2,5,271,259,10250,278,0,0
2,5,275,271,16384,282,0,0
2,5,304,305,24576,312,0,0
2,5,302,303,8192,310,0,0
2,5,305,306,-32768,313,0,0
2,5,306,307,-24576,314,0,0
2,5,307,308,-16384,315,0,0
2,5,308,301,-8192,316,0,0
2,5,274,836,0,911,0,0
2,5,837,276,0,912,0,0
2,5,836,837,0,928,0,0
2,5,273,274,-8192,281,0,0
2,5,276,275,8192,283,0,0
2,5,842,844,-32768,921,0,0
2,5,844,845,24576,922,0,0
2,5,845,846,16384,923,0,0
2,5,846,847,0,924,0,0
2,5,847,848,-16384,925,0,0
2,5,848,849,-23421,926,0,0
2,5,849,843,-32768,927,0,0
2,5,843,842,-32768,929,0,0
2,5,840,841,-32768,914,0,0
2,5,841,842,16384,917,0,0
2,5,843,840,-16384,920,0,0
2,5,842,843,0,929,1,0
2,5,838,839,0,913,0,0
2,5,836,838,16384,915,0,0
2,5,839,837,-16384,918,0,0
2,5,837,836,-32768,928,1,0
2,5,839,838,-32768,913,1,0
2,5,841,840,0,914,1,0
2,5,838,841,16384,916,0,0
2,5,840,839,-16384,919,0,0
2,5,499,500,-32768,536,0,0
2,5,501,502,0,537,0,0
2,5,500,509,-32768,542,0,0
2,5,502,499,-16384,566,0,0
2,5,509,938,-32768,1090,0,0
2,5,507,501,-16384,540,0,0
2,5,1165,507,0,941,0,64
2,5,533,534,-16384,565,0,0
2,5,499,502,16384,566,1,0
2,5,502,533,0,568,0,0
2,5,534,499,-32768,573,0,0
2,5,1166,447,-32768,480,0,848
2,5,515,1167,0,575,0,0
2,5,447,543,16384,584,0,0
2,5,543,515,0,1236,0,0
2,5,513,514,-32768,545,0,0
2,5,861,513,-16384,951,0,0
2,5,1168,937,16384,1087,0,8
2,5,937,861,0,1089,0,0
2,5,514,515,-16384,546,0,0
2,5,936,1168,16384,1087,0,0
2,5,515,1169,-32768,1236,1,0
2,5,1170,936,0,1088,0,456
2,5,1169,543,-32768,1236,1,56
2,5,937,936,-16384,1087,1,0
2,5,936,1170,-32768,1088,1,0
2,5,939,1171,16384,1091,1,0
2,5,509,861,-16384,950,0,0
2,5,861,937,-32768,1089,1,0
2,5,938,509,0,1090,1,0
2,5,1171,938,16384,1091,1,56
2,5,1172,1173,16384,547,0,64
2,5,543,859,-32768,947,0,0
2,5,935,1170,0,1088,0,0
2,5,516,1172,16384,547,0,0
2,5,524,516,-32768,552,0,0
2,5,859,524,-16384,946,0,0
2,5,1173,1174,16384,547,0,184
2,5,1175,935,-16384,1086,0,200
2,5,518,519,16384,548,0,0
2,5,519,1165,0,941,0,0
2,5,938,939,-16384,1091,0,0
2,5,939,1176,-32768,1092,0,0
2,5,521,523,-16384,551,0,0
2,5,1177,940,-32768,1092,0,320
2,5,940,1178,16384,1093,0,0
2,5,539,540,-32768,578,0,0
2,5,915,539,-16384,1064,0,0
2,5,540,535,16384,1240,0,0
2,5,523,518,0,579,0,0
2,5,1176,1177,-32768,1092,0,64
2,5,520,521,-16384,549,0,0
2,5,1178,1179,16384,1093,0,192
2,5,535,536,16384,576,0,0
2,5,914,915,-16384,1065,0,0
2,5,521,520,16384,549,1,0
2,5,536,535,-16384,576,1,0
2,5,535,521,-32768,1237,0,0
2,5,520,536,0,1238,0,0
2,5,1180,1175,16384,1086,1,8
2,5,1179,940,-16384,1093,1,192
2,5,935,1180,16384,1086,1,0
2,5,1170,935,-32768,1088,1,8
2,5,940,939,0,1092,1,0
2,5,856,857,0,944,0,0
2,5,857,858,-16384,945,0,0
2,5,886,856,16384,1007,0,0
2,5,1181,426,-32768,463,0,16
2,5,426,1182,16384,1269,0,0
2,5,1183,517,16384,547,0,768
2,5,884,885,-16384,1005,0,0
2,5,517,884,0,1008,0,0
2,5,885,884,16384,1005,1,0
2,5,886,885,-32768,1006,1,0
2,5,856,886,-16384,1007,1,0
2,5,884,856,0,1009,0,0
2,5,1174,1183,16384,547,0,448
2,5,934,1175,-16384,1086,0,0
2,5,511,1184,-16384,544,0,0
2,5,858,511,0,952,0,0
2,5,885,886,0,1006,0,0
2,5,933,934,-32768,1085,0,0
2,5,525,526,16384,553,0,0
2,5,1185,525,-32768,942,0,448
2,5,1186,942,0,1094,0,384
2,5,942,943,-16384,1095,0,0
2,5,522,520,-16384,550,0,0
2,5,1179,941,16384,1093,0,256
2,5,941,1187,0,1094,0,0
2,5,537,538,0,577,0,0
2,5,538,914,-16384,1063,0,0
2,5,536,537,16384,1239,0,0
2,5,526,522,-32768,580,0,0
2,5,1187,1186,0,1094,0,128
2,5,1188,1189,0,1085,1,8
2,5,942,941,-32768,1094,1,0
2,5,934,1188,0,1085,1,0
2,5,1175,934,16384,1086,1,264
2,5,941,1179,-16384,1093,1,0
2,5,1190,1185,-32768,942,0,320
2,5,943,510,0,1096,0,0
2,5,1184,512,-16384,544,0,120
2,5,932,933,16384,1083,0,0
2,5,1191,932,-32768,1084,0,64
2,5,512,855,0,943,0,0
2,5,855,860,-16384,948,0,0
2,5,860,1191,-32768,1084,0,0
2,5,860,510,-16384,949,0,0
2,5,932,860,0,1084,1,0
2,5,510,1192,-32768,1096,1,0
2,5,933,932,-16384,1083,1,0
2,5,1189,933,0,1085,1,456
2,5,943,942,16384,1095,1,0
2,5,1192,943,-32768,1096,1,120
2,5,503,504,-32768,538,0,0
2,5,505,506,0,539,0,0
2,5,510,505,0,543,0,0
2,5,506,503,-16384,556,0,0
2,5,504,508,-16384,541,0,0
2,5,508,1190,-32768,942,0,0
2,5,529,530,-16384,555,0,0
2,5,503,506,16384,556,1,0
2,5,506,529,0,558,0,0
2,5,530,503,-32768,563,0,0
2,5,491,492,-32768,525,0,0
2,5,493,490,0,526,0,0
2,5,490,491,-16384,533,1,0
2,5,492,493,16384,534,0,0
2,5,494,493,0,527,0,0
2,5,492,446,-32768,528,0,0
2,5,493,492,-16384,534,1,0
2,5,446,494,16384,581,0,0
2,5,446,1166,-32768,480,0,0
2,5,1167,494,0,575,0,432
2,5,494,446,-16384,581,1,0
2,5,459,458,8192,490,0,0
2,5,465,464,-32768,495,0,0
2,5,457,466,0,496,0,0
2,5,466,465,-16384,497,0,0
2,5,460,459,0,491,0,0
2,5,462,463,16384,493,0,0
2,5,464,462,24576,494,0,0
2,5,461,460,-8192,492,0,0
2,5,812,813,16384,872,0,0
2,5,813,816,0,877,0,0
2,5,817,812,-32768,878,0,0
2,5,463,817,-32768,881,0,0
2,5,816,461,0,882,0,0
2,5,814,815,-16384,873,0,0
2,5,442,438,16384,874,1,0
2,5,438,814,0,875,0,0
2,5,815,442,-32768,880,0,0
2,5,813,812,-16384,872,1,0
2,5,815,814,16384,873,1,0
2,5,814,813,0,876,0,0
2,5,812,815,-32768,879,0,0
2,5,440,1193,16384,477,0,0
2,5,444,445,16384,479,0,0
2,5,445,440,16384,567,0,0
2,5,1194,444,-32768,574,0,168
2,5,1022,1023,-16384,1214,0,0
2,5,442,443,-16384,478,0,0
2,5,443,1194,-32768,574,0,0
2,5,1017,1018,8192,1209,0,0
2,5,438,442,-16384,874,0,0
2,5,1018,1019,16384,1210,0,0
2,5,1016,1017,0,1208,0,0
2,5,1019,1020,24576,1211,0,0
2,5,1020,1021,-32768,1212,0,0
2,5,1021,1022,-24576,1213,0,0
2,5,1023,1016,-8192,1215,0,0
2,5,531,532,16384,564,0,0
2,5,440,445,-16384,567,1,0
2,5,532,440,0,570,0,0
2,5,445,531,-32768,571,0,0
2,5,532,531,-16384,564,1,0
2,5,534,533,16384,565,1,0
2,5,533,532,0,569,0,0
2,5,531,534,-32768,572,0,0
2,5,434,435,-16384,472,0,0
2,5,439,425,16384,476,0,0
2,5,1193,441,16384,477,0,64
2,5,441,439,16384,557,0,0
2,5,1014,1015,-16384,1206,0,0
2,5,425,1181,-32768,463,0,0
2,5,527,528,16384,554,0,0
2,5,439,441,-16384,557,1,0
2,5,528,439,0,560,0,0
2,5,441,527,-32768,561,0,0
2,5,528,527,-16384,554,1,0
2,5,530,529,16384,555,1,0
2,5,529,528,0,559,0,0
2,5,527,530,-32768,562,0,0
2,5,422,436,-16384,474,0,0
2,5,437,438,-16384,475,0,0
2,5,436,437,-16384,885,0,0
2,5,1010,1011,16384,1202,0,0
2,5,429,430,8192,467,0,0
2,5,1011,1012,24576,1203,0,0
2,5,1008,1009,0,1200,0,0
2,5,1009,1010,8192,1201,0,0
2,5,1012,1013,-32768,1204,0,0
2,5,1013,1014,-24576,1205,0,0
2,5,1015,1008,-8192,1207,0,0
2,5,431,432,24576,469,0,0
2,5,1024,1025,0,1217,1,0
2,5,428,429,0,466,0,0
2,5,430,431,16384,468,0,0
2,5,432,433,-32768,470,0,0
2,5,433,434,-24576,471,0,0
2,5,435,428,-8192,473,0,0
2,5,7,8,-32768,4,0,0
2,5,1195,7,-16384,152,0,64
2,5,8,369,16384,398,0,0
2,5,1004,1005,0,1196,0,0
2,5,158,1195,-16384,152,0,0
2,5,1005,1006,16384,1197,0,0
2,5,369,370,16384,397,0,0
2,5,1007,1004,-16384,1199,0,0
2,5,1005,1004,-32768,1196,1,0
2,5,1006,1005,-16384,1197,1,0
2,5,1007,1006,0,1198,1,0
2,5,1004,1007,16384,1199,1,0
2,5,363,364,16384,394,0,0
2,5,370,369,-16384,397,1,0
2,5,364,370,0,427,0,0
2,5,369,363,-32768,428,0,0
2,5,365,366,-16384,395,0,0
2,5,368,367,16384,396,1,0
2,5,367,365,0,425,0,0
2,5,366,368,-32768,430,0,0
2,5,364,363,-16384,394,1,0
2,5,366,365,16384,395,1,0
2,5,365,364,0,426,0,0
2,5,363,366,-32768,429,0,0
2,5,454,1196,-32768,485,0,0
2,5,451,455,0,486,0,0
2,5,455,456,-16384,487,0,0
2,5,458,454,24576,489,0,0
2,5,1197,75,-16384,62,0,64
2,5,83,79,16384,70,0,0
2,5,666,83,24576,715,0,0
2,5,1198,666,-32768,910,0,224
2,5,76,1124,0,63,0,0
2,5,1123,1198,-32768,910,0,160
2,5,75,76,-8192,714,0,0
2,5,456,457,-8192,488,0,0
2,5,367,368,-16384,396,0,0
2,5,368,422,-32768,461,0,0
2,5,448,449,16384,481,0,0
2,5,449,450,0,482,0,0
2,5,450,451,-16384,483,0,0
2,5,452,453,16384,484,0,0
2,5,1196,452,-32768,485,0,88
2,5,818,819,16384,883,0,0
2,5,819,448,0,888,0,0
2,5,453,818,-32768,889,0,0
2,5,820,821,-16384,884,0,0
2,5,437,436,16384,885,1,0
2,5,436,820,0,886,0,0
2,5,821,437,-32768,891,0,0
2,5,819,818,-16384,883,1,0
2,5,821,820,16384,884,1,0
2,5,820,819,0,887,0,0
2,5,818,821,-32768,890,0,0
2,5,373,371,16384,400,0,0
2,5,1199,382,-16384,407,0,64
2,5,383,373,-32768,410,0,0
2,5,382,383,-21220,1003,0,0
2,5,374,373,16384,401,0,0
2,5,375,374,-32768,402,0,0
2,5,383,375,-21220,408,0,0
2,5,373,383,0,410,1,0
2,5,423,424,0,462,0,0
2,5,1024,423,20126,1216,0,0
2,5,1025,1024,-32768,1217,0,0
2,5,424,1025,-20126,1218,0,0
2,5,1025,424,12641,1218,1,0
2,5,1200,423,0,464,0,256
2,5,423,1024,-12641,1216,1,0
2,5,155,1201,0,150,0,0
2,5,400,155,16384,431,0,0
2,5,401,400,16384,432,0,0
2,5,1202,401,16384,433,0,128
2,5,1002,1003,-32768,1194,0,0
2,5,370,1202,16384,433,0,0
2,5,1003,1000,-16384,1195,0,0
2,5,1000,1001,0,1192,0,0
2,5,1006,1007,-32768,1198,0,0
2,5,1001,1000,-32768,1192,1,0
2,5,1002,1001,-16384,1193,1,0
2,5,1003,1002,0,1194,1,0
2,5,1000,1003,16384,1195,1,0
2,5,424,890,0,1014,0,0
2,5,890,367,-16384,1015,0,0
2,5,388,389,-16384,414,0,0
2,5,397,398,16384,421,0,0
2,5,389,396,-32768,424,0,0
2,5,396,397,21220,1002,0,0
2,5,398,419,0,1139,0,0
2,5,389,393,-16384,417,0,0
2,5,393,395,-32768,419,0,0
2,5,395,396,21220,420,0,0
2,5,396,389,0,424,1,0
2,5,856,884,-32768,1009,1,0
2,5,1203,856,-16384,1010,0,640
2,5,884,1204,16384,1011,0,0
2,5,371,372,-32768,399,0,0
2,5,384,385,0,411,0,0
2,5,387,388,-32768,413,0,0
2,5,385,411,0,446,0,0
2,5,414,384,0,456,0,0
2,5,411,378,0,457,0,0
2,5,419,414,0,458,0,0
2,5,386,387,16384,412,0,0
2,5,372,402,-16384,434,0,0
2,5,402,403,-32768,435,0,0
2,5,404,386,-32768,436,0,0
2,5,403,404,-32768,465,0,0
2,5,404,403,0,465,1,0
2,5,1182,404,16384,1269,0,64
2,5,403,427,-16384,1270,0,0
2,5,427,1200,0,464,0,0
2,5,1201,156,0,150,0,128
2,5,156,901,-16384,1049,0,0
2,5,998,999,-32768,1190,0,0
2,5,901,906,-16384,1044,0,0
2,5,906,192,-16384,1048,0,0
2,5,997,998,16384,1189,0,0
2,5,996,997,0,1188,0,0
2,5,999,996,-16384,1191,0,0
2,5,997,996,-32768,1188,1,0
2,5,998,997,-16384,1189,1,0
2,5,999,998,0,1190,1,0
2,5,996,999,16384,1191,1,0
2,5,901,902,0,1037,0,0
2,5,905,906,-32768,1039,0,0
2,5,902,905,-16384,1043,0,0
2,5,906,901,16384,1044,1,0
2,5,189,1109,0,186,0,0
2,5,1110,897,-32768,1034,0,128
2,5,903,900,16384,1045,0,0
2,5,897,903,16384,1046,0,0
2,5,900,189,16384,1047,0,0
2,5,899,900,0,1036,0,0
2,5,903,904,-32768,1038,0,0
2,5,904,899,16384,1042,0,0
2,5,900,903,-16384,1045,1,0
2,5,904,905,-32768,1040,0,0
2,5,902,899,0,1041,0,0
2,5,899,904,-16384,1042,1,0
2,5,905,902,16384,1043,1,0
2,5,9,10,-16384,5,0,0
2,5,157,158,-16384,151,0,0
2,5,10,157,-16384,392,0,0
2,5,1001,1002,16384,1193,0,0
2,5,72,73,0,60,0,0
2,5,73,74,-8192,61,0,0
2,5,154,72,16384,149,0,0
2,5,153,154,16384,393,0,0
2,5,160,154,0,155,0,0
2,5,153,161,-32768,157,0,0
2,5,161,160,16384,390,0,0
2,5,154,153,-16384,393,1,0
2,5,10,159,0,156,0,0
2,5,162,157,-32768,158,0,0
2,5,159,162,-16384,391,0,0
2,5,157,10,16384,392,1,0
2,5,159,160,0,153,0,0
2,5,161,162,-32768,154,0,0
2,5,160,161,-16384,390,1,0
2,5,162,159,16384,391,1,0
2,5,180,9,-32768,177,0,0
2,5,192,180,-16384,189,0,0
2,5,74,1197,-16384,62,0,0
2,5,79,80,-32768,66,0,0
2,5,80,153,16384,148,0,0
2,5,408,406,-32768,445,0,0
2,5,696,693,0,1300,0,0
2,5,405,406,16384,437,0,0
2,5,408,409,-16384,439,0,0
2,5,409,405,-32768,444,0,0
2,5,406,408,0,445,1,0
2,5,420,408,-32768,459,0,0
2,5,693,694,-7246,752,0,0
2,5,694,880,-16384,997,0,0
2,5,880,420,-16384,998,0,0
2,5,385,407,16384,438,0,0
2,5,410,411,-16384,440,0,0
2,5,407,410,0,443,0,0
2,5,411,385,-32768,446,1,0
2,5,409,410,-16384,441,0,0
2,5,407,405,16384,442,0,0
2,5,410,407,-32768,443,1,0
2,5,405,409,0,444,1,0
2,5,701,1205,19739,780,0,0
2,5,1059,1056,-16384,1268,0,0
2,5,1206,701,-32768,938,0,320
2,5,1056,1057,0,1265,0,0
2,5,1057,1056,-32768,1265,1,0
2,5,1058,1057,-16384,1266,1,0
2,5,1059,1058,0,1267,1,0
2,5,1056,1059,16384,1268,1,0
2,5,696,697,16384,754,0,0
2,5,698,693,-16384,755,0,0
2,5,697,699,11547,756,0,0
2,5,693,696,-32768,1300,1,0
2,5,699,1207,16384,759,0,0
2,5,1205,1208,-13027,780,1,67
2,5,700,698,-21220,757,0,0
2,5,701,700,-16384,758,0,0
2,5,1208,701,-13028,780,1,100
2,5,22,39,24576,28,0,0
2,5,1032,1033,0,1241,0,0
2,5,46,47,-16384,35,0,0
2,5,93,1209,-8192,82,0,0
2,5,94,93,-743,83,0,0
2,5,96,94,0,85,0,0
2,5,47,894,-32768,1023,0,0
2,5,894,96,16384,1026,0,0
2,5,87,46,-32768,75,0,0
2,5,92,87,-16384,81,0,0
2,5,1209,92,-8192,82,0,215
2,5,93,94,32024,83,1,0
2,5,39,1210,-8192,28,1,0
2,5,92,93,24576,82,1,0
2,5,22,21,-16384,15,1,0
2,5,1210,22,-8192,28,1,237
2,5,21,87,-32768,74,0,0
2,5,87,92,16384,81,1,0
2,5,378,379,16384,404,0,0
2,5,381,1199,-16384,407,0,0
2,5,379,380,0,409,0,0
2,5,380,381,-11547,1004,0,0
2,5,376,377,0,403,0,0
2,5,379,376,16384,405,0,0
2,5,377,380,-11547,406,0,0
2,5,380,379,-32768,409,1,0
2,5,854,1206,-32768,938,0,0
2,5,1052,1053,0,1261,0,0
2,5,1211,854,-16384,1278,0,64
2,5,1053,1054,16384,1262,0,0
2,5,1063,1211,-16384,1278,0,0
2,5,1055,1052,-16384,1264,0,0
2,5,1057,1058,16384,1266,0,0
2,5,1053,1052,-32768,1261,1,0
2,5,1054,1053,-16384,1262,1,0
2,5,1055,1054,0,1263,1,0
2,5,1052,1055,16384,1264,1,0
2,5,419,398,-32768,1139,1,0
2,5,965,419,-16384,1142,0,0
2,5,966,965,0,1143,0,0
2,5,398,966,16384,1187,0,0
2,5,964,965,-16384,1141,0,0
2,5,965,966,-32768,1143,1,0
2,5,967,964,0,1144,0,0
2,5,966,967,16384,1186,0,0
2,5,391,964,-16384,1140,0,0
2,5,964,967,-32768,1144,1,0
2,5,968,391,0,1145,0,0
2,5,967,968,11547,1185,0,0
2,5,390,391,-16384,415,0,0
2,5,399,390,0,423,0,0
2,5,391,968,-32768,1145,1,0
2,5,968,399,11547,1184,0,0
2,5,392,390,-16384,416,0,0
2,5,394,392,0,418,0,0
2,5,399,394,11547,422,0,0
2,5,390,399,-32768,423,1,0
2,5,392,394,-32768,418,1,0
2,5,394,1212,11547,1147,0,0
2,5,971,392,-16384,1149,0,0
2,5,972,971,0,1151,0,0
2,5,1212,969,11547,1147,0,71
2,5,969,972,-16384,1152,0,0
2,5,969,970,0,1148,0,0
2,5,970,971,-16384,1150,0,0
2,5,971,972,-32768,1151,1,0
2,5,972,969,16384,1152,1,0
2,5,887,1203,-16384,1010,0,0
2,5,1204,888,16384,1011,0,576
2,5,888,887,-8192,1327,0,0
2,5,1213,722,-26986,783,0,113
2,5,722,887,30535,1025,0,0
2,5,887,888,24576,1327,1,0
2,5,416,413,-32768,455,0,0
2,5,719,720,0,782,0,0
2,5,879,719,16384,996,0,0
2,5,720,881,-16384,999,0,0
2,5,1214,1099,-32768,1333,0,64
2,5,1099,416,-32768,1334,0,0
2,5,413,1100,-32768,1335,0,0
2,5,1100,879,-32768,1336,0,0
2,5,882,883,-16384,1000,0,0
2,5,881,882,0,1146,0,0
2,5,883,1214,-32768,1333,0,0
2,5,721,1213,-26986,783,0,0
2,5,412,413,16384,447,0,0
2,5,416,417,-16384,449,0,0
2,5,417,412,-32768,454,0,0
2,5,413,416,0,455,1,0
2,5,406,421,24576,460,0,0
2,5,695,696,8192,753,0,0
2,5,421,695,16384,1001,0,0
2,5,414,415,16384,448,0,0
2,5,418,384,-16384,450,0,0
2,5,415,418,0,453,0,0
2,5,384,414,-32768,456,1,0
2,5,417,418,-16384,451,0,0
2,5,415,412,16384,452,0,0
2,5,418,415,-32768,453,1,0
2,5,412,417,0,454,1,0
2,5,25,1143,0,17,0,0
2,5,1033,1034,16384,1242,0,0
2,5,1034,1035,-32768,1243,0,0
2,5,1035,1032,-16384,1244,0,0
2,5,1033,1032,-32768,1241,1,0
2,5,1034,1033,-16384,1242,1,0
2,5,1035,1034,0,1243,1,0
2,5,1032,1035,16384,1244,1,0
2,5,98,134,-16384,121,0,0
2,5,134,130,-32768,130,0,0
2,5,130,98,4836,131,1,0
2,5,129,130,16384,116,0,0
2,5,134,133,-16384,120,0,0
2,5,133,129,-32768,129,0,0
2,5,130,134,0,130,1,0
2,5,128,129,16384,115,0,0
2,5,133,132,-16384,119,0,0
2,5,132,128,-32768,128,0,0
2,5,129,133,0,129,1,0
2,5,127,128,16384,114,0,0
2,5,132,131,-16384,118,0,0
2,5,131,127,-32768,127,0,0
2,5,128,132,0,128,1,0
2,5,30,127,16384,113,0,0
2,5,131,25,-16384,117,0,0
2,5,127,131,0,127,1,0
2,5,1148,98,-32768,86,0,184
2,5,108,1145,0,97,0,0
2,5,109,108,16384,98,0,0
2,5,1146,109,-32768,103,0,32
2,5,95,43,-16384,84,0,0
2,5,1215,96,-32768,85,1,8
2,5,96,1216,16384,1109,0,0
2,5,43,40,0,32,0,0
2,5,94,1215,-32768,85,1,0
2,5,40,94,-16384,1108,0,0
2,5,29,30,0,19,0,0
2,5,39,40,31761,29,0,0
2,5,40,29,15887,39,0,0
2,5,40,39,-1006,29,1,0
2,5,94,40,16384,1108,1,0
2,5,1216,949,16384,1109,0,288
2,5,949,95,0,1110,0,0
2,5,95,949,-32768,1110,1,0
2,5,950,95,-16384,1114,0,0
2,5,951,950,0,1115,0,0
2,5,949,951,16384,1116,0,0
2,5,315,312,0,321,0,0
2,5,314,316,-32768,322,0,0
2,5,312,314,-16384,359,0,0
2,5,709,315,16384,775,1,0
2,5,316,709,-32768,1112,0,0
2,5,316,950,-16384,1111,0,0
2,5,709,316,0,1112,1,0
2,5,951,709,16384,1113,0,0
2,5,950,951,-32768,1115,1,0
2,5,98,130,-27931,131,0,0
2,5,130,135,29412,132,0,0
2,5,135,313,16384,358,0,0
2,5,313,246,0,1117,0,0
2,5,312,313,0,319,0,0
2,5,135,314,-32768,320,0,0
2,5,313,135,-16384,358,1,0
2,5,314,312,16384,359,1,0
2,5,151,152,0,147,0,0
2,5,152,1163,-3799,191,0,0
2,5,246,151,16384,239,0,0
2,5,1163,152,28968,191,1,196
2,5,152,193,0,192,0,0
2,5,198,1164,0,1272,0,0
2,5,716,708,-16384,771,0,0
2,5,717,718,0,772,0,0
2,5,707,717,16384,774,0,0
2,5,718,716,-16384,779,0,0
2,5,708,707,-32768,781,0,0
2,5,707,708,0,781,1,0
2,5,1050,1051,-32768,1259,0,0
2,5,1048,1049,0,1257,0,0
2,5,1054,1055,-32768,1263,0,0
2,5,1049,1048,-32768,1257,1,0
2,5,1050,1049,-16384,1258,1,0
2,5,1051,1050,0,1259,1,0
2,5,1048,1051,16384,1260,1,0
2,5,704,705,-16384,761,0,0
2,5,708,704,0,763,0,0
2,5,1049,1050,16384,1258,0,0
2,5,705,1063,-16384,1277,0,0
2,5,712,716,-32768,770,0,0
2,5,718,715,0,773,0,0
2,5,715,712,-16384,778,0,0
2,5,716,718,16384,779,1,0
2,5,711,712,-32768,766,0,0
2,5,715,714,0,769,0,0
2,5,714,711,-16384,777,0,0
2,5,712,715,16384,778,1,0
2,5,710,711,-32768,765,0,0
2,5,714,713,0,768,0,0
2,5,713,710,-16384,776,0,0
2,5,711,714,16384,777,1,0
2,5,709,710,-32768,764,0,0
2,5,713,315,0,767,0,0
2,5,315,709,-16384,775,0,0
2,5,710,713,16384,776,1,0
2,5,318,319,16384,325,0,0
2,5,325,324,-16384,331,0,0
2,5,324,318,-32768,341,0,0
2,5,319,325,0,342,1,0
2,5,317,318,16384,324,0,0
2,5,324,323,-16384,330,0,0
2,5,323,317,-32768,340,0,0
2,5,318,324,0,341,1,0
2,5,206,317,16384,323,0,0
2,5,323,200,-16384,329,0,0
2,5,200,206,-32768,339,0,0
2,5,317,323,0,340,1,0
2,5,199,201,-32768,198,0,0
2,5,201,206,16384,203,0,0
2,5,206,200,0,339,1,0
2,5,193,199,16384,196,0,0
2,5,806,807,-20685,861,0,0
2,5,807,1217,-28180,862,0,0
2,5,1218,1219,-28650,850,0,111
2,5,1217,807,4587,862,1,70
2,5,793,1218,-28650,850,0,0
2,5,794,793,-20501,851,0,0
2,5,807,806,12082,861,1,0
2,5,226,224,16384,220,0,0
2,5,1162,226,-32768,221,0,32
2,5,331,332,0,348,0,0
2,5,197,198,-15732,195,0,0
2,5,200,197,0,197,0,0
2,5,224,225,24576,219,0,0
2,5,336,337,-24576,353,0,0
2,5,361,362,0,383,0,0
2,5,225,361,16384,385,0,0
2,5,332,333,8192,349,0,0
2,5,333,334,16384,350,0,0
2,5,334,335,24576,351,0,0
2,5,335,336,-32768,352,0,0
2,5,337,338,-16384,354,0,0
2,5,338,331,-8192,355,0,0
2,5,253,254,16384,246,0,0
2,5,255,256,-16384,247,0,0
2,5,254,1220,0,260,0,0
2,5,256,253,-32768,347,0,0
2,5,329,253,16384,336,0,0
2,5,256,330,-16384,338,0,0
2,5,330,329,-32768,346,0,0
2,5,253,256,0,347,1,0
2,5,322,329,16384,335,0,0
2,5,330,328,-16384,337,0,0
2,5,328,322,-32768,345,0,0
2,5,329,330,0,346,1,0
2,5,321,322,16384,328,0,0
2,5,328,327,-16384,334,0,0
2,5,327,321,-32768,344,0,0
2,5,322,328,0,345,1,0
2,5,320,321,16384,327,0,0
2,5,327,326,-16384,333,0,0
2,5,326,320,-32768,343,0,0
2,5,321,327,0,344,1,0
2,5,319,320,16384,326,0,0
2,5,326,325,-16384,332,0,0
2,5,325,319,-32768,342,0,0
2,5,320,326,0,343,1,0
2,5,1221,809,-4587,863,0,70
2,5,809,811,-12515,868,0,0
2,5,811,806,-16384,871,0,0
2,5,811,809,20252,868,1,0
2,5,1222,796,-4117,853,0,69
2,5,809,1221,28180,863,1,0
2,5,796,797,-12266,854,0,0
2,5,806,811,16384,871,1,0
2,5,797,794,-16384,937,0,0
2,5,286,294,0,299,0,0
2,5,362,286,16384,389,0,0
2,5,285,286,0,292,0,0
2,5,287,285,0,293,0,0
2,5,362,361,-32768,383,1,0
2,5,361,287,16384,384,0,0
2,5,286,362,-16384,389,1,0
2,5,257,255,-32768,257,0,0
2,5,1220,260,0,260,0,88
2,5,292,293,-32768,296,0,0
2,5,293,295,-32768,300,0,0
2,5,295,296,16384,301,0,0
2,5,296,297,0,302,0,0
2,5,297,292,-16384,303,0,0
2,5,286,285,-32768,292,1,0
2,5,293,292,0,296,1,0
2,5,285,293,16384,297,0,0
2,5,292,286,-16384,298,0,0
2,5,37,38,-16384,26,0,0
2,5,294,257,16384,725,0,0
2,5,34,35,24576,23,0,0
2,5,260,272,-10250,279,0,0
2,5,272,273,-16384,280,0,0
2,5,31,32,0,20,0,0
2,5,32,33,8192,21,0,0
2,5,33,34,16384,22,0,0
2,5,35,36,-32768,24,0,0
2,5,36,37,-24576,25,0,0
2,5,38,31,-8192,27,0,0
2,5,778,780,16384,837,0,0
2,5,1217,808,-28180,862,0,79
2,5,808,778,-32768,864,0,0
2,5,808,1217,4587,862,1,0
2,5,781,779,16384,838,0,0
2,5,792,781,-32768,849,0,0
2,5,1219,792,-28650,850,0,138
2,5,778,808,0,864,1,0
2,5,779,778,16384,869,0,0
2,5,780,791,22517,848,0,0
2,5,1223,1224,16384,809,0,16
2,5,776,778,0,835,0,0
2,5,779,777,-32768,836,0,0
2,5,778,779,-16384,869,1,0
2,5,735,736,-32768,792,0,0
2,5,736,1223,16384,809,0,0
2,5,777,1225,-24576,834,0,0
2,5,754,735,23630,813,0,0
2,5,761,754,-32768,820,0,0
2,5,1225,761,-24576,834,0,22
2,5,733,734,0,791,0,0
2,5,1224,733,16384,809,0,80
2,5,1226,776,-8192,833,0,67
2,5,734,753,9137,812,0,0
2,5,753,760,0,819,0,0
2,5,760,1226,-8192,833,0,0
2,5,788,787,0,845,0,0
2,5,791,789,-32768,847,0,0
2,5,789,788,16384,1232,0,0
2,5,789,790,-32768,846,0,0
2,5,790,1030,16384,1230,0,0
2,5,1030,788,0,1231,0,0
2,5,788,789,-16384,1232,1,0
2,5,763,1026,-32768,1219,0,0
2,5,1026,1227,16384,1220,0,0
2,5,1028,727,-32768,1221,0,0
2,5,732,1028,-16384,1222,0,0
2,5,727,763,-32768,1223,0,0
2,5,1228,729,-16384,1227,0,96
2,5,729,732,-16384,1228,0,0
2,5,729,730,0,788,0,0
2,5,731,732,-32768,789,0,0
2,5,730,731,-16384,808,0,0
2,5,732,729,16384,1228,1,0
2,5,730,733,0,790,0,0
2,5,736,731,-32768,793,0,0
2,5,731,730,16384,808,1,0
2,5,733,736,-16384,809,1,0
2,5,1227,1027,16384,1220,0,320
2,5,1027,1029,0,1224,0,0
2,5,1029,743,-16384,1225,0,0
2,5,746,737,-16384,1226,0,0
2,5,740,1228,-16384,1227,0,0
2,5,743,746,-16384,1229,0,0
2,5,737,738,0,794,0,0
2,5,739,740,-32768,795,0,0
2,5,738,739,-16384,804,0,0
2,5,743,744,0,798,0,0
2,5,745,746,-32768,799,0,0
2,5,744,745,-16384,806,0,0
2,5,746,743,16384,1229,1,0
2,5,742,741,16384,805,0,0
2,5,752,742,26634,811,0,0
2,5,738,741,0,796,0,0
2,5,742,739,-32768,797,0,0
2,5,739,738,16384,804,1,0
2,5,741,742,-16384,805,1,0
2,5,741,751,6133,810,0,0
2,5,785,786,0,842,0,0
2,5,784,1031,-32768,1233,0,0
2,5,1031,785,16384,1234,0,0
2,5,786,784,-16384,1235,1,0
2,5,747,748,0,801,0,0
2,5,749,750,-32768,802,0,0
2,5,750,747,16384,807,0,0
2,5,755,749,23630,814,0,0
2,5,748,756,9137,815,0,0
2,5,744,747,0,800,0,0
2,5,750,745,-32768,803,0,0
2,5,745,744,16384,806,1,0
2,5,747,750,-16384,807,1,0
2,5,767,766,16384,865,0,0
2,5,803,798,-16384,936,0,0
2,5,766,803,0,939,1,0
2,5,798,767,-32768,940,1,0
2,5,801,810,16384,867,0,0
2,5,810,801,-16384,867,1,0
2,5,798,803,16384,936,1,0
2,5,764,766,0,824,0,0
2,5,767,765,-32768,825,0,0
2,5,766,767,-16384,865,1,0
2,5,759,752,-32768,818,0,0
2,5,765,759,-24576,823,0,0
2,5,769,767,16384,827,0,0
2,5,787,769,21798,844,0,0
2,5,798,799,-8192,855,0,0
2,5,767,798,0,940,0,0
2,5,799,800,0,856,0,0
2,5,800,801,8192,857,0,0
2,5,799,798,24576,855,1,0
2,5,800,799,-32768,856,1,0
2,5,801,800,-24576,857,1,0
2,5,766,768,16384,826,0,0
2,5,768,782,10747,839,0,0
2,5,802,803,-24576,858,0,0
2,5,803,766,-32768,939,0,0
2,5,804,802,-32768,859,0,0
2,5,810,804,24576,866,0,0
2,5,803,802,8192,858,1,0
2,5,802,804,0,859,1,0
2,5,804,810,-8192,866,1,0
2,5,751,758,0,817,0,0
2,5,758,764,-8192,822,0,0
2,5,782,784,-32768,841,0,0
2,5,786,783,0,843,0,0
2,5,784,786,16384,1235,0,0
2,5,775,773,16384,832,0,0
2,5,773,805,0,860,0,0
2,5,805,1221,-4587,863,0,0
2,5,1221,805,28180,863,1,79
2,5,772,774,16384,831,0,0
2,5,774,795,0,852,0,0
2,5,795,1222,-4117,853,0,0
2,5,805,773,-32768,860,1,0
2,5,773,772,16384,870,0,0
2,5,771,772,0,829,0,0
2,5,773,770,-32768,830,0,0
2,5,772,773,-16384,870,1,0
2,5,756,835,0,908,0,0
2,5,835,771,-8192,909,0,0
2,5,757,755,-32768,816,0,0
2,5,770,757,-24576,828,0,0
2,5,783,775,10747,840,0,0
2,5,723,721,-18106,784,0,0
2,5,1081,1082,-18939,1310,0,0
2,5,1082,1083,-26941,1311,0,0
2,5,1083,1084,-32768,1312,0,0
2,5,1084,1085,26941,1313,0,0
2,5,1085,1086,20126,1314,0,0
2,5,1093,1094,0,1323,0,0
2,5,1087,1088,12641,1316,0,0
2,5,1088,1089,5826,1317,0,0
2,5,1089,1090,0,1318,0,0
2,5,1090,1091,-5826,1319,0,0
2,5,1091,1092,-13828,1320,0,0
2,5,1095,1096,-32768,1325,0,0
2,5,1092,1081,-16384,1322,0,0
2,5,1094,1095,16384,1324,0,0
2,5,1086,1087,16384,1315,0,0
2,5,1096,1093,-16384,1326,0,0
2,5,1094,1093,-32768,1323,1,0
2,5,1095,1094,-16384,1324,1,0
2,5,1096,1095,0,1325,1,0
2,5,1093,1096,16384,1326,1,0
2,5,727,728,-16384,787,0,0
2,5,762,763,16384,821,0,0
2,5,763,727,0,1223,1,0
2,5,728,762,-32768,1328,0,0
2,5,724,725,10630,785,0,0
2,5,889,724,16384,1012,0,0
2,5,888,889,23536,1013,0,0
2,5,1080,1079,-16384,1307,0,0
2,5,725,1097,4836,1329,0,0
2,5,1097,1229,0,1330,0,0
2,5,1079,1077,0,1306,0,0
2,5,726,1230,-10910,786,0,0
2,5,1078,1080,-32768,1308,0,0
2,5,762,728,0,1328,1,0
2,5,1229,762,0,1330,0,16
2,5,728,1098,0,1331,0,0
2,5,1098,726,-2826,1332,0,0
2,5,1230,723,-10910,786,0,166
2,5,1077,1078,16384,1305,0,0
2,5,1073,1074,-32768,1301,0,0
2,5,1075,1073,-16384,1302,0,0
2,5,1076,1075,0,1303,0,0
2,5,1074,1076,16384,1304,0,0
2,5,1076,1074,-16384,1304,1,0
2,5,1231,1232,16384,1307,1,8
2,5,1075,1076,-32768,1303,1,0
2,5,1232,1080,16384,1307,1,136
2,5,1080,1233,0,1308,1,0
2,5,1073,1075,16384,1302,1,0
2,5,1078,1234,-16384,1305,1,0
2,5,1233,1078,0,1308,1,136
2,5,1074,1073,0,1301,1,0
2,5,1234,1077,-16384,1305,1,136
2,5,1077,1079,-32768,1306,1,0
2,5,1079,1231,16384,1307,1,0
2,5,702,703,0,760,0,0
2,5,1205,702,19739,780,0,135
2,5,1058,1059,-32768,1267,0,0
2,5,1207,702,16384,759,0,192
2,5,702,1205,-13028,780,1,0
2,5,917,919,-18939,1068,0,0
2,5,919,920,-26298,1069,0,0
2,5,920,923,-32768,1071,0,0
2,5,923,924,26941,1072,0,0
2,5,924,927,18939,1076,0,0
2,5,928,929,0,1078,0,0
2,5,918,916,-12641,1067,0,0
2,5,921,922,0,1070,0,0
2,5,925,921,5826,1073,0,0
2,5,922,918,-7246,1074,0,0
2,5,926,925,13828,1075,0,0
2,5,931,930,-32768,1081,0,0
2,5,927,926,16384,1077,0,0
2,5,930,928,-16384,1079,0,0
2,5,916,917,-16384,1066,0,0
2,5,929,931,16384,1080,0,0
2,5,929,928,-32768,1078,1,0
2,5,928,930,16384,1079,1,0
2,5,931,929,-16384,1080,1,0
2,5,930,931,0,1081,1,0
2,5,706,707,0,762,0,0
2,5,703,706,16384,1082,0,0
2,5,1051,1048,-16384,1260,0,0
2,5,926,927,-16384,1077,1,0
2,5,927,1081,-32768,1309,0,0
2,5,1092,926,0,1321,0,0
2,5,1081,1092,16384,1322,1,0
