episode,mission,vertex_1,vertex_2,angle,line,side,offset
2,6,378,379,-16384,405,0,0
2,6,380,381,16384,406,0,0
2,6,379,380,-32768,409,0,0
2,6,381,378,0,410,0,0
2,6,380,379,0,409,1,0
2,6,361,370,16384,393,0,0
2,6,370,371,0,394,0,0
2,6,371,362,-16384,395,0,0
2,6,378,381,-32768,410,1,0
2,6,368,353,-24576,390,0,0
2,6,351,369,8192,391,0,0
2,6,369,368,-8192,392,0,0
2,6,353,351,24576,522,0,0
2,6,886,378,16384,405,1,32
2,6,350,354,-8192,521,0,0
2,6,350,351,8192,373,0,0
2,6,353,354,-24576,375,0,0
2,6,354,350,24576,521,1,0
2,6,351,353,-8192,522,1,0
2,6,354,355,-16384,376,0,0
2,6,379,886,16384,405,1,0
2,6,366,364,-32768,387,0,0
2,6,363,367,0,388,0,0
2,6,367,366,-16384,389,0,0
2,6,355,363,-8192,384,0,0
2,6,349,350,0,372,0,0
2,6,362,349,-8192,383,0,0
2,6,364,365,-24576,385,0,0
2,6,365,382,-16384,407,0,0
2,6,382,339,-24576,528,0,0
2,6,339,526,-32768,597,0,0
2,6,475,476,-32768,530,0,0
2,6,477,352,-32768,532,0,0
2,6,476,477,-32768,541,0,0
2,6,526,475,-24576,596,0,0
2,6,470,471,-8192,524,0,0
2,6,471,887,-24576,525,0,0
2,6,338,470,8192,527,0,0
2,6,338,339,24576,365,0,0
2,6,382,470,-8192,523,0,0
2,6,470,338,-24576,527,1,0
2,6,339,382,8192,528,1,0
2,6,573,576,-16384,987,0,0
2,6,573,574,0,649,0,0
2,6,575,576,-32768,650,0,0
2,6,576,573,16384,987,1,0
2,6,574,575,-8192,1092,0,0
2,6,888,575,-16384,652,0,288
2,6,575,574,24576,1092,1,0
2,6,568,569,-8192,643,0,0
2,6,574,568,16384,651,0,0
2,6,569,888,-16384,652,0,0
2,6,803,802,-24576,940,0,0
2,6,804,805,8192,942,0,0
2,6,805,803,-8192,943,0,0
2,6,802,804,24576,944,0,0
2,6,800,801,-8192,937,0,0
2,6,801,573,-8192,938,0,0
2,6,801,800,24576,937,1,0
2,6,802,801,-24576,939,0,0
2,6,800,804,8192,941,0,0
2,6,804,802,-8192,944,1,0
2,6,522,524,-16384,591,0,0
2,6,525,523,-16384,592,0,0
2,6,523,522,-16384,593,0,0
2,6,569,568,24576,643,1,0
2,6,524,569,-32768,653,0,0
2,6,568,525,0,654,0,0
2,6,484,493,0,988,0,0
2,6,480,482,0,537,0,0
2,6,483,481,0,538,0,0
2,6,481,480,0,539,0,0
2,6,484,483,16384,543,0,0
2,6,482,493,-16384,549,0,0
2,6,493,484,-32768,988,1,0
2,6,474,480,-16384,535,0,0
2,6,481,479,16384,536,0,0
2,6,480,481,-32768,539,1,0
2,6,479,474,0,542,0,0
2,6,476,473,-16384,531,0,0
2,6,478,477,16384,533,0,0
2,6,473,478,-32768,540,0,0
2,6,477,476,0,541,1,0
2,6,473,474,-16384,529,0,0
2,6,479,478,16384,534,0,0
2,6,478,473,0,540,1,0
2,6,474,479,-32768,542,1,0
2,6,887,472,-24576,525,0,45
2,6,472,338,24576,526,0,0
2,6,493,800,-8192,936,0,0
2,6,679,680,-16384,793,0,0
2,6,687,688,16384,807,0,0
2,6,668,674,16384,791,0,0
2,6,687,668,-32768,804,0,0
2,6,674,688,0,805,0,0
2,6,688,687,-16384,807,1,0
2,6,829,529,0,982,0,0
2,6,528,830,-32768,983,0,0
2,6,830,829,16384,985,0,0
2,6,529,528,-16384,1068,1,0
2,6,680,679,16384,793,1,0
2,6,679,829,0,981,0,0
2,6,830,680,-32768,984,0,0
2,6,829,830,-16384,985,1,0
2,6,669,671,-32768,785,0,0
2,6,672,673,0,786,0,0
2,6,673,669,-16384,792,0,0
2,6,681,672,16384,794,0,0
2,6,671,682,16384,795,0,0
2,6,682,681,16384,796,0,0
2,6,668,669,-32768,783,0,0
2,6,673,674,0,787,0,0
2,6,674,668,-16384,791,1,0
2,6,669,673,16384,792,1,0
2,6,486,505,16384,989,0,0
2,6,504,505,0,564,0,0
2,6,486,506,-32768,565,0,0
2,6,535,504,16384,604,0,0
2,6,506,536,16384,605,0,0
2,6,536,535,16384,606,0,0
2,6,505,486,-16384,989,1,0
2,6,535,536,-16384,606,1,0
2,6,881,880,16384,1065,0,0
2,6,880,535,0,1066,0,0
2,6,536,881,-32768,1067,0,0
2,6,527,528,-32768,598,0,0
2,6,529,530,0,599,0,0
2,6,530,531,-16384,600,0,0
2,6,533,527,-16384,602,0,0
2,6,528,529,16384,1068,0,0
2,6,531,533,-16384,1069,0,0
2,6,531,532,0,601,0,0
2,6,534,533,-32768,603,0,0
2,6,532,534,-16384,607,0,0
2,6,533,531,16384,1069,1,0
2,6,534,532,16384,607,1,0
2,6,532,880,0,1063,0,0
2,6,881,534,-32768,1064,0,0
2,6,880,881,-16384,1065,1,0
2,6,813,814,24576,956,0,0
2,6,814,815,8192,957,0,0
2,6,815,816,-8192,958,0,0
2,6,816,813,-24576,962,0,0
2,6,812,817,8192,961,0,0
2,6,812,813,24576,955,0,0
2,6,816,817,-8192,959,0,0
2,6,817,812,-24576,961,1,0
2,6,813,816,8192,962,1,0
2,6,675,676,16384,788,0,0
2,6,676,677,0,789,0,0
2,6,677,678,-16384,790,0,0
2,6,685,675,0,800,0,0
2,6,688,685,16384,806,0,0
2,6,678,686,0,801,0,0
2,6,686,679,-16384,802,0,0
2,6,505,812,8192,954,0,0
2,6,360,359,-24576,386,0,0
2,6,359,372,24576,396,0,0
2,6,372,373,8192,397,0,0
2,6,373,360,-8192,398,0,0
2,6,346,347,8192,370,0,0
2,6,381,889,-16384,406,1,0
2,6,347,346,-24576,370,1,0
2,6,346,359,24576,380,0,0
2,6,360,347,-8192,381,0,0
2,6,359,360,8192,386,1,0
2,6,345,346,16384,369,0,0
2,6,889,380,-16384,406,1,96
2,6,357,374,-32768,399,0,0
2,6,374,375,16384,400,0,0
2,6,375,358,0,401,0,0
2,6,358,345,8192,379,0,0
2,6,347,348,0,371,0,0
2,6,348,361,8192,382,0,0
2,6,356,376,-24576,402,0,0
2,6,376,377,24576,403,0,0
2,6,377,342,8192,404,0,0
2,6,342,356,-8192,408,0,0
2,6,817,484,8192,960,0,0
2,6,352,340,24576,374,0,0
2,6,344,357,24576,378,0,0
2,6,340,341,-32768,366,0,0
2,6,343,344,16384,368,0,0
2,6,341,343,24576,520,0,0
2,6,342,343,8192,367,0,0
2,6,341,356,-24576,377,0,0
2,6,356,342,24576,408,1,0
2,6,343,341,-8192,520,1,0
2,6,552,553,0,626,0,0
2,6,554,555,-32768,627,0,0
2,6,559,560,-16384,631,0,0
2,6,560,554,-16384,632,0,0
2,6,561,556,-16384,633,0,0
2,6,553,561,-16384,634,0,0
2,6,555,571,16384,645,0,0
2,6,572,552,16384,648,0,0
2,6,571,572,16384,655,0,0
2,6,549,548,16384,625,0,0
2,6,571,549,-32768,646,0,0
2,6,548,572,0,647,0,0
2,6,572,571,-16384,655,1,0
2,6,890,580,-32768,657,0,192
2,6,580,586,16384,664,0,0
2,6,586,592,0,675,0,0
2,6,555,554,0,627,1,0
2,6,592,586,-32768,675,1,0
2,6,554,592,-16384,680,0,0
2,6,586,595,16384,681,0,0
2,6,595,555,0,682,0,0
2,6,581,584,-16384,662,0,0
2,6,593,590,16384,676,0,0
2,6,556,557,0,628,0,0
2,6,557,558,-16384,629,0,0
2,6,558,559,-32768,630,0,0
2,6,558,557,16384,629,1,0
2,6,891,892,-16384,676,1,144
2,6,587,558,16384,666,0,0
2,6,892,593,-16384,676,1,176
2,6,593,893,-32768,677,0,0
2,6,554,560,16384,632,1,0
2,6,560,587,0,667,0,0
2,6,893,554,-32768,677,0,56
2,6,557,588,16384,668,0,0
2,6,894,590,0,671,0,8
2,6,590,891,-16384,676,1,0
2,6,561,553,16384,634,1,0
2,6,588,561,-32768,669,0,0
2,6,553,894,0,671,0,0
2,6,579,890,-32768,657,0,0
2,6,895,579,-16384,661,0,64
2,6,592,594,0,678,0,0
2,6,584,895,-16384,661,0,0
2,6,594,593,16384,679,0,0
2,6,582,583,-16384,659,0,0
2,6,583,584,-32768,660,0,0
2,6,584,581,16384,662,1,0
2,6,581,598,0,686,0,0
2,6,601,582,0,690,0,0
2,6,598,601,0,1062,0,0
2,6,516,517,16384,584,0,0
2,6,570,551,-16384,644,0,0
2,6,596,516,-32768,683,0,0
2,6,551,631,-16384,734,0,0
2,6,631,596,-16384,735,0,0
2,6,517,518,16384,1061,0,0
2,6,550,551,-32768,623,0,0
2,6,547,550,-16384,624,0,0
2,6,551,570,16384,644,1,0
2,6,570,547,0,665,0,0
2,6,547,548,0,621,0,0
2,6,549,550,-32768,622,0,0
2,6,550,547,16384,624,1,0
2,6,548,549,-16384,625,1,0
2,6,517,514,-32768,585,0,0
2,6,520,518,0,587,0,0
2,6,514,520,16384,594,0,0
2,6,518,517,-16384,1061,1,0
2,6,515,522,-32768,589,0,0
2,6,523,521,0,590,0,0
2,6,522,523,16384,593,1,0
2,6,521,515,-16384,595,0,0
2,6,514,515,-32768,583,0,0
2,6,521,520,0,588,0,0
2,6,520,514,-16384,594,1,0
2,6,515,521,16384,595,1,0
2,6,518,519,16384,586,0,0
2,6,519,611,0,699,0,0
2,6,611,612,0,700,0,0
2,6,612,613,0,701,0,0
2,6,613,630,-16384,732,0,0
2,6,630,570,-16384,733,0,0
2,6,624,896,16384,720,0,0
2,6,897,627,-16384,723,0,192
2,6,627,624,-32768,725,0,0
2,6,612,611,-32768,700,1,0
2,6,611,624,16384,719,0,0
2,6,627,612,-16384,724,0,0
2,6,624,627,0,725,1,0
2,6,606,607,-32768,695,0,0
2,6,616,617,0,704,0,0
2,6,617,606,-16384,714,1,0
2,6,607,616,16384,715,0,0
2,6,607,608,-32768,696,0,0
2,6,615,616,0,703,0,0
2,6,616,607,-16384,715,1,0
2,6,608,615,16384,716,0,0
2,6,608,609,-32768,697,0,0
2,6,614,615,0,702,0,0
2,6,615,608,-16384,716,1,0
2,6,609,614,16384,717,0,0
2,6,609,610,-32768,698,0,0
2,6,614,609,-16384,717,1,0
2,6,623,614,0,718,0,0
2,6,898,623,16384,721,0,128
2,6,577,578,0,656,0,0
2,6,578,899,-16384,658,0,0
2,6,585,577,16384,663,0,0
2,6,589,585,-32768,670,0,0
2,6,591,589,-32768,673,0,0
2,6,899,581,-16384,658,0,192
2,6,590,591,16384,672,0,0
2,6,553,552,-32768,626,1,0
2,6,585,589,0,670,1,0
2,6,589,553,-16384,674,0,0
2,6,597,585,16384,684,0,0
2,6,552,597,-32768,685,0,0
2,6,625,898,16384,721,0,0
2,6,610,626,-16384,722,0,0
2,6,626,625,-32768,726,0,0
2,6,896,625,16384,720,0,40
2,6,626,897,-16384,723,0,0
2,6,625,626,0,726,1,0
2,6,621,622,0,709,0,0
2,6,602,621,16384,710,0,0
2,6,628,602,16384,729,0,0
2,6,622,629,-16384,730,0,0
2,6,629,628,-32768,731,0,0
2,6,598,599,16384,687,0,0
2,6,599,600,0,688,0,0
2,6,600,601,-16384,689,0,0
2,6,601,598,-32768,1062,1,0
2,6,600,599,-32768,688,1,0
2,6,599,628,16384,727,0,0
2,6,629,600,-16384,728,0,0
2,6,628,629,0,731,1,0
2,6,602,603,-32768,691,0,0
2,6,620,621,0,708,0,0
2,6,621,602,-16384,710,1,0
2,6,603,620,16384,711,0,0
2,6,603,604,-32768,692,0,0
2,6,619,620,0,707,0,0
2,6,620,603,-16384,711,1,0
2,6,604,619,16384,712,0,0
2,6,604,605,-32768,693,0,0
2,6,618,619,0,706,0,0
2,6,619,604,-16384,712,1,0
2,6,605,618,16384,713,0,0
2,6,605,606,-32768,694,0,0
2,6,617,618,0,705,0,0
2,6,618,605,-16384,713,1,0
2,6,606,617,16384,714,0,0
2,6,56,900,-13481,63,0,0
2,6,78,56,4836,81,0,0
2,6,56,78,-27931,81,1,0
2,6,78,901,-32768,82,1,0
2,6,95,96,-8192,106,0,0
2,6,114,115,16384,125,0,0
2,6,77,902,1911,80,1,0
2,6,93,94,-24576,104,0,0
2,6,94,95,-16384,105,0,0
2,6,96,97,0,107,0,0
2,6,97,98,8192,108,0,0
2,6,98,99,16384,109,0,0
2,6,99,100,24576,110,0,0
2,6,100,93,-32768,111,0,0
2,6,109,110,-24576,120,0,0
2,6,121,122,8192,132,0,0
2,6,110,111,-16384,121,0,0
2,6,111,112,-8192,122,0,0
2,6,112,113,0,123,0,0
2,6,113,114,8192,124,0,0
2,6,115,116,24576,126,0,0
2,6,116,109,-32768,127,0,0
2,6,91,92,24576,102,0,0
2,6,117,118,-24576,128,0,0
2,6,118,119,-16384,129,0,0
2,6,119,120,-8192,130,0,0
2,6,120,121,0,131,0,0
2,6,122,123,16384,133,0,0
2,6,123,124,24576,134,0,0
2,6,124,117,-32768,135,0,0
2,6,59,79,-4836,83,0,0
2,6,90,91,16384,101,0,0
2,6,101,102,-24576,112,0,0
2,6,59,903,16384,67,0,0
2,6,904,59,27931,83,1,178
2,6,86,87,-16384,97,0,0
2,6,905,904,27931,83,1,119
2,6,87,88,-8192,98,0,0
2,6,85,86,-24576,96,0,0
2,6,88,89,0,99,0,0
2,6,89,90,8192,100,0,0
2,6,92,85,-32768,103,0,0
2,6,901,79,-32768,82,1,8
2,6,79,905,27931,83,1,0
2,6,104,105,0,115,0,0
2,6,102,103,-16384,113,0,0
2,6,103,104,-8192,114,0,0
2,6,105,106,8192,116,0,0
2,6,106,107,16384,117,0,0
2,6,107,108,24576,118,0,0
2,6,108,101,-32768,119,0,0
2,6,130,906,-16384,149,0,0
2,6,137,135,-32768,153,0,0
2,6,138,139,0,155,0,0
2,6,139,130,-8192,163,0,0
2,6,907,138,8507,164,0,140
2,6,135,136,-16384,152,0,0
2,6,208,206,16384,226,0,0
2,6,906,131,-16384,149,0,64
2,6,131,132,-32768,150,0,0
2,6,132,137,16384,154,0,0
2,6,140,145,16384,162,0,0
2,6,145,907,8507,164,0,0
2,6,206,207,-32768,225,0,0
2,6,209,208,0,227,0,0
2,6,207,209,-16384,228,0,0
2,6,207,206,0,225,1,0
2,6,206,208,-16384,226,1,0
2,6,208,209,-32768,227,1,0
2,6,209,207,16384,228,1,0
2,6,66,67,-16384,72,0,0
2,6,902,66,1909,80,1,78
2,6,67,56,-16384,145,0,0
2,6,128,129,16384,148,0,0
2,6,129,140,0,156,0,0
2,6,56,67,16384,145,1,0
2,6,128,56,-32768,146,0,0
2,6,67,129,0,147,0,0
2,6,129,128,-16384,148,1,0
2,6,132,131,0,150,1,0
2,6,131,141,-16384,157,0,0
2,6,142,132,16384,158,0,0
2,6,141,143,-32768,159,0,0
2,6,144,142,-32768,160,0,0
2,6,143,144,-32768,161,0,0
2,6,133,134,-32768,151,0,0
2,6,136,133,-24576,165,0,0
2,6,134,128,27353,166,0,0
2,6,75,74,-32768,78,1,0
2,6,126,75,-16384,142,0,0
2,6,74,127,16384,143,0,0
2,6,127,126,0,144,0,0
2,6,72,73,0,77,0,0
2,6,73,126,-16384,140,0,0
2,6,127,72,16384,141,0,0
2,6,126,127,-32768,144,1,0
2,6,76,83,0,90,0,0
2,6,84,77,0,93,0,0
2,6,83,84,0,95,1,0
2,6,61,62,-5826,68,0,0
2,6,76,65,30858,79,0,0
2,6,62,76,-21673,89,0,0
2,6,65,820,16384,968,0,0
2,6,820,821,16384,969,0,0
2,6,821,61,16384,970,0,0
2,6,83,62,21673,91,0,0
2,6,908,83,-32768,95,0,132
2,6,63,64,5826,69,0,0
2,6,66,77,-30858,80,0,0
2,6,77,63,21673,92,0,0
2,6,64,818,-16384,965,0,0
2,6,818,819,-16384,966,0,0
2,6,819,66,-16384,967,0,0
2,6,64,63,-26941,69,1,0
2,6,69,64,-13028,74,0,0
2,6,71,69,6469,76,0,0
2,6,62,63,0,70,0,0
2,6,63,84,-21673,94,0,0
2,6,84,908,-32768,95,0,0
2,6,62,909,26941,68,1,0
2,6,63,62,-32768,70,1,0
2,6,74,75,0,78,0,0
2,6,125,82,-32768,136,0,0
2,6,75,125,-16384,138,0,0
2,6,82,74,16384,139,0,0
2,6,82,125,0,136,1,0
2,6,125,71,0,137,0,0
2,6,909,61,26941,68,1,8
2,6,61,68,13028,73,0,0
2,6,68,70,-6469,75,0,0
2,6,70,82,0,86,0,0
2,6,903,60,16384,67,0,363
2,6,60,65,16384,71,0,0
2,6,65,76,-1909,79,1,0
2,6,807,808,-8192,947,0,0
2,6,808,809,-24576,948,0,0
2,6,809,810,24576,949,0,0
2,6,810,807,8192,953,0,0
2,6,576,806,-24576,945,0,0
2,6,806,811,-24576,952,0,0
2,6,806,807,-8192,946,0,0
2,6,810,811,24576,950,0,0
2,6,811,806,8192,952,1,0
2,6,807,810,-24576,953,1,0
2,6,485,488,-8192,572,0,0
2,6,485,486,16384,544,0,0
2,6,490,488,-32768,547,0,0
2,6,488,485,24576,572,1,0
2,6,811,491,-24576,951,0,0
2,6,491,490,-32768,986,0,0
2,6,910,485,8192,545,0,1108
2,6,680,683,-16384,797,0,0
2,6,683,670,-32768,798,0,0
2,6,667,684,-32768,799,0,0
2,6,684,687,16384,803,0,0
2,6,642,643,0,743,0,0
2,6,661,642,24576,772,0,0
2,6,643,661,-24576,773,0,0
2,6,642,661,-8192,772,1,0
2,6,660,642,8192,779,0,0
2,6,663,660,22517,780,1,0
2,6,638,911,-32768,739,0,0
2,6,542,646,-8192,746,0,0
2,6,646,638,-25651,754,0,0
2,6,912,638,26056,740,0,102
2,6,638,646,7116,754,1,0
2,6,632,633,-16384,736,0,0
2,6,640,639,16384,741,0,0
2,6,647,632,-8192,748,0,0
2,6,639,647,10557,755,0,0
2,6,633,913,-32768,761,0,0
2,6,646,647,-8192,747,0,0
2,6,647,639,-22210,755,1,0
2,6,639,912,26056,740,0,0
2,6,643,650,-8192,756,0,0
2,6,661,643,8192,773,1,0
2,6,650,662,-22517,774,0,0
2,6,914,640,0,742,0,13
2,6,656,657,-16384,767,0,0
2,6,662,656,-8192,775,0,0
2,6,650,656,-16384,766,0,0
2,6,662,650,10250,774,1,0
2,6,656,662,24576,775,1,0
2,6,634,915,16384,737,0,0
2,6,916,644,-16384,745,0,48
2,6,917,634,-32768,763,0,64
2,6,644,645,0,744,0,0
2,6,655,917,-32768,763,0,0
2,6,645,655,-15086,764,0,0
2,6,641,914,0,742,0,0
2,6,913,654,-32768,761,0,109
2,6,654,641,15086,765,0,0
2,6,652,653,-26856,759,0,0
2,6,653,651,26856,760,0,0
2,6,657,652,-16384,768,0,0
2,6,651,658,16384,769,0,0
2,6,664,657,-10101,777,0,0
2,6,658,664,10101,778,0,0
2,6,645,651,8192,757,0,0
2,6,651,653,-5911,760,1,0
2,6,918,645,17685,764,1,32
2,6,652,641,-8192,758,0,0
2,6,653,652,5911,759,1,0
2,6,654,655,-32768,762,0,0
2,6,655,918,17667,764,1,0
2,6,641,654,-17681,765,1,0
2,6,657,664,22666,777,1,0
2,6,659,660,16384,771,0,0
2,6,663,659,-24576,776,0,0
2,6,660,663,-10250,780,0,0
2,6,658,659,16384,770,0,0
2,6,659,663,8192,776,1,0
2,6,664,658,-22666,778,1,0
2,6,919,540,0,609,0,64
2,6,541,542,0,611,0,0
2,6,540,541,0,619,0,0
2,6,911,636,-32768,739,0,104
2,6,540,537,16384,610,0,0
2,6,543,541,-16384,612,0,0
2,6,537,543,0,618,0,0
2,6,541,540,-32768,619,1,0
2,6,491,492,-16384,548,0,0
2,6,507,490,16384,566,0,0
2,6,545,507,-32768,616,0,0
2,6,492,546,-32768,617,0,0
2,6,490,491,0,986,1,0
2,6,538,545,16384,614,0,0
2,6,546,544,-16384,615,0,0
2,6,544,538,-32768,620,0,0
2,6,537,538,16384,608,0,0
2,6,544,543,-16384,613,0,0
2,6,543,537,-32768,618,1,0
2,6,538,544,0,620,1,0
2,6,487,920,-11547,568,0,0
2,6,487,910,8192,545,0,0
2,6,488,921,-24576,546,0,0
2,6,920,487,21220,568,1,17
2,6,922,487,7855,576,0,105
2,6,665,666,-32768,781,0,0
2,6,666,667,16384,782,0,0
2,6,670,665,-16384,784,0,0
2,6,915,635,16384,737,0,216
2,6,637,916,-16384,745,0,0
2,6,635,648,8192,749,0,0
2,6,648,637,-10557,753,0,0
2,6,539,919,0,609,0,0
2,6,649,539,8192,751,0,0
2,6,636,649,25651,752,0,0
2,6,636,637,-26056,738,0,0
2,6,648,649,8192,750,0,0
2,6,649,636,-7116,752,1,0
2,6,637,648,22210,753,1,0
2,6,923,59,13481,66,0,99
2,6,174,450,16384,493,0,0
2,6,450,451,16384,494,0,0
2,6,469,924,-16384,518,0,0
2,6,176,469,0,519,0,0
2,6,451,445,16384,1026,0,0
2,6,175,176,0,190,0,0
2,6,445,446,-32768,485,0,0
2,6,447,175,16384,487,0,0
2,6,336,337,16384,364,0,0
2,6,446,336,-32768,486,0,0
2,6,337,447,0,488,0,0
2,6,424,425,16384,460,0,0
2,6,425,426,0,461,0,0
2,6,426,427,-16384,462,0,0
2,6,428,429,-16384,463,0,0
2,6,429,430,-32768,464,0,0
2,6,430,431,16384,465,0,0
2,6,387,388,-16384,415,0,0
2,6,427,439,0,475,0,0
2,6,439,387,-8192,476,0,0
2,6,388,440,-24576,477,0,0
2,6,440,428,-32768,478,0,0
2,6,337,336,-16384,364,1,0
2,6,388,387,16384,415,1,0
2,6,387,337,0,418,0,0
2,6,336,388,-32768,419,0,0
2,6,452,453,16384,560,0,0
2,6,454,452,-32768,573,0,0
2,6,453,455,0,574,0,0
2,6,455,454,-16384,1084,0,0
2,6,421,436,0,470,0,0
2,6,453,421,16384,496,0,0
2,6,436,455,-16384,498,0,0
2,6,455,453,-32768,574,1,0
2,6,433,420,-32768,471,0,0
2,6,420,452,16384,495,0,0
2,6,454,433,-16384,497,0,0
2,6,452,454,0,573,1,0
2,6,423,424,0,459,0,0
2,6,431,432,-32768,466,0,0
2,6,432,423,23421,474,0,0
2,6,435,422,-32768,469,0,0
2,6,423,432,-9346,474,1,0
2,6,432,457,-16384,501,0,0
2,6,457,435,-16384,502,0,0
2,6,422,458,16384,503,0,0
2,6,458,423,16384,504,0,0
2,6,421,422,16384,458,0,0
2,6,435,436,-16384,468,0,0
2,6,422,435,0,469,1,0
2,6,436,421,-32768,470,1,0
2,6,496,497,-16384,553,0,0
2,6,497,498,-32768,554,0,0
2,6,502,501,-16384,558,0,0
2,6,503,502,0,559,0,0
2,6,501,496,-16384,562,0,0
2,6,498,503,11547,567,0,0
2,6,495,496,-32768,552,0,0
2,6,501,500,0,557,0,0
2,6,500,495,-16384,561,0,0
2,6,496,501,16384,562,1,0
2,6,452,494,-32768,550,0,0
2,6,499,453,0,555,0,0
2,6,453,452,-16384,560,1,0
2,6,494,499,16384,563,0,0
2,6,494,495,-32768,551,0,0
2,6,500,499,0,556,0,0
2,6,495,500,16384,561,1,0
2,6,499,494,-16384,563,1,0
2,6,503,498,-21220,567,1,0
2,6,512,513,11547,571,0,0
2,6,498,512,30402,577,0,0
2,6,513,503,-4117,581,0,0
2,6,510,511,1875,570,0,0
2,6,513,512,-21220,571,1,0
2,6,511,513,-8192,578,0,0
2,6,512,510,23708,582,0,0
2,6,508,509,-2777,569,0,0
2,6,511,510,-30892,570,1,0
2,6,509,511,-16384,579,0,0
2,6,510,508,16384,580,0,0
2,6,920,489,-11547,568,0,53
2,6,509,508,29990,569,1,0
2,6,489,509,-24027,575,0,0
2,6,508,922,7855,576,0,0
2,6,921,489,-24576,546,0,1176
2,6,489,920,21220,568,1,0
2,6,312,168,23095,323,0,0
2,6,195,168,8192,204,0,0
2,6,216,195,23095,319,0,0
2,6,168,312,-9672,323,1,0
2,6,312,824,-24576,972,0,0
2,6,824,216,-24576,973,0,0
2,6,216,217,-24576,237,0,0
2,6,195,216,-9672,319,1,0
2,6,217,309,23095,320,0,0
2,6,309,195,8192,334,0,0
2,6,309,217,-9672,320,1,0
2,6,217,314,-24576,327,0,0
2,6,314,282,22295,330,0,0
2,6,282,309,0,335,0,0
2,6,282,314,-10472,330,1,0
2,6,218,249,-11547,302,0,0
2,6,315,218,0,329,0,0
2,6,218,219,0,238,0,0
2,6,249,218,21220,302,1,0
2,6,248,859,-24576,1035,0,0
2,6,862,249,24576,1039,0,0
2,6,859,862,-32768,1078,0,0
2,6,925,312,24576,441,0,67
2,6,859,860,-16384,1036,0,0
2,6,862,859,0,1078,1,0
2,6,249,250,-24576,263,0,0
2,6,263,264,24576,276,0,0
2,6,314,315,-8192,328,0,0
2,6,260,261,-8192,273,0,0
2,6,261,262,8192,274,0,0
2,6,262,263,16384,275,0,0
2,6,264,265,-24576,277,0,0
2,6,250,251,-8192,264,0,0
2,6,251,252,-16384,265,0,0
2,6,252,253,-32768,266,0,0
2,6,860,861,-32768,1037,0,0
2,6,861,862,16384,1038,0,0
2,6,330,327,0,356,0,0
2,6,926,330,16384,357,0,16
2,6,327,927,-13028,358,0,0
2,6,327,245,8192,353,0,0
2,6,927,327,19739,358,1,151
2,6,254,255,0,268,0,0
2,6,255,256,-8192,269,0,0
2,6,256,257,-24576,270,0,0
2,6,468,293,16384,517,1,0
2,6,257,468,-32768,1022,0,0
2,6,253,254,-16384,267,0,0
2,6,293,319,16384,340,0,0
2,6,324,325,-32768,348,0,0
2,6,325,326,16384,349,0,0
2,6,323,324,-16384,351,0,0
2,6,326,323,0,360,0,0
2,6,269,928,0,281,0,0
2,6,289,290,-32768,294,0,0
2,6,290,269,16384,350,0,0
2,6,323,269,0,346,0,0
2,6,290,324,-32768,347,0,0
2,6,269,290,-16384,350,1,0
2,6,324,323,16384,351,1,0
2,6,273,274,-22020,283,0,0
2,6,279,280,16384,288,0,0
2,6,280,302,7579,1018,0,0
2,6,929,279,24576,1019,0,80
2,6,275,276,-3355,285,0,0
2,6,276,277,-16384,286,0,0
2,6,277,278,-32768,287,0,0
2,6,278,929,24576,1019,0,0
2,6,274,275,-16384,284,0,0
2,6,301,273,0,306,1,0
2,6,302,301,15086,307,0,0
2,6,265,266,-32768,278,0,0
2,6,266,267,16384,279,0,0
2,6,281,282,-10250,289,0,0
2,6,267,268,-32768,280,0,0
2,6,271,272,8192,282,0,0
2,6,930,281,4836,308,0,35
2,6,268,271,29412,325,0,0
2,6,272,299,16384,303,0,0
2,6,299,930,4836,308,0,0
2,6,287,288,-32768,293,0,0
2,6,313,287,-16384,324,0,0
2,6,270,313,3355,326,0,0
2,6,928,270,0,281,0,152
2,6,271,268,-3355,325,1,0
2,6,313,270,-29412,326,1,0
2,6,270,271,16384,980,0,0
2,6,268,855,-8192,1030,0,0
2,6,858,313,-24576,1034,0,0
2,6,855,858,-16384,1077,0,0
2,6,855,856,0,1031,0,0
2,6,856,857,-16384,1032,0,0
2,6,857,858,-32768,1033,0,0
2,6,858,855,16384,1077,1,0
2,6,931,281,-16384,290,0,32
2,6,299,300,16384,304,0,0
2,6,281,299,-27931,308,1,0
2,6,300,273,24576,305,0,0
2,6,285,286,24576,292,0,0
2,6,292,293,0,296,0,0
2,6,286,932,9137,352,0,0
2,6,293,468,-16384,517,0,0
2,6,468,689,-32768,808,0,0
2,6,694,285,-32768,813,0,0
2,6,689,694,-32768,851,0,0
2,6,258,259,16384,271,0,0
2,6,259,260,0,272,0,0
2,6,319,258,-32768,341,0,0
2,6,291,292,-16384,295,0,0
2,6,932,291,9137,352,0,83
2,6,286,294,16384,297,0,0
2,6,294,321,0,344,0,0
2,6,322,291,0,345,0,0
2,6,291,286,-23630,352,1,0
2,6,321,289,16384,1020,0,0
2,6,288,322,-16384,1021,0,0
2,6,789,790,16384,920,0,0
2,6,790,791,8192,921,0,0
2,6,791,792,-8192,922,0,0
2,6,792,793,-16384,923,0,0
2,6,793,789,-32768,925,0,0
2,6,771,789,16384,919,0,0
2,6,793,772,-16384,924,0,0
2,6,789,793,0,925,1,0
2,6,772,771,-32768,926,1,0
2,6,757,758,16384,873,0,0
2,6,758,759,8192,874,0,0
2,6,759,760,-8192,875,0,0
2,6,760,761,-16384,876,0,0
2,6,933,757,-32768,901,0,56
2,6,761,762,0,877,0,0
2,6,778,933,-32768,901,0,0
2,6,934,779,-32768,902,0,56
2,6,779,778,-32768,1090,1,0
2,6,762,763,16384,878,0,0
2,6,763,764,8192,879,0,0
2,6,764,765,-8192,880,0,0
2,6,765,766,-16384,881,0,0
2,6,766,934,-32768,902,0,0
2,6,768,769,16384,883,0,0
2,6,774,770,-16384,891,0,0
2,6,769,774,0,892,0,0
2,6,780,767,-16384,904,0,0
2,6,756,781,16384,905,0,0
2,6,781,780,0,1089,0,0
2,6,779,780,-16384,903,0,0
2,6,781,778,16384,906,0,0
2,6,780,781,-32768,1089,1,0
2,6,778,779,0,1090,0,0
2,6,385,386,-16384,414,0,0
2,6,437,438,8192,473,0,0
2,6,438,441,0,479,0,0
2,6,441,385,0,480,0,0
2,6,386,442,-32768,481,0,0
2,6,442,437,-32768,482,0,0
2,6,419,434,0,472,0,0
2,6,438,437,-24576,473,1,0
2,6,456,438,-16384,499,0,0
2,6,434,456,-16384,500,0,0
2,6,437,459,16384,505,0,0
2,6,459,419,16384,506,0,0
2,6,419,420,16384,457,0,0
2,6,433,434,-16384,467,0,0
2,6,420,433,0,471,1,0
2,6,434,419,-32768,472,1,0
2,6,173,174,0,189,0,0
2,6,443,444,-32768,483,0,0
2,6,448,173,16384,490,0,0
2,6,924,935,-16384,518,0,256
2,6,334,335,16384,363,0,0
2,6,444,334,-32768,484,0,0
2,6,335,448,0,489,0,0
2,6,335,334,-16384,363,1,0
2,6,386,385,16384,414,1,0
2,6,385,335,0,416,0,0
2,6,334,386,-32768,417,0,0
2,6,389,390,16384,420,0,0
2,6,390,936,0,421,0,0
2,6,398,399,-16384,427,0,0
2,6,402,389,-32768,433,0,0
2,6,936,391,0,421,0,128
2,6,400,398,-32768,428,0,0
2,6,391,400,-16384,429,0,0
2,6,399,401,0,430,0,0
2,6,401,412,-16384,445,0,0
2,6,399,398,16384,427,1,0
2,6,398,400,0,428,1,0
2,6,401,399,-32768,430,1,0
2,6,400,401,-16384,431,0,0
2,6,390,389,-16384,420,1,0
2,6,389,394,-32768,423,0,0
2,6,394,395,16384,424,0,0
2,6,395,390,0,425,0,0
2,6,449,443,16384,491,0,0
2,6,172,449,16384,492,0,0
2,6,935,937,-16384,518,0,384
2,6,171,172,0,188,0,0
2,6,331,171,16384,361,0,0
2,6,396,397,-16384,426,0,0
2,6,406,396,0,439,0,0
2,6,412,406,0,446,0,0
2,6,404,405,0,436,0,0
2,6,405,396,-16384,437,0,0
2,6,406,404,16384,438,0,0
2,6,396,406,-32768,439,1,0
2,6,392,393,-32768,422,0,0
2,6,393,402,16384,432,0,0
2,6,397,392,-16384,1091,0,0
2,6,384,383,-16384,413,0,0
2,6,397,384,0,1085,0,0
2,6,383,392,-32768,1088,0,0
2,6,392,397,16384,1091,1,0
2,6,402,393,-16384,432,1,0
2,6,389,402,0,433,1,0
2,6,403,389,16384,434,0,0
2,6,393,403,-32768,435,0,0
2,6,310,170,-16384,321,1,0
2,6,284,311,21857,322,0,0
2,6,170,284,-32768,336,0,0
2,6,311,310,0,1017,0,0
2,6,284,283,-22517,291,0,0
2,6,311,284,-10910,322,1,0
2,6,317,854,16384,1027,0,0
2,6,854,311,0,1028,0,0
2,6,283,317,27772,1029,0,0
2,6,283,931,-16384,290,0,0
2,6,273,301,-32768,306,0,0
2,6,301,317,16384,337,0,0
2,6,317,283,-4995,1029,1,0
2,6,168,169,24576,186,0,0
2,6,169,308,16384,318,0,0
2,6,308,407,16384,456,0,0
2,6,937,410,-16384,518,0,768
2,6,410,938,-8192,442,0,0
2,6,169,170,24576,187,0,0
2,6,308,169,-16384,318,1,0
2,6,170,310,16384,321,0,0
2,6,318,308,0,338,0,0
2,6,310,318,0,339,0,0
2,6,332,333,16384,362,0,0
2,6,407,408,-32768,440,0,0
2,6,333,331,0,1086,0,0
2,6,408,332,-32768,1087,0,0
2,6,333,332,-16384,362,1,0
2,6,332,383,-32768,411,0,0
2,6,384,333,0,412,0,0
2,6,383,384,16384,413,1,0
2,6,728,729,16384,845,0,0
2,6,773,730,-8192,889,0,0
2,6,729,773,8192,890,0,0
2,6,773,729,-24576,890,1,0
2,6,693,699,0,818,0,0
2,6,731,698,16384,847,0,0
2,6,699,939,-26634,899,0,0
2,6,730,731,0,846,0,0
2,6,700,701,-8192,820,0,0
2,6,704,705,-32768,824,0,0
2,6,705,700,4836,900,0,0
2,6,699,700,-8192,819,0,0
2,6,939,699,6133,899,1,115
2,6,700,705,-27931,900,1,0
2,6,695,692,0,850,0,0
2,6,691,692,-16384,811,0,0
2,6,695,696,16384,814,0,0
2,6,696,691,0,849,0,0
2,6,692,695,-32768,850,1,0
2,6,689,690,-16384,809,0,0
2,6,697,694,16384,816,0,0
2,6,690,697,-32768,848,0,0
2,6,694,689,0,851,1,0
2,6,690,691,-16384,810,0,0
2,6,696,697,16384,815,0,0
2,6,697,690,0,848,1,0
2,6,691,696,-32768,849,1,0
2,6,698,695,6711,817,0,0
2,6,772,773,-8192,888,0,0
2,6,940,329,-32768,355,0,48
2,6,329,926,16384,357,0,0
2,6,692,693,-6711,812,0,0
2,6,732,733,-24576,852,0,0
2,6,733,734,24576,853,0,0
2,6,770,771,0,884,0,0
2,6,771,732,-8192,893,0,0
2,6,732,771,24576,893,1,0
2,6,771,772,0,926,0,0
2,6,729,872,-24576,1051,0,0
2,6,875,732,24576,1055,0,0
2,6,872,875,-32768,1081,0,0
2,6,872,873,-16384,1052,0,0
2,6,873,874,-32768,1053,0,0
2,6,874,875,16384,1054,0,0
2,6,875,872,0,1081,1,0
2,6,755,756,0,872,0,0
2,6,767,768,0,882,0,0
2,6,775,776,-32768,895,0,0
2,6,776,755,16384,896,0,0
2,6,734,735,-24576,854,0,0
2,6,735,754,30212,885,0,0
2,6,754,775,16384,894,0,0
2,6,941,754,16384,871,0,64
2,6,754,735,-2555,885,1,0
2,6,735,876,-8192,1056,0,0
2,6,879,736,-24576,1060,0,0
2,6,876,879,-16384,1082,0,0
2,6,876,877,0,1057,0,0
2,6,877,878,-16384,1058,0,0
2,6,878,879,-32768,1059,0,0
2,6,879,876,16384,1082,1,0
2,6,942,719,-32768,836,0,320
2,6,719,720,24576,837,0,0
2,6,723,724,8192,841,0,0
2,6,724,777,-6133,898,0,0
2,6,785,786,-16384,912,0,0
2,6,777,785,-16384,917,0,0
2,6,705,777,-16384,897,0,0
2,6,777,724,26634,898,1,0
2,6,724,868,24576,1046,0,0
2,6,868,871,16384,1080,0,0
2,6,870,871,0,1049,0,0
2,6,871,868,-16384,1080,1,0
2,6,720,721,16384,838,0,0
2,6,721,722,4836,839,0,0
2,6,722,723,-8192,840,0,0
2,6,868,869,-32768,1047,0,0
2,6,869,870,16384,1048,0,0
2,6,725,726,24576,842,0,0
2,6,939,725,-26634,899,0,346
2,6,725,939,6133,899,1,0
2,6,726,727,-24576,843,0,0
2,6,727,728,27931,844,0,0
2,6,871,725,8192,1050,0,0
2,6,701,702,-16384,821,0,0
2,6,702,703,-32768,822,0,0
2,6,703,704,16384,823,0,0
2,6,708,709,-32768,827,0,0
2,6,709,710,16384,828,0,0
2,6,710,782,0,907,0,0
2,6,782,708,-16384,909,1,0
2,6,783,784,0,911,0,0
2,6,784,787,-16384,913,0,0
2,6,787,788,-32768,914,0,0
2,6,788,783,16384,916,0,0
2,6,777,783,0,910,0,0
2,6,788,785,-32768,915,0,0
2,6,783,788,-16384,916,1,0
2,6,785,777,16384,917,1,0
2,6,717,718,-24576,835,0,0
2,6,718,942,-32768,836,0,0
2,6,786,867,0,1045,0,0
2,6,867,706,0,1070,0,0
2,6,751,752,-32768,869,0,0
2,6,752,753,16384,870,0,0
2,6,753,736,2555,886,0,0
2,6,753,941,16384,871,0,0
2,6,736,753,-30212,886,1,0
2,6,747,748,-32768,865,0,0
2,6,748,749,16384,866,0,0
2,6,749,750,0,867,0,0
2,6,746,747,-16384,887,0,0
2,6,750,751,16384,868,0,0
2,6,736,737,-8192,855,0,0
2,6,745,746,-24576,864,0,0
2,6,737,745,-16384,918,0,0
2,6,737,738,8192,856,0,0
2,6,738,739,0,857,0,0
2,6,745,737,16384,918,1,0
2,6,943,740,-16384,858,0,256
2,6,740,741,-32768,859,0,0
2,6,741,742,16384,860,0,0
2,6,742,743,0,861,0,0
2,6,739,943,-16384,858,0,0
2,6,743,744,16384,862,0,0
2,6,744,745,24576,863,0,0
2,6,177,178,0,191,0,0
2,6,409,925,24576,441,0,0
2,6,413,414,-32768,448,0,0
2,6,414,409,-32768,449,0,0
2,6,938,177,-8192,442,0,45
2,6,49,48,0,57,0,0
2,6,944,54,-24576,60,0,181
2,6,54,945,-32768,61,0,0
2,6,18,19,-16384,17,0,0
2,6,19,20,-32768,18,0,0
2,6,20,21,16384,19,0,0
2,6,21,18,0,23,1,0
2,6,48,946,8192,55,0,0
2,6,26,27,0,29,0,0
2,6,31,30,0,33,0,0
2,6,32,33,-32768,34,0,0
2,6,30,26,0,38,0,0
2,6,33,34,24576,39,0,0
2,6,38,32,-24576,43,0,0
2,6,40,38,-21220,47,0,0
2,6,34,37,21220,48,0,0
2,6,27,40,-16384,963,0,0
2,6,37,31,16384,964,0,0
2,6,34,35,-27931,40,0,0
2,6,35,947,21220,41,0,0
2,6,37,34,-11547,48,1,0
2,6,25,26,-16384,28,0,0
2,6,30,29,16384,32,0,0
2,6,29,25,0,37,0,0
2,6,26,30,-32768,38,1,0
2,6,39,38,27931,44,0,0
2,6,40,41,-4836,45,0,0
2,6,41,39,-21220,46,0,0
2,6,38,40,11547,47,1,0
2,6,946,948,8192,55,0,45
2,6,0,1,16384,0,0,0
2,6,16,17,-19543,15,0,0
2,6,17,18,-32768,16,0,0
2,6,21,0,-32768,20,0,0
2,6,18,21,-32768,23,0,0
2,6,947,36,21220,41,0,17
2,6,36,37,4836,42,0,0
2,6,1,0,-16384,0,1,0
2,6,0,42,-32768,49,0,0
2,6,43,1,0,50,0,0
2,6,42,43,16384,51,1,0
2,6,1,2,16384,1,0,0
2,6,2,3,0,2,0,0
2,6,14,15,0,13,0,0
2,6,15,16,-16384,14,0,0
2,6,3,14,0,21,0,0
2,6,949,45,-16384,52,0,256
2,6,50,950,16384,58,0,0
2,6,951,50,24576,62,0,113
2,6,43,42,-16384,51,0,0
2,6,45,43,0,53,0,0
2,6,42,49,-16384,56,0,0
2,6,945,55,-32768,61,0,488
2,6,55,951,24576,62,0,0
2,6,178,952,8192,443,0,0
2,6,953,9,0,8,0,120
2,6,9,10,-4836,9,0,0
2,6,10,11,-15086,10,0,0
2,6,11,12,-20126,11,0,0
2,6,12,23,-32768,25,0,0
2,6,23,22,-32768,35,0,0
2,6,81,954,0,85,1,0
2,6,955,81,24576,88,0,45
2,6,23,24,-16384,26,0,0
2,6,28,22,16384,30,0,0
2,6,22,23,0,35,1,0
2,6,24,28,-32768,36,0,0
2,6,24,25,-16384,27,0,0
2,6,29,28,16384,31,0,0
2,6,28,24,0,36,1,0
2,6,25,29,-32768,37,1,0
2,6,44,949,-16384,52,0,0
2,6,950,51,16384,58,0,192
2,6,51,58,16384,64,0,0
2,6,58,956,0,84,1,0
2,6,956,80,0,84,1,96
2,6,80,44,-24576,87,0,0
2,6,4,5,-32768,4,0,0
2,6,5,6,20126,5,0,0
2,6,6,7,15086,6,0,0
2,6,7,8,4836,7,0,0
2,6,8,953,0,8,0,0
2,6,13,4,-32768,22,0,0
2,6,22,13,-32768,24,0,0
2,6,3,4,16384,3,0,0
2,6,13,14,-16384,12,0,0
2,6,14,3,-32768,21,1,0
2,6,4,13,0,22,1,0
2,6,58,923,13481,66,0,0
2,6,79,78,0,82,0,0
2,6,80,58,-32768,84,0,0
2,6,954,81,-32768,85,0,128
2,6,822,823,-32768,971,0,0
2,6,825,80,-32768,974,0,0
2,6,823,826,-32768,975,0,0
2,6,826,825,-32768,976,0,0
2,6,81,827,-32768,977,0,0
2,6,827,828,-32768,978,0,0
2,6,828,822,-32768,979,0,0
2,6,240,239,-8192,311,0,0
2,6,303,240,16384,312,0,0
2,6,239,307,-32768,317,0,0
2,6,307,305,-16384,316,0,0
2,6,238,239,-16384,256,0,0
2,6,239,240,24576,311,1,0
2,6,240,241,-32768,257,0,0
2,6,297,298,0,300,0,0
2,6,298,240,-8192,310,0,0
2,6,240,298,24576,310,1,0
2,6,304,303,0,313,0,0
2,6,222,223,-8192,242,0,0
2,6,247,248,24576,262,0,0
2,6,296,297,-16384,299,0,0
2,6,248,222,11547,301,0,0
2,6,219,220,16384,239,0,0
2,6,222,248,-21220,301,1,0
2,6,298,863,24576,1040,0,0
2,6,866,295,8192,1044,0,0
2,6,863,866,16384,1079,0,0
2,6,863,864,-32768,1041,0,0
2,6,866,863,-16384,1079,1,0
2,6,295,296,-32768,298,0,0
2,6,864,865,16384,1042,0,0
2,6,865,866,0,1043,0,0
2,6,328,940,-32768,355,0,0
2,6,927,328,-13028,358,0,50
2,6,707,708,24576,826,0,0
2,6,711,957,-16384,829,0,0
2,6,782,711,0,908,0,0
2,6,708,782,16384,909,0,0
2,6,706,707,8192,825,0,0
2,6,716,717,-32768,834,0,0
2,6,957,712,-16384,829,0,320
2,6,712,958,-32768,830,0,0
2,6,715,716,16384,833,0,0
2,6,958,713,-32768,830,0,64
2,6,713,714,16384,831,0,0
2,6,714,715,0,832,0,0
2,6,245,246,16384,260,0,0
2,6,246,247,8192,261,0,0
2,6,244,245,19739,359,0,0
2,6,241,852,-16384,1023,0,0
2,6,244,328,-24576,354,0,0
2,6,328,927,19739,358,1,0
2,6,245,244,-13028,359,1,0
2,6,305,306,-32768,314,0,0
2,6,306,304,16384,315,0,0
2,6,852,853,-16384,1024,0,0
2,6,853,242,-16384,1025,0,0
2,6,242,243,-24576,258,0,0
2,6,243,244,24576,259,0,0
2,6,237,238,-32768,255,0,0
2,6,233,316,0,331,0,0
2,6,316,237,-16384,333,0,0
2,6,233,234,16384,252,0,0
2,6,234,235,8192,253,0,0
2,6,235,236,-8192,254,0,0
2,6,316,233,-32768,331,1,0
2,6,236,316,-16384,332,0,0
2,6,415,416,0,450,0,0
2,6,416,417,-16384,453,0,0
2,6,417,418,-32768,454,0,0
2,6,418,415,16384,455,0,0
2,6,414,413,0,448,1,0
2,6,416,415,-32768,450,1,0
2,6,413,416,-16384,451,0,0
2,6,415,414,16384,452,0,0
2,6,220,221,0,240,0,0
2,6,221,222,-16384,241,0,0
2,6,225,226,-32768,245,0,0
2,6,226,227,16384,246,0,0
2,6,227,228,0,247,0,0
2,6,228,229,-8192,248,0,0
2,6,224,225,16384,244,0,0
2,6,229,295,-24576,309,0,0
2,6,223,224,0,243,0,0
2,6,229,230,-16384,249,0,0
2,6,230,231,-32768,250,0,0
2,6,959,229,8192,309,1,45
2,6,295,959,8192,309,1,0
2,6,320,232,-8192,342,0,0
2,6,231,320,-16384,343,0,0
2,6,232,233,0,251,0,0
2,6,564,565,-32768,639,0,0
2,6,844,845,16384,1008,0,0
2,6,845,846,0,1009,0,0
2,6,846,847,-16384,1010,0,0
2,6,847,562,-16384,1011,0,0
2,6,566,567,0,640,0,0
2,6,563,848,-16384,1012,0,0
2,6,848,849,-16384,1013,0,0
2,6,849,850,-32768,1014,0,0
2,6,850,851,16384,1015,0,0
2,6,567,564,16384,641,0,0
2,6,565,566,-16384,642,0,0
2,6,565,564,0,639,1,0
2,6,567,566,-32768,640,1,0
2,6,564,567,-16384,641,1,0
2,6,566,565,16384,642,1,0
2,6,159,154,16384,638,0,0
2,6,154,844,0,1007,0,0
2,6,851,159,-32768,1016,0,0
2,6,153,154,0,173,0,0
2,6,159,160,-32768,176,0,0
2,6,160,153,16384,178,1,0
2,6,154,159,-16384,638,1,0
2,6,157,156,16384,507,0,0
2,6,156,460,16384,508,0,0
2,6,960,157,16384,509,0,96
2,6,460,462,0,510,0,0
2,6,467,961,-16384,515,0,0
2,6,462,464,-16384,516,0,0
2,6,464,467,-16384,1083,0,0
2,6,464,465,0,512,0,0
2,6,465,466,-16384,513,0,0
2,6,466,467,-32768,514,0,0
2,6,467,464,16384,1083,1,0
2,6,562,155,0,635,0,0
2,6,158,563,-32768,636,0,0
2,6,155,158,-16384,637,0,0
2,6,155,156,0,174,0,0
2,6,157,158,-32768,175,0,0
2,6,156,157,-16384,507,1,0
2,6,158,155,16384,637,1,0
2,6,146,148,0,169,0,0
2,6,147,146,16384,179,0,0
2,6,210,211,-32768,229,0,0
2,6,212,147,-32768,231,0,0
2,6,832,210,-16384,991,0,0
2,6,833,832,-16384,992,0,0
2,6,148,834,-16384,994,0,0
2,6,834,831,-16384,995,0,0
2,6,831,833,-16384,1093,0,0
2,6,149,150,-16384,170,0,0
2,6,831,149,0,990,0,0
2,6,150,833,-32768,993,0,0
2,6,833,831,16384,1093,1,0
2,6,900,57,-13481,63,0,133
2,6,57,954,-32768,85,0,0
2,6,57,52,-16384,65,0,0
2,6,954,57,0,85,1,144
2,6,52,57,16384,65,1,0
2,6,57,146,0,167,0,0
2,6,147,52,-32768,168,0,0
2,6,146,147,-16384,179,1,0
2,6,835,836,16384,997,0,0
2,6,836,837,0,998,0,0
2,6,837,838,-16384,999,0,0
2,6,838,839,-16384,1000,0,0
2,6,160,161,-32768,177,0,0
2,6,153,160,-16384,178,0,0
2,6,839,153,0,1001,0,0
2,6,840,841,16384,1002,0,0
2,6,842,840,-32768,1003,0,0
2,6,843,842,-16384,1004,0,0
2,6,161,843,-16384,1005,0,0
2,6,152,151,16384,180,0,0
2,6,151,835,0,996,0,0
2,6,841,152,-32768,1006,0,0
2,6,150,149,16384,170,1,0
2,6,149,151,0,171,0,0
2,6,152,150,-32768,172,0,0
2,6,151,152,-16384,180,1,0
2,6,186,187,-16384,197,0,0
2,6,187,188,-32768,198,0,0
2,6,188,962,24912,199,0,0
2,6,198,199,-8192,207,0,0
2,6,963,198,-8192,208,0,135
2,6,199,186,-8192,209,0,0
2,6,883,964,16384,1072,0,0
2,6,199,198,24576,207,1,0
2,6,198,197,12415,210,0,0
2,6,197,196,-8192,211,1,0
2,6,196,199,-28799,217,0,0
2,6,202,204,-24576,220,0,0
2,6,204,205,24576,221,0,0
2,6,205,203,8192,222,0,0
2,6,203,202,-8192,223,0,0
2,6,205,204,-8192,221,1,0
2,6,964,205,16384,1072,0,160
2,6,183,182,-8192,195,1,0
2,6,182,202,-24576,218,0,0
2,6,203,183,8192,219,0,0
2,6,202,203,24576,223,1,0
2,6,882,884,-16384,1073,0,0
2,6,884,885,-32768,1074,0,0
2,6,885,883,16384,1075,0,0
2,6,883,882,0,1076,0,0
2,6,204,882,-16384,1071,0,0
2,6,882,883,-32768,1076,1,0
2,6,179,180,8192,192,0,0
2,6,180,181,-8192,193,0,0
2,6,181,182,-24576,194,0,0
2,6,182,183,24576,195,0,0
2,6,183,179,8192,224,1,0
2,6,193,179,-8192,202,0,0
2,6,194,193,-8192,203,0,0
2,6,183,196,24576,205,0,0
2,6,196,197,24576,211,0,0
2,6,179,183,-24576,224,0,0
2,6,190,191,0,200,0,0
2,6,191,192,-16384,201,0,0
2,6,192,200,-24576,212,0,0
2,6,201,190,8192,213,0,0
2,6,200,201,24576,216,0,0
2,6,193,194,24576,203,1,0
2,6,194,201,8192,214,0,0
2,6,200,193,-24576,215,0,0
2,6,201,200,-8192,216,1,0
2,6,162,163,-32768,181,0,0
2,6,211,162,-16384,230,0,0
2,6,163,212,16384,232,0,0
2,6,165,164,0,184,0,0
2,6,213,165,16384,234,0,0
2,6,164,214,-16384,235,0,0
2,6,163,162,0,181,1,0
2,6,162,164,-16384,182,0,0
2,6,165,163,16384,183,0,0
2,6,164,165,-32768,184,1,0
2,6,461,960,16384,509,0,0
2,6,463,461,-32768,511,0,0
2,6,961,463,-16384,515,0,48
2,6,214,215,0,236,0,0
2,6,215,794,-16384,927,0,0
2,6,797,798,0,932,0,0
2,6,798,799,-16384,933,0,0
2,6,799,796,-32768,934,0,0
2,6,796,797,16384,935,0,0
2,6,794,795,-16384,928,0,0
2,6,795,794,16384,928,1,0
2,6,796,795,-32768,930,0,0
2,6,794,797,0,931,0,0
2,6,797,796,-16384,935,1,0
2,6,197,184,24576,206,0,0
2,6,411,194,-8192,444,0,0
2,6,795,411,-16384,929,0,0
2,6,184,185,-24576,196,0,0
2,6,965,189,25038,199,0,338
2,6,952,166,8192,443,0,56
2,6,962,965,24901,199,0,203
2,6,185,963,-8192,208,0,0
2,6,189,413,-32768,447,0,0
2,6,46,47,16384,54,0,0
2,6,52,53,-16384,59,0,0
2,6,53,966,-24576,60,0,0
2,6,948,46,8192,55,0,203
2,6,966,944,-24576,60,0,135
2,6,47,955,24576,88,0,0
2,6,166,167,16384,185,0,0
2,6,167,213,0,233,0,0
