episode,mission,vertex_1,vertex_2,angle,line,side,offset
2,7,1157,1158,0,1362,0,0
2,7,1158,1159,-8192,1363,0,0
2,7,1159,1160,-16384,1364,0,0
2,7,1160,1161,-24576,1365,0,0
2,7,1161,1162,-32768,1366,0,0
2,7,1162,1163,24576,1367,0,0
2,7,1163,1164,16384,1368,0,0
2,7,1164,1157,8192,1369,0,0
2,7,1157,1164,-24576,1369,1,0
2,7,1162,1161,0,1366,1,0
2,7,1161,1160,8192,1365,1,0
2,7,1159,1158,24576,1363,1,0
2,7,1164,1163,-16384,1368,1,0
2,7,333,1451,16384,1370,0,0
2,7,1451,333,-16384,1370,1,128
2,7,332,333,16384,278,0,0
2,7,1163,1162,-8192,1367,1,0
2,7,1170,1171,24576,1378,0,0
2,7,1174,332,24576,1382,0,0
2,7,1171,1174,24576,1384,0,0
2,7,1169,1307,-32768,1552,0,0
2,7,1312,1170,-32768,1558,0,0
2,7,1307,1313,-32768,1559,0,0
2,7,1313,1314,-32768,1560,0,0
2,7,1314,1312,-32768,1561,0,0
2,7,864,1452,-21220,972,0,0
2,7,1453,1454,6001,1599,0,46
2,7,333,1339,-32768,1601,0,0
2,7,1339,864,-32768,1602,0,0
2,7,1455,350,-16384,295,0,192
2,7,1160,1159,16384,1364,1,0
2,7,350,1165,-24576,1373,0,0
2,7,1168,1169,-24576,1377,0,0
2,7,1165,1168,-24576,1383,0,0
2,7,1165,1166,-8192,1374,0,0
2,7,1166,1167,-24576,1375,0,0
2,7,1167,1168,24576,1376,0,0
2,7,1168,1165,8192,1383,1,0
2,7,979,1456,0,1129,0,0
2,7,998,988,27353,1420,0,0
2,7,978,979,-8192,1127,0,0
2,7,988,989,8192,1135,0,0
2,7,989,978,0,1155,0,0
2,7,986,987,24576,1133,0,0
2,7,987,988,16384,1134,0,0
2,7,998,1000,-16384,1157,1,0
2,7,1005,986,-32768,1163,0,0
2,7,1007,1006,-16384,1165,1,0
2,7,1003,1007,-16384,1166,1,0
2,7,988,998,-5414,1420,1,0
2,7,1000,1003,-16384,1606,1,0
2,7,647,648,24576,679,0,0
2,7,648,1457,0,682,0,0
2,7,976,994,-16384,1140,0,0
2,7,997,977,16384,1143,0,0
2,7,994,997,-32768,1150,0,0
2,7,977,976,0,1152,1,0
2,7,995,978,-16384,1141,0,0
2,7,989,996,16384,1142,0,0
2,7,996,995,0,1151,0,0
2,7,978,989,-32768,1155,1,0
2,7,994,995,-16384,1146,0,0
2,7,996,997,16384,1147,0,0
2,7,997,994,0,1150,1,0
2,7,995,996,-32768,1151,1,0
2,7,1458,1459,16384,501,0,512
2,7,1460,1461,-16384,502,0,64
2,7,1461,1460,16384,502,1,512
2,7,64,1462,16384,213,0,0
2,7,68,66,16384,214,0,0
2,7,1459,1458,-16384,501,1,64
2,7,63,64,8192,41,0,0
2,7,65,63,16384,42,0,0
2,7,66,65,24576,43,0,0
2,7,67,68,8192,44,0,0
2,7,69,67,16384,45,0,0
2,7,1001,1002,-16384,1159,0,0
2,7,1002,1003,-32768,1160,0,0
2,7,1000,1001,0,1164,0,0
2,7,1003,1000,16384,1606,0,0
2,7,998,999,0,1156,0,0
2,7,1000,998,16384,1157,0,0
2,7,999,1001,-16384,1158,0,0
2,7,1001,1000,-32768,1164,1,0
2,7,1456,1463,0,1129,0,32
2,7,999,998,-32768,1156,1,0
2,7,1463,980,0,1129,0,96
2,7,983,999,-27353,1421,0,0
2,7,983,1464,-16384,1131,0,0
2,7,1001,999,16384,1158,1,0
2,7,1002,1001,16384,1159,1,0
2,7,999,983,5414,1421,1,0
2,7,1004,1005,-32768,1162,0,0
2,7,1006,1009,0,1170,0,0
2,7,1006,1007,16384,1165,0,0
2,7,1008,1009,-16384,1168,0,0
2,7,1007,1008,0,1169,0,0
2,7,1009,1006,-32768,1170,1,0
2,7,1003,1002,0,1160,1,0
2,7,1007,1003,16384,1166,0,0
2,7,1002,1008,-16384,1167,0,0
2,7,1008,1007,-32768,1169,1,0
2,7,1464,984,-16384,1131,0,192
2,7,984,985,-24576,1132,0,0
2,7,985,1004,-32768,1161,0,0
2,7,1008,1002,16384,1167,1,0
2,7,1009,1008,16384,1168,1,0
2,7,982,983,-8192,1130,0,0
2,7,981,982,0,1154,0,0
2,7,991,982,-16384,1137,0,0
2,7,981,992,16384,1138,0,0
2,7,992,991,0,1149,0,0
2,7,982,981,-32768,1154,1,0
2,7,974,990,-16384,1136,0,0
2,7,993,975,16384,1139,0,0
2,7,990,993,-32768,1148,0,0
2,7,975,974,0,1153,1,0
2,7,990,991,-16384,1144,0,0
2,7,992,993,16384,1145,0,0
2,7,993,990,0,1148,1,0
2,7,991,992,-32768,1149,1,0
2,7,649,647,-32768,680,0,0
2,7,650,649,-24576,681,0,0
2,7,1457,650,0,682,0,64
2,7,980,981,8192,1128,0,0
2,7,134,860,-26941,965,0,0
2,7,860,1010,-32768,1172,0,0
2,7,134,135,-16384,109,0,0
2,7,860,134,5826,965,1,0
2,7,135,860,-32768,1171,0,0
2,7,132,133,4836,108,0,0
2,7,133,1417,0,1691,0,0
2,7,1418,134,27931,1692,0,0
2,7,1417,1419,-16384,1693,0,0
2,7,1419,1418,-32768,1694,0,0
2,7,1465,323,0,268,0,128
2,7,324,1466,-32768,270,0,0
2,7,323,132,-5826,964,0,0
2,7,131,132,-16384,107,0,0
2,7,323,131,0,269,0,0
2,7,132,323,26941,964,1,0
2,7,1309,1310,-32768,1555,0,0
2,7,1314,1313,0,1560,1,0
2,7,1310,1314,16384,1562,0,0
2,7,1313,1309,-16384,1563,0,0
2,7,1307,1308,-16384,1553,0,0
2,7,1308,1309,-32768,1554,0,0
2,7,1313,1307,0,1559,1,0
2,7,1309,1313,16384,1563,1,0
2,7,1310,1311,-32768,1556,0,0
2,7,1311,1312,16384,1557,0,0
2,7,1312,1314,0,1561,1,0
2,7,1314,1310,-16384,1562,1,0
2,7,1011,324,16384,1173,0,0
2,7,1010,1012,-16384,1174,0,0
2,7,1012,1015,-32768,1176,0,0
2,7,1016,1011,-32768,1179,0,0
2,7,1467,377,8192,329,0,79
2,7,1013,1468,-8192,1175,0,0
2,7,377,1013,0,1415,0,0
2,7,1015,1013,-16384,1177,0,0
2,7,377,1016,16384,1178,0,0
2,7,1013,377,-32768,1415,1,0
2,7,1327,1328,0,1579,0,0
2,7,1328,1329,-16384,1580,0,0
2,7,1329,1324,-32768,1581,0,0
2,7,1323,1330,-32768,1582,0,0
2,7,1330,1327,16384,1583,0,0
2,7,1324,1323,-32768,1584,0,0
2,7,1443,1444,0,1739,0,0
2,7,1444,1445,-16384,1740,0,0
2,7,1445,1446,-32768,1741,0,0
2,7,1446,1443,16384,1743,0,0
2,7,1329,1328,16384,1580,1,0
2,7,1328,1443,0,1738,0,0
2,7,1446,1329,-32768,1742,0,0
2,7,1443,1446,-16384,1743,1,0
2,7,1024,1176,-16384,1386,0,0
2,7,1176,1177,-24576,1387,0,0
2,7,1177,1178,-32768,1388,0,0
2,7,1198,1024,0,1411,0,0
2,7,1178,1198,16384,1413,0,0
2,7,1175,1469,-16384,1412,0,0
2,7,1175,1198,0,1410,0,0
2,7,1469,1175,16384,1412,1,64
2,7,1198,1178,-16384,1413,1,0
2,7,1470,319,16384,265,0,128
2,7,319,1175,-6133,1385,0,0
2,7,317,1023,0,1188,0,0
2,7,1023,1017,-16384,1189,0,0
2,7,1022,1024,-16384,1190,0,0
2,7,1175,1471,26634,1385,1,0
2,7,1198,1175,-32768,1410,1,0
2,7,1024,1198,-32768,1411,1,0
2,7,1017,1022,-16384,1414,0,0
2,7,316,317,-8192,264,0,0
2,7,319,1472,8192,329,0,0
2,7,1471,319,26634,1385,1,173
2,7,1014,1320,0,1572,0,0
2,7,1320,316,0,1585,0,0
2,7,1472,1467,8192,329,0,11
2,7,1468,1014,-8192,1175,0,11
2,7,1320,1321,16384,1573,0,0
2,7,1326,316,-16384,1578,0,0
2,7,316,1320,-32768,1585,1,0
2,7,1321,1326,0,1586,0,0
2,7,1322,1323,16384,1575,0,0
2,7,1324,1325,-16384,1576,0,0
2,7,1323,1324,0,1584,1,0
2,7,1325,1322,-32768,1587,0,0
2,7,1321,1322,16384,1574,0,0
2,7,1325,1326,-16384,1577,0,0
2,7,1326,1321,-32768,1586,1,0
2,7,1322,1325,0,1587,1,0
2,7,400,401,-32768,357,0,0
2,7,401,1458,16384,501,0,0
2,7,1461,400,-16384,502,0,512
2,7,1473,400,-32768,356,0,24
2,7,400,1461,16384,502,1,0
2,7,75,74,16384,50,0,0
2,7,72,285,16384,233,0,0
2,7,288,70,16384,237,0,0
2,7,401,402,-32768,358,0,0
2,7,402,403,24576,359,0,0
2,7,1458,401,-16384,501,1,512
2,7,403,75,16384,514,1,0
2,7,671,668,0,705,0,0
2,7,668,669,0,706,0,0
2,7,1474,675,-32768,709,0,32
2,7,675,676,-32768,710,0,0
2,7,676,677,-32768,711,0,0
2,7,677,678,16384,712,0,0
2,7,678,671,16384,713,0,0
2,7,667,1475,0,701,0,0
2,7,668,667,16384,702,0,0
2,7,666,669,-16384,703,0,0
2,7,669,668,-32768,706,1,0
2,7,71,72,8192,47,0,0
2,7,73,71,16384,48,0,0
2,7,74,73,24576,49,0,0
2,7,70,69,24576,46,0,0
2,7,285,286,24576,234,0,0
2,7,286,287,16384,235,0,0
2,7,287,288,8192,236,0,0
2,7,75,403,-16384,514,0,0
2,7,1019,75,0,1182,0,0
2,7,403,1020,-32768,1183,0,0
2,7,1020,1019,16384,1186,0,0
2,7,1017,1018,0,1180,0,0
2,7,1021,1022,-32768,1185,0,0
2,7,1018,1021,-16384,1187,0,0
2,7,1022,1017,16384,1414,1,0
2,7,1018,1019,0,1181,0,0
2,7,1020,1021,-32768,1184,0,0
2,7,1019,1020,-16384,1186,1,0
2,7,1021,1018,16384,1187,1,0
2,7,328,320,-1857,330,0,0
2,7,863,328,16384,968,0,0
2,7,320,145,-16384,970,0,0
2,7,862,868,24576,976,0,0
2,7,868,863,19739,977,0,0
2,7,1452,865,-21220,972,0,95
2,7,330,1453,6001,1599,0,0
2,7,1476,1173,24576,1380,0,45
2,7,1173,1174,8192,1381,0,0
2,7,328,329,16384,275,0,0
2,7,329,330,12160,276,0,0
2,7,1477,328,30910,330,1,162
2,7,865,866,-16384,973,0,0
2,7,326,320,-16384,273,0,0
2,7,320,1477,30910,330,1,0
2,7,867,326,0,975,0,0
2,7,866,867,-11547,974,0,0
2,7,144,321,16384,971,0,0
2,7,144,145,-32768,114,0,0
2,7,320,321,0,266,0,0
2,7,145,320,16384,970,1,0
2,7,321,144,-16384,971,1,0
2,7,321,322,16384,267,0,0
2,7,322,1465,0,268,0,0
2,7,1171,1172,-24576,1379,0,0
2,7,1172,1476,24576,1380,0,0
2,7,1174,1171,-8192,1384,1,0
2,7,1466,136,-32768,270,0,224
2,7,143,325,-32768,271,0,0
2,7,325,144,16384,272,0,0
2,7,136,143,-32768,1695,0,0
2,7,136,1478,-16384,110,0,0
2,7,142,143,16384,113,0,0
2,7,531,142,-32768,523,0,0
2,7,1479,532,-32768,526,0,32
2,7,143,136,0,1695,1,0
2,7,532,531,-32768,1752,0,0
2,7,463,464,0,423,0,0
2,7,454,453,-32768,425,0,0
2,7,462,463,8192,434,0,0
2,7,464,459,-8192,435,0,0
2,7,470,454,-32768,438,0,0
2,7,453,471,-32768,439,0,0
2,7,861,862,30487,967,0,0
2,7,145,861,-30709,969,0,0
2,7,145,327,-16384,274,0,0
2,7,327,861,-32768,966,0,0
2,7,861,145,2058,969,1,0
2,7,445,449,-32768,411,0,0
2,7,449,450,16384,412,0,0
2,7,446,445,-32768,424,1,0
2,7,441,444,24576,406,0,0
2,7,444,445,16384,407,0,0
2,7,446,447,-16384,408,0,0
2,7,445,446,0,424,0,0
2,7,1343,1344,0,1608,0,0
2,7,1346,1347,16384,1610,0,0
2,7,1347,1348,0,1611,0,0
2,7,1349,1343,-13828,1613,0,0
2,7,1348,1350,13828,1614,0,0
2,7,1350,1349,0,1630,0,0
2,7,1341,1342,0,1607,0,0
2,7,1342,1349,-16384,1612,0,0
2,7,1350,1341,16384,1615,0,0
2,7,1349,1350,-32768,1630,1,0
2,7,429,430,16384,388,0,0
2,7,430,431,0,389,0,0
2,7,431,428,-16384,402,0,0
2,7,448,429,-32768,410,0,0
2,7,428,448,-32768,1744,0,0
2,7,457,458,-16384,417,0,0
2,7,458,446,-32768,418,0,0
2,7,140,141,-32768,112,0,0
2,7,141,432,16384,1750,0,0
2,7,141,428,-32768,387,0,0
2,7,431,432,0,390,0,0
2,7,428,431,16384,402,1,0
2,7,432,141,-16384,1750,1,0
2,7,440,441,-32768,404,0,0
2,7,442,443,0,405,0,0
2,7,467,440,-24576,431,0,0
2,7,428,467,-16384,430,0,0
2,7,468,448,16384,432,0,0
2,7,448,428,0,1744,1,0
2,7,447,442,-8192,409,0,0
2,7,443,468,8192,1422,0,0
2,7,250,251,0,197,0,0
2,7,251,250,-32768,197,1,0
2,7,250,531,16384,524,0,0
2,7,532,251,-16384,525,0,0
2,7,531,532,0,1752,1,0
2,7,432,433,16384,391,0,0
2,7,438,439,0,397,0,0
2,7,433,438,16384,1749,0,0
2,7,439,465,16384,426,0,0
2,7,465,250,0,427,0,0
2,7,434,435,-32768,393,0,0
2,7,435,436,16384,394,0,0
2,7,436,437,0,395,0,0
2,7,437,434,-16384,401,0,0
2,7,433,434,-32768,392,0,0
2,7,437,438,0,396,0,0
2,7,434,437,16384,401,1,0
2,7,438,433,-16384,1749,1,0
2,7,452,455,0,1436,0,0
2,7,452,453,16384,414,0,0
2,7,454,455,-16384,415,0,0
2,7,453,454,0,425,1,0
2,7,455,452,-32768,1436,1,0
2,7,459,460,-16384,419,0,0
2,7,460,457,-32768,420,0,0
2,7,456,469,16384,436,0,0
2,7,455,456,0,416,0,0
2,7,469,470,24576,437,0,0
2,7,450,461,-32768,421,0,0
2,7,461,462,16384,422,0,0
2,7,472,451,-16384,441,0,0
2,7,451,452,0,413,0,0
2,7,471,472,-24576,440,0,0
2,7,1178,1197,-32768,1406,0,0
2,7,1197,1469,16384,1412,1,0
2,7,1179,1196,-32768,1720,0,0
2,7,1196,1480,16384,1721,0,0
2,7,1481,1179,-16384,1722,0,16
2,7,1437,1438,0,1723,0,0
2,7,1482,1178,0,1406,1,48
2,7,1178,1481,-16384,1722,0,0
2,7,1438,1439,16384,1724,0,0
2,7,1197,1482,0,1406,1,0
2,7,1483,1197,16384,1721,0,24
2,7,1439,1440,-32768,1725,0,0
2,7,1480,1483,16384,1721,0,16
2,7,1440,1437,-16384,1726,0,0
2,7,1438,1437,-32768,1723,1,0
2,7,1439,1438,-16384,1724,1,0
2,7,1440,1439,0,1725,1,0
2,7,1437,1440,16384,1726,1,0
2,7,1179,1180,-16384,1389,0,0
2,7,1195,1196,16384,1405,0,0
2,7,1180,1195,-32768,1407,0,0
2,7,1196,1179,0,1720,1,0
2,7,1182,1183,0,1392,0,0
2,7,1183,1184,-16384,1393,0,0
2,7,1184,1185,-32768,1394,0,0
2,7,1193,1182,0,1409,0,0
2,7,1185,1186,-16384,1395,0,0
2,7,1187,1188,16384,1396,0,0
2,7,1186,1191,-32768,1399,0,0
2,7,1191,1192,-32768,1400,0,0
2,7,1192,1187,-32768,1401,0,0
2,7,1181,1182,-16384,1391,0,0
2,7,1193,1194,16384,1403,0,0
2,7,1194,1181,0,1408,0,0
2,7,1182,1193,-32768,1409,1,0
2,7,1180,1181,-16384,1390,0,0
2,7,1194,1195,16384,1404,0,0
2,7,1195,1180,0,1407,1,0
2,7,1181,1194,-32768,1408,1,0
2,7,318,1470,16384,265,0,0
2,7,521,522,-32768,513,0,0
2,7,1469,1197,-16384,1412,0,128
2,7,522,1337,24576,1593,0,0
2,7,1337,318,16384,1718,0,0
2,7,1197,521,-32768,1719,0,0
2,7,1190,1193,0,1402,0,0
2,7,418,419,0,377,0,0
2,7,419,420,-16384,378,0,0
2,7,420,421,-32768,379,0,0
2,7,421,418,16384,400,0,0
2,7,424,425,0,383,0,0
2,7,425,426,-16384,384,0,0
2,7,1332,1333,-24576,1589,0,0
2,7,1333,1334,24576,1590,0,0
2,7,1334,1335,8192,1591,0,0
2,7,1335,1332,-8192,1597,0,0
2,7,426,427,-32768,385,0,0
2,7,427,424,16384,399,0,0
2,7,1188,1189,-32768,1397,0,0
2,7,1189,1190,16384,1398,0,0
2,7,522,1331,-24576,1588,0,0
2,7,1336,1337,8192,1592,0,0
2,7,1337,522,-8192,1593,1,0
2,7,1331,1336,24576,1594,0,0
2,7,1336,1331,-8192,1594,1,0
2,7,1335,1336,8192,1595,0,0
2,7,1331,1332,-24576,1596,0,0
2,7,1332,1335,24576,1597,1,0
2,7,138,139,-32768,111,0,0
2,7,416,417,0,375,0,0
2,7,422,423,-16384,381,0,0
2,7,423,138,-16384,1747,0,0
2,7,417,422,-16384,1748,0,0
2,7,251,466,0,428,0,0
2,7,466,416,-16384,429,0,0
2,7,1478,137,-16384,110,0,32
2,7,137,1479,-32768,526,0,0
2,7,417,418,0,376,0,0
2,7,421,422,-32768,380,0,0
2,7,418,421,-16384,400,1,0
2,7,422,417,16384,1748,1,0
2,7,423,424,0,382,0,0
2,7,427,138,-32768,386,0,0
2,7,424,427,-16384,399,1,0
2,7,138,423,16384,1747,1,0
2,7,405,140,16384,367,0,0
2,7,406,405,-32768,1751,0,0
2,7,404,405,16384,361,0,0
2,7,406,407,-16384,363,0,0
2,7,407,404,-32768,403,1,0
2,7,405,406,0,1751,1,0
2,7,348,406,-32768,362,0,0
2,7,343,348,-32768,1745,0,0
2,7,343,344,-16384,290,0,0
2,7,347,348,16384,294,0,0
2,7,344,347,-32768,331,1,0
2,7,348,343,0,1745,1,0
2,7,139,410,-16384,368,0,0
2,7,415,343,-32768,374,0,0
2,7,410,415,-32768,1746,0,0
2,7,410,411,-16384,369,0,0
2,7,414,415,16384,373,0,0
2,7,411,414,-32768,398,1,0
2,7,415,410,0,1746,1,0
2,7,1359,1360,-32768,1624,0,0
2,7,1360,1346,-32768,1628,0,0
2,7,1352,1359,-32768,1629,0,0
2,7,1352,1353,-16384,1617,0,0
2,7,1358,1359,16384,1623,0,0
2,7,1353,1358,-32768,1625,0,0
2,7,1359,1352,0,1629,1,0
2,7,1354,1355,-16384,1619,0,0
2,7,1355,1356,-32768,1620,0,0
2,7,1356,1357,16384,1621,0,0
2,7,1357,1354,0,1626,0,0
2,7,1353,1354,-16384,1618,0,0
2,7,1357,1358,16384,1622,0,0
2,7,1358,1353,0,1625,1,0
2,7,1354,1357,-32768,1626,1,0
2,7,344,345,-16384,291,0,0
2,7,345,346,-32768,292,0,0
2,7,346,347,16384,293,0,0
2,7,347,344,0,331,0,0
2,7,411,412,-16384,370,0,0
2,7,412,413,-32768,371,0,0
2,7,413,414,16384,372,0,0
2,7,414,411,0,398,0,0
2,7,407,408,-16384,364,0,0
2,7,408,409,-32768,365,0,0
2,7,409,404,16384,366,0,0
2,7,404,407,0,403,0,0
2,7,1344,1345,-16384,1609,0,0
2,7,1351,1352,-32768,1616,0,0
2,7,1345,1351,-32768,1627,0,0
2,7,679,680,0,715,0,0
2,7,680,681,-16384,716,0,0
2,7,681,682,-32768,717,0,0
2,7,682,679,16384,718,0,0
2,7,1484,1485,-32768,689,0,64
2,7,682,681,0,717,1,0
2,7,1486,659,-16384,688,0,64
2,7,659,1484,-32768,689,0,0
2,7,681,680,16384,716,1,0
2,7,387,386,16384,339,1,0
2,7,370,387,16384,340,1,0
2,7,1485,660,-32768,689,0,128
2,7,660,370,16384,690,0,0
2,7,665,664,16384,697,1,0
2,7,664,389,16384,698,0,0
2,7,386,665,16384,699,0,0
2,7,679,682,-16384,718,1,0
2,7,388,369,16384,341,1,0
2,7,389,388,16384,342,1,0
2,7,369,657,16384,686,0,0
2,7,657,658,0,687,0,0
2,7,658,1486,-16384,688,0,0
2,7,680,679,-32768,715,1,0
2,7,282,283,-32768,230,0,0
2,7,660,659,0,689,1,0
2,7,277,278,0,225,0,0
2,7,658,657,-32768,687,1,0
2,7,659,658,16384,688,1,0
2,7,858,34,-16384,958,0,0
2,7,365,859,-16384,960,0,0
2,7,859,858,-16384,962,0,0
2,7,34,35,-24576,25,0,0
2,7,35,281,-32768,228,0,0
2,7,281,282,24576,229,0,0
2,7,283,284,-24576,231,0,0
2,7,284,1487,-32768,232,0,0
2,7,394,395,-32768,349,0,0
2,7,1488,394,-16384,353,0,400
2,7,395,1489,16384,354,0,0
2,7,30,31,24576,23,0,0
2,7,395,30,-32768,350,0,0
2,7,1489,395,-16384,354,1,400
2,7,856,1490,16384,954,0,0
2,7,31,857,16384,957,0,0
2,7,857,856,16384,963,0,0
2,7,32,44,16384,952,0,0
2,7,44,856,0,955,0,0
2,7,857,32,-32768,956,0,0
2,7,856,857,-16384,963,1,0
2,7,43,33,-16384,953,0,0
2,7,33,858,-32768,959,0,0
2,7,859,43,0,961,0,0
2,7,858,859,16384,962,1,0
2,7,32,33,-32768,24,0,0
2,7,43,44,0,30,0,0
2,7,44,32,-16384,952,1,0
2,7,33,43,16384,953,1,0
2,7,37,38,16384,1418,0,0
2,7,672,673,-16384,1419,0,0
2,7,672,38,0,1416,0,0
2,7,37,673,-32768,1417,0,0
2,7,38,37,-16384,1418,1,0
2,7,673,672,16384,1419,1,0
2,7,36,37,24576,26,0,0
2,7,1487,36,-32768,232,0,136
2,7,673,674,-16384,708,0,0
2,7,674,1474,-32768,709,0,0
2,7,371,372,8192,320,0,0
2,7,386,387,-16384,339,0,0
2,7,387,371,-32768,344,0,0
2,7,372,386,0,696,0,0
2,7,370,39,-32768,318,0,0
2,7,39,371,16384,319,0,0
2,7,387,370,-16384,340,0,0
2,7,371,387,0,344,1,0
2,7,38,39,16384,27,0,0
2,7,39,370,0,318,1,0
2,7,370,660,-16384,690,1,0
2,7,669,670,0,704,0,0
2,7,670,672,-16384,707,0,0
2,7,61,62,-24576,40,0,0
2,7,62,1473,-32768,356,0,0
2,7,373,374,24576,321,0,0
2,7,388,389,-16384,342,0,0
2,7,374,388,0,343,0,0
2,7,389,373,-32768,695,0,0
2,7,664,665,-16384,697,0,0
2,7,665,666,-32768,700,0,0
2,7,1475,664,0,701,0,56
2,7,40,369,0,317,0,0
2,7,374,40,16384,322,0,0
2,7,369,388,-16384,341,0,0
2,7,388,374,-32768,343,1,0
2,7,40,41,16384,28,0,0
2,7,369,40,-32768,317,1,0
2,7,657,369,-16384,686,1,0
2,7,1491,61,-16384,316,0,32
2,7,340,366,-8192,313,0,0
2,7,366,367,-16384,315,0,0
2,7,47,292,0,241,1,0
2,7,292,1117,-16384,1306,0,0
2,7,1117,1118,-32768,1307,0,0
2,7,1118,1492,16384,1308,0,0
2,7,41,42,8192,29,0,0
2,7,42,276,0,223,0,0
2,7,276,277,-8192,224,0,0
2,7,278,279,8192,226,0,0
2,7,279,1493,0,227,0,0
2,7,367,368,-24576,314,0,0
2,7,368,1491,-16384,316,0,0
2,7,795,796,0,863,0,0
2,7,801,802,-32768,868,0,0
2,7,796,801,-16384,871,1,0
2,7,802,795,16384,872,0,0
2,7,256,257,0,204,0,0
2,7,257,258,-16384,205,0,0
2,7,258,259,-32768,206,0,0
2,7,259,256,16384,207,0,0
2,7,258,257,16384,205,1,0
2,7,1494,1495,-16384,872,1,128
2,7,1496,258,0,206,1,104
2,7,289,290,16384,238,0,0
2,7,802,289,-32768,869,0,0
2,7,1495,802,-16384,872,1,184
2,7,259,1496,0,206,1,0
2,7,290,291,-32768,239,0,0
2,7,291,292,-16384,240,0,0
2,7,292,1497,-32768,241,0,0
2,7,47,48,24576,32,0,0
2,7,256,259,-16384,207,1,0
2,7,1497,47,-32768,241,0,88
2,7,48,341,16384,288,0,0
2,7,341,1498,16384,885,0,0
2,7,49,50,8192,33,0,0
2,7,1499,256,-32768,204,1,24
2,7,50,272,0,219,0,0
2,7,272,273,-16384,220,0,0
2,7,342,49,16384,289,0,0
2,7,1498,342,16384,885,0,128
2,7,257,1499,-32768,204,1,0
2,7,273,274,0,221,0,0
2,7,1500,1494,-16384,872,1,8
2,7,274,275,16384,222,0,0
2,7,275,795,0,862,0,0
2,7,795,1500,-16384,872,1,0
2,7,50,49,-24576,33,1,0
2,7,48,47,-8192,32,1,0
2,7,60,336,-16384,283,0,0
2,7,339,340,-16384,287,0,0
2,7,59,60,-24576,39,0,0
2,7,336,337,-8192,284,0,0
2,7,337,338,-16384,285,0,0
2,7,338,339,-24576,286,0,0
2,7,341,48,-16384,288,1,0
2,7,1492,1119,16384,1308,0,32
2,7,1119,341,0,1312,0,0
2,7,49,342,-16384,289,1,0
2,7,1120,1501,16384,1309,0,0
2,7,342,1120,-32768,1313,0,0
2,7,1493,280,0,227,0,104
2,7,280,365,-8192,312,0,0
2,7,51,46,-16384,433,0,0
2,7,797,798,0,865,0,0
2,7,799,800,-32768,866,0,0
2,7,800,797,16384,870,0,0
2,7,798,803,-16384,873,0,0
2,7,806,51,-16384,877,0,0
2,7,46,807,-16384,878,0,0
2,7,810,799,-16384,882,0,0
2,7,807,810,-16384,883,1,0
2,7,803,806,-16384,884,1,0
2,7,796,797,0,864,0,0
2,7,800,801,-32768,867,0,0
2,7,797,800,-16384,870,1,0
2,7,801,796,16384,871,0,0
2,7,398,1488,-16384,353,0,0
2,7,1489,399,16384,354,0,304
2,7,399,398,0,1286,0,0
2,7,303,45,16384,250,0,0
2,7,399,1489,-16384,354,1,0
2,7,1490,300,16384,954,0,80
2,7,52,1090,16384,1267,0,0
2,7,1090,1091,8192,1268,0,0
2,7,1091,399,0,1269,0,0
2,7,45,46,-32768,31,0,0
2,7,51,52,0,34,0,0
2,7,46,51,16384,433,1,0
2,7,803,804,0,874,0,0
2,7,804,805,-16384,875,0,0
2,7,805,806,-32768,876,0,0
2,7,806,803,16384,884,0,0
2,7,300,301,24576,247,0,0
2,7,301,302,16384,248,0,0
2,7,302,303,8192,249,0,0
2,7,807,808,0,879,0,0
2,7,808,809,-16384,880,0,0
2,7,809,810,-32768,881,0,0
2,7,810,807,16384,883,0,0
2,7,1101,1102,16384,1287,0,0
2,7,1103,1101,-32768,1288,0,0
2,7,1104,1103,-16384,1289,0,0
2,7,1102,1104,0,1290,0,0
2,7,1104,1102,-32768,1290,1,0
2,7,1094,1095,16384,1273,0,0
2,7,1098,1094,-32768,1285,0,0
2,7,1101,1103,0,1288,1,0
2,7,1093,1094,16384,1272,0,0
2,7,1098,1088,-16384,1277,0,0
2,7,1088,1093,-32768,1283,0,0
2,7,1094,1098,0,1285,1,0
2,7,399,1092,16384,1270,0,0
2,7,1089,398,-16384,1278,0,0
2,7,1092,1089,0,1284,0,0
2,7,398,399,-32768,1286,1,0
2,7,1088,1089,-16384,1266,0,0
2,7,1092,1093,16384,1271,0,0
2,7,1093,1088,0,1283,1,0
2,7,1089,1092,-32768,1284,1,0
2,7,271,241,-32768,218,0,0
2,7,54,297,0,245,0,0
2,7,298,299,0,246,0,0
2,7,241,54,15949,360,0,0
2,7,297,298,0,504,1,0
2,7,1095,1096,-32768,1274,0,0
2,7,1100,268,-32768,1282,0,0
2,7,1102,1101,-16384,1287,1,0
2,7,54,241,-16818,360,1,0
2,7,268,269,-24576,215,0,0
2,7,269,270,-32768,216,0,0
2,7,270,271,24576,217,0,0
2,7,1096,1097,-16384,1275,0,0
2,7,1097,1099,-32768,1280,0,0
2,7,1099,1100,16384,1281,0,0
2,7,57,58,-8192,37,0,0
2,7,58,59,-16384,38,0,0
2,7,241,57,-16384,186,0,0
2,7,272,50,-32768,219,1,0
2,7,1501,1121,16384,1309,0,64
2,7,1121,1122,0,1310,0,0
2,7,1122,272,-16384,1311,0,0
2,7,496,493,16384,506,0,0
2,7,473,474,16384,446,0,0
2,7,474,493,0,466,0,0
2,7,496,473,-32768,471,0,0
2,7,493,496,-16384,506,1,0
2,7,473,53,-32768,442,0,0
2,7,56,474,0,443,0,0
2,7,474,473,-16384,446,1,0
2,7,53,56,16384,503,0,0
2,7,56,53,-16384,503,1,0
2,7,508,503,-32768,505,0,0
2,7,476,475,-32768,447,0,0
2,7,475,503,16384,477,0,0
2,7,508,476,-16384,482,0,0
2,7,503,508,0,505,1,0
2,7,297,475,16384,444,0,0
2,7,476,298,-16384,445,0,0
2,7,475,476,0,447,1,0
2,7,298,297,-32768,504,0,0
2,7,53,54,-16384,35,0,0
2,7,498,497,0,473,0,0
2,7,499,498,16384,474,0,0
2,7,504,505,-16384,479,0,0
2,7,505,499,-32768,511,0,0
2,7,503,504,-32768,478,0,0
2,7,497,496,16384,472,0,0
2,7,1082,1085,-32768,1262,0,0
2,7,1082,1083,-16384,1255,0,0
2,7,1087,1085,16384,1261,0,0
2,7,1085,1082,0,1262,1,0
2,7,1083,1087,-32768,1264,0,0
2,7,396,397,0,1263,0,0
2,7,1084,397,-16384,1257,0,0
2,7,396,1086,16384,1259,0,0
2,7,397,396,-32768,1263,1,0
2,7,1086,1084,0,1265,0,0
2,7,1083,1084,-16384,1256,0,0
2,7,1086,1087,16384,1260,0,0
2,7,1087,1083,0,1264,1,0
2,7,1084,1086,-32768,1265,1,0
2,7,500,501,0,475,0,0
2,7,501,502,-16384,476,0,0
2,7,506,507,16384,480,0,0
2,7,502,506,-32768,512,0,0
2,7,507,508,-32768,481,0,0
2,7,1502,500,-16384,510,0,64
2,7,266,267,8192,212,0,0
2,7,267,396,0,351,0,0
2,7,299,266,16384,1205,0,0
2,7,1071,1072,16384,1239,0,0
2,7,1085,1071,-32768,1258,0,0
2,7,1045,1503,16384,1213,0,0
2,7,1072,1045,-32768,1240,0,0
2,7,247,248,16384,195,0,0
2,7,248,304,0,251,0,0
2,7,304,305,-16384,252,0,0
2,7,305,247,-32768,497,0,0
2,7,260,253,-8192,208,0,0
2,7,397,260,0,352,0,0
2,7,249,27,-16384,196,0,0
2,7,306,307,16384,254,0,0
2,7,307,249,0,255,0,0
2,7,27,306,-32768,498,0,0
2,7,1050,1055,-24576,1219,0,0
2,7,1043,1050,-16384,1733,0,0
2,7,1055,1052,-28544,1735,0,0
2,7,1055,1058,-13028,1223,0,0
2,7,1058,1059,-27931,1224,0,0
2,7,1059,1052,22517,1225,0,0
2,7,1052,1055,4223,1735,1,0
2,7,1039,1040,-16384,1210,0,0
2,7,1040,1082,-32768,1254,0,0
2,7,1052,1053,-32768,1217,0,0
2,7,1053,1060,16384,1226,0,0
2,7,1060,1039,-32768,1227,0,0
2,7,245,246,16384,194,0,0
2,7,310,311,-16384,259,0,0
2,7,311,245,-32768,260,0,0
2,7,246,310,0,499,0,0
2,7,247,305,0,497,1,0
2,7,310,246,-32768,499,1,0
2,7,246,247,16384,896,0,0
2,7,815,247,0,892,0,0
2,7,246,816,-32768,893,0,0
2,7,816,815,16384,895,0,0
2,7,247,246,-16384,896,1,0
2,7,252,253,16384,198,0,0
2,7,253,815,0,891,0,0
2,7,816,252,-32768,894,0,0
2,7,815,816,-16384,895,1,0
2,7,253,252,-16384,198,1,0
2,7,252,293,-24576,242,0,0
2,7,293,1098,-32768,1276,0,0
2,7,1103,1104,16384,1289,1,0
2,7,17,15,-16384,12,0,0
2,7,18,17,0,13,0,0
2,7,19,18,8192,14,0,0
2,7,309,310,-32768,258,0,0
2,7,15,309,-32768,500,1,0
2,7,20,19,0,15,0,0
2,7,21,20,-8192,16,0,0
2,7,15,16,-16384,11,0,0
2,7,16,308,-32768,256,0,0
2,7,308,309,16384,257,0,0
2,7,309,15,0,500,0,0
2,7,25,23,24576,19,0,0
2,7,26,25,-32768,20,0,0
2,7,27,26,-16384,21,0,0
2,7,305,306,0,253,0,0
2,7,306,27,0,498,1,0
2,7,22,21,-16384,17,0,0
2,7,23,24,-32768,18,0,0
2,7,24,22,-24576,188,0,0
2,7,715,716,-13828,769,0,0
2,7,719,720,31287,772,0,0
2,7,720,721,25730,773,0,0
2,7,721,722,22517,774,0,0
2,7,722,723,17864,775,0,0
2,7,716,717,0,770,0,0
2,7,1504,719,-31728,771,0,32
2,7,717,759,0,837,0,0
2,7,717,753,16384,804,0,0
2,7,758,759,-16384,809,0,0
2,7,753,758,0,833,0,0
2,7,759,717,-32768,837,1,0
2,7,753,754,16384,805,0,0
2,7,760,758,-16384,810,0,0
2,7,758,753,-32768,833,1,0
2,7,754,760,0,834,0,0
2,7,754,755,16384,806,0,0
2,7,761,760,-16384,811,0,0
2,7,760,754,-32768,834,1,0
2,7,755,761,0,835,0,0
2,7,755,756,16384,807,0,0
2,7,762,761,-16384,812,0,0
2,7,761,755,-32768,835,1,0
2,7,756,762,0,836,0,0
2,7,756,757,16384,808,0,0
2,7,762,756,-32768,836,1,0
2,7,757,1030,0,1199,0,0
2,7,1030,762,-16384,1201,0,0
2,7,1505,714,-19739,767,0,25
2,7,723,1506,16384,776,0,0
2,7,714,715,-16384,768,0,0
2,7,1043,1044,0,1212,0,0
2,7,1049,1050,-32768,1215,0,0
2,7,1044,1076,-8192,1246,0,0
2,7,1076,1077,-16384,1247,0,0
2,7,1077,1049,-24576,1248,0,0
2,7,1050,1043,16384,1733,1,0
2,7,687,688,16384,722,0,0
2,7,688,789,1154,851,0,0
2,7,790,687,-32768,853,0,0
2,7,789,790,-13028,855,0,0
2,7,685,686,-16384,721,0,0
2,7,789,685,1154,852,0,0
2,7,790,789,19739,855,1,0
2,7,686,793,-32768,859,0,0
2,7,793,794,-32768,860,0,0
2,7,794,790,-32768,861,0,0
2,7,688,691,16384,733,1,0
2,7,684,685,-16384,754,1,0
2,7,691,787,-1154,848,0,0
2,7,787,684,-1154,849,0,0
2,7,789,688,-31613,851,1,0
2,7,685,789,-31613,852,1,0
2,7,691,692,16384,727,0,0
2,7,787,691,31613,848,1,0
2,7,692,788,0,850,0,0
2,7,788,787,-19739,854,0,0
2,7,683,684,-16384,720,0,0
2,7,684,787,31613,849,1,0
2,7,787,788,13028,854,1,0
2,7,788,791,0,856,0,0
2,7,791,792,0,857,0,0
2,7,792,683,0,858,0,0
2,7,28,29,-24576,22,0,0
2,7,29,394,-32768,348,0,0
2,7,394,1507,16384,353,1,0
2,7,689,28,-16384,724,0,0
2,7,652,690,-16384,725,0,0
2,7,690,689,-16384,732,1,0
2,7,688,689,-32768,723,0,0
2,7,690,691,0,726,0,0
2,7,689,690,16384,732,0,0
2,7,691,688,-16384,733,0,0
2,7,2,3,-16384,1,0,0
2,7,3,9,-32768,5,0,0
2,7,8,2,-16384,201,0,0
2,7,9,12,-32768,719,1,0
2,7,12,1270,16384,1508,0,0
2,7,1270,8,0,1509,0,0
2,7,7,8,-16384,4,0,0
2,7,1508,7,0,263,0,48
2,7,8,1270,-32768,1509,1,0
2,7,4,5,16384,2,0,0
2,7,5,6,8192,3,0,0
2,7,12,13,-32768,9,0,0
2,7,13,14,24576,10,0,0
2,7,6,1508,0,263,0,0
2,7,14,693,16384,728,0,0
2,7,693,4,16384,731,1,0
2,7,1270,12,-16384,1508,1,0
2,7,9,10,-16384,6,0,0
2,7,10,11,-32768,7,0,0
2,7,11,12,16384,8,0,0
2,7,12,9,0,719,0,0
2,7,693,685,-32768,729,0,0
2,7,684,4,0,730,0,0
2,7,4,693,-16384,731,0,0
2,7,685,684,16384,754,0,0
2,7,1114,314,-32768,1305,0,0
2,7,1114,1115,-16384,1301,0,0
2,7,1115,1116,-32768,1302,0,0
2,7,1116,314,16384,1303,0,0
2,7,314,1114,0,1305,1,0
2,7,1106,1107,0,1292,0,0
2,7,1107,1108,-16384,1293,0,0
2,7,1108,1109,-32768,1294,0,0
2,7,1109,1110,-16384,1295,0,0
2,7,1110,1114,-32768,1300,0,0
2,7,1105,1106,-16384,1291,0,0
2,7,1113,1105,0,1299,0,0
2,7,313,1113,0,1304,0,0
2,7,313,1111,16384,1296,0,0
2,7,1111,1112,0,1297,0,0
2,7,1112,1113,-16384,1298,0,0
2,7,1113,313,-32768,1304,1,0
2,7,312,313,0,261,0,0
2,7,705,312,16384,755,0,0
2,7,697,696,16384,748,0,0
2,7,706,705,0,756,0,0
2,7,696,706,16384,759,0,0
2,7,853,697,16384,948,0,0
2,7,854,853,-32768,949,0,0
2,7,314,315,-32768,262,0,0
2,7,315,707,16384,757,0,0
2,7,855,854,16384,950,0,0
2,7,653,654,16384,684,0,0
2,7,702,653,16384,753,0,0
2,7,707,708,-32768,758,0,0
2,7,708,702,16384,760,0,0
2,7,654,855,0,951,0,0
2,7,294,295,-8192,243,0,0
2,7,295,296,-16384,244,0,0
2,7,1507,398,16384,353,1,256
2,7,651,652,-16384,683,0,0
2,7,655,656,-16384,685,0,0
2,7,296,655,-16384,749,0,0
2,7,656,651,-16384,750,0,0
2,7,398,294,0,1279,0,0
2,7,296,694,0,734,0,0
2,7,699,655,-32768,739,0,0
2,7,694,699,-16384,747,0,0
2,7,655,296,16384,749,1,0
2,7,656,700,0,740,0,0
2,7,704,651,-32768,745,0,0
2,7,651,656,16384,750,1,0
2,7,700,704,-16384,751,0,0
2,7,695,696,0,736,0,0
2,7,697,698,-32768,737,0,0
2,7,698,695,16384,746,0,0
2,7,696,697,-16384,748,1,0
2,7,694,695,0,735,0,0
2,7,698,699,-32768,738,0,0
2,7,695,698,-16384,746,1,0
2,7,699,694,16384,747,1,0
2,7,701,653,0,742,0,0
2,7,702,703,-32768,743,0,0
2,7,703,701,16384,752,0,0
2,7,653,702,-16384,753,1,0
2,7,700,701,0,741,0,0
2,7,703,704,-32768,744,0,0
2,7,704,700,16384,751,1,0
2,7,701,703,-16384,752,1,0
2,7,1283,1284,-32768,1522,0,0
2,7,1284,1285,16384,1523,0,0
2,7,1285,1286,0,1524,0,0
2,7,1286,1283,-16384,1525,0,0
2,7,1509,1510,-24576,1510,0,45
2,7,1283,1286,16384,1525,1,0
2,7,1271,1509,-24576,1510,0,0
2,7,1511,1271,0,1513,1,416
2,7,1286,1285,-32768,1524,1,0
2,7,1279,1280,-32768,1518,0,0
2,7,1280,1281,16384,1519,0,0
2,7,1281,1282,0,1520,0,0
2,7,1282,1279,-16384,1521,0,0
2,7,1279,1282,16384,1521,1,0
2,7,1285,1284,-16384,1523,1,0
2,7,1512,1511,0,1513,1,288
2,7,1282,1281,-32768,1520,1,0
2,7,1510,1272,-24576,1510,0,135
2,7,1272,1513,-32768,1511,0,0
2,7,1280,1279,0,1518,1,0
2,7,1284,1283,0,1522,1,0
2,7,1275,1276,-32768,1514,0,0
2,7,1276,1277,16384,1515,0,0
2,7,1277,1278,0,1516,0,0
2,7,1278,1275,-16384,1517,0,0
2,7,1275,1278,16384,1517,1,0
2,7,1281,1280,-16384,1519,1,0
2,7,1514,1512,0,1513,1,160
2,7,1278,1277,-32768,1516,1,0
2,7,1515,1274,24576,1512,0,45
2,7,1274,1514,0,1513,1,0
2,7,1277,1276,-16384,1515,1,0
2,7,1513,1273,-32768,1511,0,224
2,7,1273,1515,24576,1512,0,0
2,7,1276,1275,0,1514,1,0
2,7,1299,1300,-16384,1539,0,0
2,7,1300,1301,-32768,1540,0,0
2,7,1301,1302,16384,1541,0,0
2,7,1302,1299,0,1543,1,0
2,7,745,746,0,797,0,0
2,7,749,750,0,801,0,0
2,7,1199,1200,16384,1423,0,0
2,7,1516,1207,-16384,1432,0,128
2,7,1271,1274,-32768,1513,0,0
2,7,1297,1298,0,1536,0,0
2,7,1207,1299,-32768,1538,0,0
2,7,1302,1271,-32768,1542,0,0
2,7,1299,1302,-32768,1543,0,0
2,7,1274,1199,-32768,1598,0,0
2,7,1200,1199,-16384,1423,1,0
2,7,1304,1200,0,1546,0,0
2,7,1199,1305,-32768,1547,0,0
2,7,1305,1304,16384,1550,0,0
2,7,2,8,16384,201,1,0
2,7,8,1303,0,1544,0,0
2,7,1306,2,-32768,1549,0,0
2,7,1303,1306,-16384,1551,0,0
2,7,1303,1304,0,1545,0,0
2,7,1305,1306,-32768,1548,0,0
2,7,1304,1305,-16384,1550,1,0
2,7,1306,1303,16384,1551,1,0
2,7,1201,1202,0,1424,0,0
2,7,1202,1203,-16384,1425,0,0
2,7,1203,1204,-32768,1426,0,0
2,7,1204,1201,16384,1428,0,0
2,7,718,1504,-31728,771,0,0
2,7,729,730,0,781,0,0
2,7,1202,1201,-32768,1424,1,0
2,7,1201,1028,16384,1429,0,0
2,7,1289,1290,0,1528,0,0
2,7,733,734,0,785,0,0
2,7,1203,1202,16384,1425,1,0
2,7,1517,1518,-16384,1430,0,176
2,7,1519,1203,0,1426,1,192
2,7,1291,1292,-32768,1530,0,0
2,7,1520,1208,-32768,1433,1,192
2,7,1293,1294,0,1532,0,0
2,7,742,739,16384,794,0,0
2,7,1292,1293,-16384,1531,0,0
2,7,736,737,-16384,788,0,0
2,7,1294,1291,16384,1533,0,0
2,7,739,740,-32768,791,0,0
2,7,1204,1519,0,1426,1,0
2,7,1521,1204,16384,1427,0,384
2,7,740,741,-16384,792,0,0
2,7,1522,1521,16384,1427,0,256
2,7,741,742,0,793,0,0
2,7,737,738,0,789,0,0
2,7,1523,1205,-16384,1430,0,496
2,7,1205,1520,-32768,1433,1,0
2,7,738,735,16384,790,0,0
2,7,1518,1523,-16384,1430,0,368
2,7,735,736,-32768,787,0,0
2,7,1205,1206,-16384,1431,0,0
2,7,1208,1205,0,1433,0,0
2,7,1209,1208,16384,1434,0,0
2,7,1206,1209,-32768,1435,0,0
2,7,747,748,-32768,799,0,0
2,7,1206,1524,-16384,1432,0,0
2,7,1209,1206,0,1435,1,0
2,7,1295,1296,-32768,1534,0,0
2,7,1296,1297,-16384,1535,0,0
2,7,748,749,-16384,800,0,0
2,7,1298,1295,16384,1537,0,0
2,7,750,747,16384,802,0,0
2,7,1524,1516,-16384,1432,0,64
2,7,744,745,-16384,796,0,0
2,7,1200,1522,16384,1427,0,0
2,7,743,744,-32768,795,0,0
2,7,1208,1209,-16384,1434,1,0
2,7,746,743,16384,798,0,0
2,7,771,772,16384,822,0,0
2,7,772,1525,16384,832,1,0
2,7,780,771,-32768,839,0,0
2,7,1526,780,-16384,840,0,144
2,7,773,780,-32768,838,0,0
2,7,780,1526,16384,840,1,0
2,7,1527,773,-16384,845,0,112
2,7,775,774,-32768,825,0,0
2,7,776,775,-24576,826,0,0
2,7,774,773,-32768,830,1,0
2,7,1528,776,-16384,844,0,128
2,7,773,1527,16384,845,1,0
2,7,813,814,0,888,0,0
2,7,763,762,-32768,813,0,0
2,7,1525,772,-16384,832,0,48
2,7,772,1026,-32768,1193,0,0
2,7,1030,766,0,1200,0,0
2,7,762,1030,16384,1201,1,0
2,7,1026,763,-32768,1507,0,0
2,7,764,763,16384,814,0,0
2,7,765,764,-32768,815,0,0
2,7,770,765,-32768,819,1,0
2,7,1026,1027,-16384,1194,0,0
2,7,1027,770,-32768,1195,0,0
2,7,763,1026,0,1507,1,0
2,7,728,729,-16384,780,0,0
2,7,1028,254,16384,1757,0,0
2,7,727,728,-32768,779,0,0
2,7,730,727,16384,782,0,0
2,7,1029,718,-16384,1756,0,0
2,7,1028,718,-32768,1196,0,0
2,7,1029,254,0,1198,0,0
2,7,718,1029,16384,1756,1,0
2,7,254,1028,-16384,1757,1,0
2,7,254,255,16384,202,0,0
2,7,255,381,8192,334,0,0
2,7,381,768,0,817,0,0
2,7,768,751,0,829,1,0
2,7,759,1029,-2555,1197,0,0
2,7,765,770,0,819,0,0
2,7,768,765,16384,820,0,0
2,7,770,751,-16384,821,0,0
2,7,751,768,-32768,829,0,0
2,7,751,752,0,803,0,0
2,7,752,1529,0,831,1,0
2,7,1287,1288,-32768,1526,0,0
2,7,1288,1289,-16384,1527,0,0
2,7,732,733,-16384,784,0,0
2,7,1290,1287,16384,1529,0,0
2,7,378,379,-8192,332,0,0
2,7,731,732,-32768,783,0,0
2,7,769,378,0,818,0,0
2,7,1529,769,0,831,1,128
2,7,379,1530,-16384,1430,0,0
2,7,734,731,16384,786,0,0
2,7,1530,1517,-16384,1430,0,112
2,7,752,773,16384,823,0,0
2,7,774,769,-16384,824,0,0
2,7,773,774,0,830,0,0
2,7,769,752,-32768,831,0,0
2,7,940,944,16384,1078,0,0
2,7,941,940,16384,1111,0,0
2,7,944,1531,0,1122,0,0
2,7,939,940,0,1075,0,0
2,7,941,942,-32768,1076,0,0
2,7,942,939,16384,1110,0,0
2,7,940,941,-16384,1111,1,0
2,7,938,939,0,1074,0,0
2,7,942,943,-32768,1077,0,0
2,7,943,938,16384,1109,0,0
2,7,939,942,-16384,1110,1,0
2,7,971,938,0,1105,0,0
2,7,943,972,-32768,1106,0,0
2,7,972,971,16384,1108,0,0
2,7,938,943,-16384,1109,1,0
2,7,937,936,16384,1073,0,0
2,7,936,971,0,1104,0,0
2,7,972,937,-32768,1107,0,0
2,7,971,972,-16384,1108,1,0
2,7,76,77,-16384,51,0,0
2,7,78,79,-16384,52,0,0
2,7,80,81,16384,53,0,0
2,7,82,83,16384,54,0,0
2,7,83,78,0,55,0,0
2,7,79,76,-16384,94,0,0
2,7,81,82,16384,890,0,0
2,7,77,1316,-32768,1566,0,0
2,7,1319,80,-32768,1570,0,0
2,7,1316,1319,-32768,1571,0,0
2,7,84,82,0,56,0,0
2,7,81,85,-32768,57,0,0
2,7,82,81,-16384,890,1,0
2,7,1316,1317,-16384,1567,0,0
2,7,1317,1318,-32768,1568,0,0
2,7,1318,1319,16384,1569,0,0
2,7,1319,1316,0,1571,1,0
2,7,76,79,16384,94,1,0
2,7,79,243,0,189,0,0
2,7,244,76,-32768,192,0,0
2,7,243,244,-16384,193,0,0
2,7,1532,960,16384,1092,0,96
2,7,960,961,8192,1093,0,0
2,7,961,962,0,1094,0,0
2,7,967,968,-32768,1100,0,0
2,7,959,1532,16384,1092,0,0
2,7,1533,966,-32768,1098,0,160
2,7,966,959,24576,1099,0,0
2,7,968,969,-16384,1101,0,0
2,7,965,1533,-32768,1098,0,0
2,7,969,970,0,1102,0,0
2,7,970,967,16384,1103,0,0
2,7,959,966,-8192,1099,1,0
2,7,961,960,-24576,1093,1,0
2,7,966,957,-21220,1116,0,0
2,7,1534,957,-32768,1089,0,32
2,7,966,965,0,1098,1,0
2,7,957,966,11547,1116,1,0
2,7,952,961,-11547,1113,0,0
2,7,952,1535,0,1085,0,0
2,7,962,961,-32768,1094,1,0
2,7,961,952,21220,1113,1,0
2,7,950,941,16384,1083,0,0
2,7,1535,952,-32768,1085,1,32
2,7,951,952,8192,1084,0,0
2,7,960,951,27931,1114,0,0
2,7,949,950,0,1082,0,0
2,7,952,951,-24576,1084,1,0
2,7,957,958,24576,1090,0,0
2,7,958,959,4836,1115,0,0
2,7,958,957,-8192,1090,1,0
2,7,958,951,16384,1091,0,0
2,7,960,959,-16384,1092,1,0
2,7,951,960,-4836,1114,1,0
2,7,959,958,-27931,1115,1,0
2,7,948,949,8192,1081,0,0
2,7,951,958,-16384,1091,1,0
2,7,947,948,16384,1121,0,0
2,7,126,127,0,103,0,0
2,7,128,129,0,104,0,0
2,7,127,130,-16384,106,0,0
2,7,242,128,16384,187,0,0
2,7,130,1315,-32768,1564,0,0
2,7,358,359,16384,303,0,0
2,7,359,242,0,304,0,0
2,7,351,352,-32768,296,0,0
2,7,352,353,16384,297,0,0
2,7,1315,351,-16384,1565,0,0
2,7,110,126,-16384,102,0,0
2,7,129,111,16384,105,0,0
2,7,111,110,0,311,1,0
2,7,353,354,-32768,298,0,0
2,7,357,358,0,302,0,0
2,7,354,355,-16384,299,0,0
2,7,355,1536,-32768,300,0,0
2,7,1537,232,-16384,178,0,272
2,7,232,229,-32768,185,0,0
2,7,1144,1538,16384,1342,0,0
2,7,356,357,-16384,301,0,0
2,7,230,1340,0,1603,0,0
2,7,1340,356,0,1604,0,0
2,7,622,623,0,641,0,0
2,7,624,622,16384,650,1,0
2,7,623,629,-16384,651,0,0
2,7,629,624,-32768,656,0,0
2,7,629,623,16384,651,1,0
2,7,623,631,0,653,0,0
2,7,634,629,-32768,657,0,0
2,7,631,634,-16384,666,0,0
2,7,631,632,0,654,0,0
2,7,635,634,-32768,658,0,0
2,7,634,631,16384,666,1,0
2,7,632,635,-16384,667,0,0
2,7,632,633,0,655,0,0
2,7,636,635,-32768,659,0,0
2,7,635,632,16384,667,1,0
2,7,633,636,-16384,668,0,0
2,7,633,637,0,660,0,0
2,7,636,633,16384,668,1,0
2,7,637,636,-26056,669,0,0
2,7,637,638,-16384,661,0,0
2,7,636,637,6711,669,1,0
2,7,638,636,-32768,670,0,0
2,7,638,639,-16384,662,0,0
2,7,640,636,16384,665,0,0
2,7,636,638,0,670,1,0
2,7,639,640,-32768,671,0,0
2,7,94,92,0,65,0,0
2,7,93,95,0,66,0,0
2,7,95,96,-2058,67,0,0
2,7,96,97,-6133,68,0,0
2,7,97,98,-10250,69,0,0
2,7,99,100,-22517,70,0,0
2,7,100,101,-26634,71,0,0
2,7,101,102,-30709,72,0,0
2,7,102,110,-32768,80,0,0
2,7,92,93,0,310,0,0
2,7,110,94,21220,325,0,0
2,7,98,99,-16384,764,0,0
2,7,98,709,0,761,0,0
2,7,709,710,-16384,762,0,0
2,7,710,99,-32768,763,0,0
2,7,99,98,16384,764,1,0
2,7,710,709,16384,762,1,0
2,7,709,936,0,1071,0,0
2,7,937,710,-32768,1072,0,0
2,7,936,937,-16384,1073,1,0
2,7,107,108,14325,77,0,0
2,7,108,109,8192,78,0,0
2,7,109,94,2058,79,0,0
2,7,110,111,-32768,311,0,0
2,7,111,107,24576,324,0,0
2,7,94,110,-11547,325,1,0
2,7,103,104,30709,73,0,0
2,7,104,105,24576,74,0,0
2,7,105,106,18442,75,0,0
2,7,106,107,16384,76,0,0
2,7,111,103,-32768,81,0,0
2,7,107,111,-8192,324,1,0
2,7,92,91,16384,63,0,0
2,7,90,93,-16384,64,0,0
2,7,93,92,-32768,310,1,0
2,7,1539,1540,0,691,0,128
2,7,85,87,-16384,59,0,0
2,7,87,90,-27931,61,0,0
2,7,1540,84,0,691,0,192
2,7,88,89,16384,60,0,0
2,7,91,88,27931,62,0,0
2,7,89,1539,0,691,0,0
2,7,231,1537,-16384,178,0,0
2,7,1140,1137,16384,1338,0,0
2,7,1538,1141,16384,1342,0,16
2,7,1408,231,0,1678,0,0
2,7,86,84,-16384,58,0,0
2,7,89,360,16384,305,0,0
2,7,360,361,8192,306,0,0
2,7,361,362,0,307,0,0
2,7,363,86,-8192,308,0,0
2,7,84,89,-32768,691,1,0
2,7,362,661,0,692,0,0
2,7,661,363,0,693,0,0
2,7,0,1541,0,0,0,0
2,7,119,118,16384,101,1,0
2,7,118,0,16384,203,0,0
2,7,1542,119,16384,714,0,896
2,7,1435,1436,-32768,1715,0,0
2,7,1361,1362,-32768,1631,0,0
2,7,1434,1435,16384,1714,0,0
2,7,1543,1542,16384,714,0,736
2,7,1436,1433,-16384,1716,0,0
2,7,1433,1434,0,1713,0,0
2,7,1434,1433,-32768,1713,1,0
2,7,1435,1434,-16384,1714,1,0
2,7,1436,1435,0,1715,1,0
2,7,1433,1436,16384,1716,1,0
2,7,1364,1363,0,1633,0,0
2,7,1404,1405,16384,1673,0,0
2,7,1362,1364,-16384,1634,0,0
2,7,1362,1361,0,1631,1,0
2,7,1361,1363,-16384,1632,1,0
2,7,1363,1364,-32768,1633,1,0
2,7,1364,1362,16384,1634,1,0
2,7,1544,1543,16384,714,0,512
2,7,1406,1403,-16384,1675,0,0
2,7,1405,1406,-32768,1674,0,0
2,7,1404,1403,-32768,1672,1,0
2,7,1405,1404,-16384,1673,1,0
2,7,1406,1405,0,1674,1,0
2,7,1403,1406,16384,1675,1,0
2,7,1545,1544,16384,714,0,288
2,7,1394,1395,-16384,1663,0,0
2,7,1395,1396,-16384,1664,0,0
2,7,1397,1394,-32768,1665,0,0
2,7,1403,1404,0,1672,0,0
2,7,1400,1397,16384,1667,0,0
2,7,1546,1397,0,1665,1,56
2,7,1398,1399,16384,1666,0,0
2,7,1397,1400,-16384,1667,1,0
2,7,1400,1547,-32768,1668,0,0
2,7,1395,1548,16384,1663,1,0
2,7,1547,1395,-32768,1668,0,8
2,7,1401,1398,0,1669,0,0
2,7,1548,1394,16384,1663,1,8
2,7,1394,1549,0,1665,1,0
2,7,1402,1401,-16384,1670,0,0
2,7,1549,1546,0,1665,1,8
2,7,1399,1402,-32768,1671,0,0
2,7,1399,1398,-16384,1666,1,0
2,7,1398,1401,-32768,1669,1,0
2,7,1401,1402,16384,1670,1,0
2,7,1402,1399,0,1671,1,0
2,7,1396,1407,0,1676,0,0
2,7,1407,1400,16384,1696,0,0
2,7,1396,1395,16384,1664,1,0
2,7,1395,1400,0,1668,1,0
2,7,1407,1396,-32768,1676,1,0
2,7,1400,1407,-16384,1696,1,0
2,7,384,382,16384,336,0,0
2,7,884,883,0,1000,0,0
2,7,1365,1366,-32768,1635,0,0
2,7,1368,1367,0,1637,0,0
2,7,1366,1368,-16384,1638,0,0
2,7,1366,1365,0,1635,1,0
2,7,1365,1367,-16384,1636,1,0
2,7,1367,1368,-32768,1637,1,0
2,7,1368,1366,16384,1638,1,0
2,7,385,384,0,337,0,0
2,7,901,902,-32768,1018,0,0
2,7,1550,901,16384,1019,0,32
2,7,902,1551,-16384,1021,0,0
2,7,383,385,-16384,338,0,0
2,7,1363,1361,16384,1632,0,0
2,7,382,383,-32768,335,0,0
2,7,881,882,-32768,998,0,0
2,7,1391,1390,0,1657,0,0
2,7,883,881,16384,999,0,0
2,7,882,884,-16384,1001,0,0
2,7,1541,1552,0,0,0,320
2,7,1388,1389,-32768,1655,0,0
2,7,1390,1388,16384,1656,0,0
2,7,1389,1391,-16384,1658,0,0
2,7,1389,1388,0,1655,1,0
2,7,1388,1390,-16384,1656,1,0
2,7,1390,1391,-32768,1657,1,0
2,7,1391,1389,16384,1658,1,0
2,7,1553,1,0,0,0,1024
2,7,1,1554,-16384,309,0,0
2,7,895,893,16384,1011,0,0
2,7,1384,1385,-32768,1651,0,0
2,7,1554,1555,-16384,309,0,704
2,7,1386,1384,16384,1652,0,0
2,7,1387,1386,0,1653,0,0
2,7,1385,1387,-16384,1654,0,0
2,7,1385,1384,0,1651,1,0
2,7,1384,1386,-16384,1652,1,0
2,7,1386,1387,-32768,1653,1,0
2,7,1387,1385,16384,1654,1,0
2,7,1552,1553,0,0,0,792
2,7,893,894,-32768,1010,0,0
2,7,894,896,-16384,1013,0,0
2,7,1367,1365,16384,1636,0,0
2,7,1369,1370,-32768,1639,0,0
2,7,896,895,0,1012,0,0
2,7,897,898,-32768,1014,0,0
2,7,1371,1369,16384,1640,0,0
2,7,1372,1371,0,1641,0,0
2,7,1370,1372,-16384,1642,0,0
2,7,1370,1369,0,1639,1,0
2,7,1369,1371,-16384,1640,1,0
2,7,1371,1372,-32768,1641,1,0
2,7,1372,1370,16384,1642,1,0
2,7,112,125,-16384,95,0,0
2,7,243,112,0,190,0,0
2,7,125,244,-32768,191,0,0
2,7,244,243,16384,193,1,0
2,7,112,113,0,82,0,0
2,7,124,125,-32768,93,0,0
2,7,125,112,16384,95,1,0
2,7,113,124,-16384,96,0,0
2,7,113,114,0,83,0,0
2,7,123,124,-32768,92,0,0
2,7,124,113,16384,96,1,0
2,7,114,123,-16384,97,0,0
2,7,114,115,0,84,0,0
2,7,122,123,-32768,91,0,0
2,7,123,114,16384,97,1,0
2,7,115,122,-16384,98,0,0
2,7,115,116,0,85,0,0
2,7,121,122,-32768,90,0,0
2,7,122,115,16384,98,1,0
2,7,116,121,-16384,99,0,0
2,7,116,117,0,86,0,0
2,7,120,121,-32768,89,0,0
2,7,121,116,16384,99,1,0
2,7,117,120,-16384,100,0,0
2,7,117,118,0,87,0,0
2,7,119,120,-32768,88,0,0
2,7,120,117,16384,100,1,0
2,7,118,119,-16384,101,0,0
2,7,962,963,-8192,1095,0,0
2,7,963,964,-16384,1096,0,0
2,7,964,965,-24576,1097,0,0
2,7,965,964,8192,1097,1,0
2,7,956,965,21220,1117,0,0
2,7,956,1534,-32768,1089,0,0
2,7,965,956,-11547,1117,1,0
2,7,963,962,24576,1095,1,0
2,7,962,953,11547,1120,0,0
2,7,1535,953,0,1085,0,224
2,7,953,962,-21220,1120,1,0
2,7,953,1535,-32768,1085,1,0
2,7,1531,1556,0,1122,0,224
2,7,953,954,-8192,1086,0,0
2,7,954,963,-27931,1119,0,0
2,7,954,953,24576,1086,1,0
2,7,973,1557,-16384,1112,0,0
2,7,1556,973,0,1122,0,256
2,7,955,956,-24576,1088,0,0
2,7,964,955,-4836,1118,0,0
2,7,956,955,8192,1088,1,0
2,7,954,955,-16384,1087,0,0
2,7,964,963,16384,1096,1,0
2,7,955,964,27931,1118,1,0
2,7,963,954,4836,1119,1,0
2,7,955,954,16384,1087,1,0
2,7,1557,1558,-16384,1112,0,288
2,7,662,663,-32768,694,0,0
2,7,663,1545,16384,714,0,0
2,7,886,888,-16384,1005,0,0
2,7,1032,1031,-32768,1736,0,0
2,7,1559,1032,-32768,1758,0,24
2,7,1031,662,-32768,1759,0,0
2,7,1041,1042,-32768,1211,0,0
2,7,1047,1048,0,1214,0,0
2,7,1048,1074,-8192,1243,0,0
2,7,1074,1075,-16384,1244,0,0
2,7,1075,1041,-24576,1245,0,0
2,7,1042,1047,16384,1732,1,0
2,7,712,713,-27478,766,0,0
2,7,1506,724,16384,776,0,128
2,7,724,725,14750,777,0,0
2,7,725,726,0,778,0,0
2,7,1033,1560,0,1204,0,0
2,7,726,1033,0,1737,0,0
2,7,713,1505,-19739,767,0,0
2,7,726,1561,16384,1202,0,0
2,7,1562,1033,-16384,1203,0,32
2,7,1033,726,-32768,1737,1,0
2,7,1447,1448,0,1760,0,0
2,7,1032,1562,-16384,1203,0,0
2,7,1563,1032,0,1736,1,88
2,7,1448,1449,16384,1761,0,0
2,7,1564,1031,16384,1202,0,40
2,7,1031,1563,0,1736,1,0
2,7,1449,1450,-32768,1762,0,0
2,7,1561,1564,16384,1202,0,24
2,7,1450,1447,-16384,1763,0,0
2,7,1448,1447,-32768,1760,1,0
2,7,1449,1448,-16384,1761,1,0
2,7,1450,1449,0,1762,1,0
2,7,1447,1450,16384,1763,1,0
2,7,1441,1067,-32768,1730,0,0
2,7,1068,1442,0,1731,0,0
2,7,1068,1067,16384,1236,0,0
2,7,1441,1442,-16384,1727,0,0
2,7,1067,1441,0,1730,1,0
2,7,1442,1068,-32768,1731,1,0
2,7,1064,1441,-32768,1728,0,0
2,7,1442,1065,0,1729,0,0
2,7,1064,1065,-16384,1231,0,0
2,7,1442,1441,16384,1727,1,0
2,7,1441,1064,0,1728,1,0
2,7,1065,1442,-32768,1729,1,0
2,7,1565,1064,-21220,1230,0,57
2,7,1065,1043,-11547,1232,0,0
2,7,1503,1046,16384,1213,0,80
2,7,1046,1061,-1093,1242,0,0
2,7,1063,1566,-16384,1229,0,0
2,7,1073,1063,1093,1241,1,0
2,7,1079,1073,16384,1250,0,0
2,7,1080,1079,-32768,1251,0,0
2,7,1566,1061,-16384,1229,0,56
2,7,1061,1567,31674,1242,1,0
2,7,1081,1080,16384,1252,0,0
2,7,1567,1046,31674,1242,1,136
2,7,1046,1078,16384,1249,0,0
2,7,1078,1081,0,1253,0,0
2,7,1061,1062,0,1228,0,0
2,7,1066,1063,-32768,1233,0,0
2,7,1067,1066,27931,1234,0,0
2,7,1062,1068,4836,1235,0,0
2,7,1037,1038,16384,1209,0,0
2,7,1038,1051,0,1216,0,0
2,7,1051,1054,-4223,1734,0,0
2,7,1057,1054,-19739,1222,0,0
2,7,1054,1051,28544,1734,1,0
2,7,1054,1047,-8192,1218,0,0
2,7,1042,1565,-21220,1230,0,0
2,7,1047,1042,-16384,1732,0,0
2,7,1036,1037,0,1208,0,0
2,7,1070,1069,0,1238,0,0
2,7,1063,1073,-31674,1241,0,0
2,7,1073,1070,16384,1314,0,0
2,7,1034,1035,0,1206,0,0
2,7,1035,1036,-16384,1207,0,0
2,7,1069,1034,16384,1237,0,0
2,7,945,946,-32768,1079,0,0
2,7,946,947,24576,1080,0,0
2,7,957,956,0,1089,1,0
2,7,1558,945,-16384,1112,0,576
2,7,1051,1056,10250,1220,0,0
2,7,1056,1057,-4836,1221,0,0
2,7,489,490,-24576,462,0,0
2,7,490,491,-32768,463,0,0
2,7,491,492,24576,464,0,0
2,7,492,489,0,1605,0,0
2,7,491,490,0,463,1,0
2,7,490,489,8192,462,1,0
2,7,1568,487,-32768,458,0,32
2,7,487,488,24576,459,0,0
2,7,488,1569,16384,460,0,0
2,7,492,491,-8192,464,1,0
2,7,478,479,0,449,0,0
2,7,479,489,-16384,461,0,0
2,7,492,478,16384,465,0,0
2,7,489,492,-32768,1605,1,0
2,7,477,478,0,448,0,0
2,7,1569,477,16384,460,0,32
2,7,478,492,-16384,465,1,0
2,7,479,480,0,450,0,0
2,7,480,485,-16384,456,0,0
2,7,485,486,-24576,457,0,0
2,7,486,1568,-32768,458,0,0
2,7,489,479,16384,461,1,0
2,7,488,487,-8192,459,1,0
2,7,486,485,8192,457,1,0
2,7,482,483,-32768,453,0,0
2,7,487,486,0,458,1,0
2,7,483,482,0,453,1,0
2,7,628,630,-32768,652,0,0
2,7,639,628,-16384,663,0,0
2,7,630,640,16384,664,0,0
2,7,640,639,0,671,1,0
2,7,479,478,-32768,449,1,0
2,7,628,479,-16384,649,0,0
2,7,1570,628,0,652,1,64
2,7,478,1149,16384,1347,0,0
2,7,630,1570,0,652,1,0
2,7,1149,1150,-32768,1348,0,0
2,7,1150,630,16384,1349,0,0
2,7,483,484,24576,454,0,0
2,7,484,391,16384,455,0,0
2,7,477,488,-16384,460,1,0
2,7,391,509,16384,483,0,0
2,7,512,513,16384,487,0,0
2,7,513,477,0,488,0,0
2,7,509,512,16384,495,0,0
2,7,484,483,-8192,454,1,0
2,7,493,519,16384,507,0,0
2,7,519,484,16384,508,0,0
2,7,390,391,0,346,0,0
2,7,391,484,-16384,455,1,0
2,7,484,494,-32768,467,0,0
2,7,494,390,16384,468,0,0
2,7,509,510,-32768,484,0,0
2,7,510,511,16384,485,0,0
2,7,511,512,0,486,0,0
2,7,512,509,-16384,495,1,0
2,7,392,481,-16384,451,0,0
2,7,481,482,-24576,452,0,0
2,7,485,480,16384,456,1,0
2,7,480,514,0,489,0,0
2,7,514,515,-16384,490,0,0
2,7,518,392,-16384,494,0,0
2,7,515,518,-16384,496,0,0
2,7,482,481,8192,452,1,0
2,7,481,520,-16384,509,0,0
2,7,520,1502,-16384,510,0,0
2,7,392,393,0,347,0,0
2,7,481,392,16384,451,1,0
2,7,393,495,-16384,469,0,0
2,7,495,481,-32768,470,0,0
2,7,515,516,0,491,0,0
2,7,516,517,-16384,492,0,0
2,7,517,518,-32768,493,0,0
2,7,518,515,16384,496,1,0
2,7,1571,1572,0,828,0,288
2,7,833,834,0,917,0,0
2,7,847,848,-32768,932,0,0
2,7,848,833,16384,934,1,0
2,7,834,847,-16384,935,0,0
2,7,834,835,0,918,0,0
2,7,846,847,-32768,931,0,0
2,7,847,834,16384,935,1,0
2,7,835,846,-16384,936,0,0
2,7,906,907,0,1023,0,0
2,7,910,911,-32768,1027,0,0
2,7,911,906,16384,1031,0,0
2,7,907,910,-16384,1032,1,0
2,7,905,906,0,1022,0,0
2,7,911,912,-32768,1028,0,0
2,7,912,905,16384,1030,0,0
2,7,906,911,-16384,1031,1,0
2,7,766,767,16384,816,0,0
2,7,767,1571,0,828,0,0
2,7,826,827,0,909,0,0
2,7,828,829,-32768,911,0,0
2,7,830,828,-16384,912,0,0
2,7,829,849,16384,943,0,0
2,7,852,826,16384,947,0,0
2,7,913,830,-16384,1029,0,0
2,7,827,913,-16384,1037,0,0
2,7,849,852,16384,1753,0,0
2,7,828,830,16384,912,1,0
2,7,830,833,0,916,0,0
2,7,848,828,-32768,933,0,0
2,7,833,848,-16384,934,0,0
2,7,905,912,-16384,1030,1,0
2,7,914,905,0,1034,0,0
2,7,912,915,-32768,1035,0,0
2,7,915,914,16384,1038,0,0
2,7,827,914,0,1033,0,0
2,7,915,913,-32768,1036,0,0
2,7,913,827,16384,1037,1,0
2,7,914,915,-16384,1038,1,0
2,7,711,712,-18749,765,0,0
2,7,1560,711,0,1204,0,16
2,7,849,850,-32768,944,0,0
2,7,850,851,16384,945,0,0
2,7,851,852,0,946,0,0
2,7,852,849,-16384,1753,1,0
2,7,1572,1573,0,828,0,352
2,7,835,836,0,919,0,0
2,7,845,846,-32768,930,0,0
2,7,846,835,16384,936,1,0
2,7,836,845,-16384,937,0,0
2,7,836,837,0,920,0,0
2,7,844,845,-32768,929,0,0
2,7,845,836,16384,937,1,0
2,7,837,844,-16384,938,0,0
2,7,837,838,0,921,0,0
2,7,843,844,-32768,928,0,0
2,7,844,837,16384,938,1,0
2,7,838,843,-16384,939,0,0
2,7,838,839,0,922,0,0
2,7,842,843,-32768,927,0,0
2,7,843,838,16384,939,1,0
2,7,839,842,-16384,940,0,0
2,7,1573,779,0,828,0,480
2,7,779,1525,-16384,832,0,0
2,7,839,840,0,923,0,0
2,7,841,842,-32768,926,0,0
2,7,842,839,16384,940,1,0
2,7,840,841,-16384,941,0,0
2,7,831,832,-16384,915,0,0
2,7,840,831,0,924,0,0
2,7,832,841,-32768,925,0,0
2,7,841,840,16384,941,1,0
2,7,824,825,-16384,910,0,0
2,7,831,824,0,913,0,0
2,7,825,832,-32768,914,0,0
2,7,832,831,16384,915,1,0
2,7,907,908,0,1024,0,0
2,7,908,909,-16384,1025,0,0
2,7,909,910,-32768,1026,0,0
2,7,910,907,16384,1032,0,0
2,7,777,1574,0,827,0,0
2,7,1525,779,16384,832,1,64
2,7,781,1526,-16384,840,0,0
2,7,824,777,16384,907,0,0
2,7,779,825,16384,908,0,0
2,7,825,824,16384,910,1,0
2,7,1574,778,0,827,0,32
2,7,783,782,-32768,842,0,0
2,7,778,783,-16384,942,0,0
2,7,782,781,-24576,841,0,0
2,7,1575,781,16384,840,1,240
2,7,781,782,8192,841,1,0
2,7,782,783,0,842,1,0
2,7,783,784,-16384,843,0,0
2,7,784,786,-32768,847,0,0
2,7,1526,1575,16384,840,1,112
2,7,785,1527,-16384,845,0,0
2,7,786,785,-24576,846,0,0
2,7,1527,785,16384,845,1,112
2,7,785,786,8192,846,1,0
2,7,786,1576,0,847,1,0
2,7,812,813,-16384,887,0,0
2,7,784,1577,-16384,844,0,0
2,7,1576,784,0,847,1,48
2,7,811,812,-32768,886,0,0
2,7,1577,1528,-16384,844,0,64
2,7,814,811,16384,889,0,0
2,7,1578,1579,-32768,333,0,48
2,7,1421,1422,0,1701,0,0
2,7,1378,1379,-32768,1647,0,0
2,7,1381,1378,16384,1698,0,0
2,7,1420,1381,-32768,1699,0,0
2,7,1379,1378,0,1647,1,0
2,7,1580,1379,16384,1650,1,32
2,7,1378,1381,-16384,1698,1,0
2,7,1383,1382,0,1697,0,0
2,7,1382,1421,-16384,1700,0,0
2,7,1383,1580,16384,1650,1,0
2,7,1382,1383,-32768,1697,1,0
2,7,1421,1581,16384,1700,1,0
2,7,1422,1421,-32768,1701,1,0
2,7,1582,1422,-16384,1702,1,56
2,7,1424,1425,0,1704,0,0
2,7,1583,1420,0,1699,1,24
2,7,1420,1582,-16384,1702,1,0
2,7,1425,1426,16384,1705,0,0
2,7,1382,1380,0,1649,0,0
2,7,1584,1382,16384,1700,1,24
2,7,1585,1428,-16384,1707,0,24
2,7,1428,1423,-32768,1708,0,0
2,7,1581,1584,16384,1700,1,8
2,7,1423,1424,-16384,1703,0,0
2,7,1424,1423,16384,1703,1,0
2,7,1586,1424,-32768,1704,1,16
2,7,1423,1428,0,1708,1,0
2,7,1380,1381,16384,1648,0,0
2,7,1381,1587,0,1699,1,0
2,7,1427,1585,-16384,1707,0,0
2,7,1381,1380,-16384,1648,1,0
2,7,1380,1382,-32768,1649,1,0
2,7,1587,1583,0,1699,1,8
2,7,1426,1427,-32768,1706,0,0
2,7,1425,1586,-32768,1704,1,0
2,7,1426,1425,-16384,1705,1,0
2,7,1427,1426,0,1706,1,0
2,7,1428,1427,16384,1707,1,0
2,7,1588,1578,-32768,333,0,40
2,7,1422,1420,16384,1702,0,0
2,7,1429,1430,-16384,1709,0,0
2,7,1589,364,-16384,309,0,1056
2,7,364,1588,-32768,333,0,0
2,7,1430,1431,0,1710,0,0
2,7,1555,1589,-16384,309,0,832
2,7,1431,1432,16384,1711,0,0
2,7,1432,1429,-32768,1712,0,0
2,7,1430,1429,16384,1709,1,0
2,7,1431,1430,-32768,1710,1,0
2,7,1432,1431,-16384,1711,1,0
2,7,1429,1432,0,1712,1,0
2,7,899,897,16384,1015,0,0
2,7,1379,1383,-16384,1650,0,0
2,7,891,889,16384,1007,0,0
2,7,898,900,-16384,1017,0,0
2,7,900,899,0,1016,0,0
2,7,889,890,-32768,1006,0,0
2,7,903,1550,16384,1019,0,0
2,7,892,891,0,1008,0,0
2,7,1373,1374,-32768,1643,0,0
2,7,890,892,-16384,1009,0,0
2,7,885,886,-32768,1002,0,0
2,7,904,903,0,1020,0,0
2,7,1551,904,-16384,1021,0,96
2,7,887,885,16384,1003,0,0
2,7,888,887,0,1004,0,0
2,7,1579,380,-32768,333,0,144
2,7,1376,1375,0,1645,0,0
2,7,1392,1376,0,1659,0,0
2,7,380,1559,-32768,1758,0,0
2,7,1374,1377,-16384,1646,0,0
2,7,1377,1392,-16384,1662,0,0
2,7,1375,1373,16384,1644,0,0
2,7,1590,1373,0,1643,1,32
2,7,1373,1375,-16384,1644,1,0
2,7,1375,1376,-32768,1645,1,0
2,7,1376,1393,16384,1660,0,0
2,7,1374,1590,0,1643,1,0
2,7,1377,1374,16384,1646,1,0
2,7,1393,1377,-32768,1661,0,0
2,7,1376,1392,-32768,1659,1,0
2,7,1393,1376,-16384,1660,1,0
2,7,1377,1393,0,1661,1,0
2,7,1392,1377,16384,1662,1,0
2,7,586,587,-16384,576,0,0
2,7,587,596,-32768,627,0,0
2,7,587,588,-16384,577,0,0
2,7,595,596,16384,584,0,0
2,7,596,587,0,627,1,0
2,7,588,595,-32768,628,0,0
2,7,588,589,-16384,578,0,0
2,7,594,595,16384,583,0,0
2,7,595,588,0,628,1,0
2,7,589,594,-32768,629,0,0
2,7,1123,1124,8192,1316,0,0
2,7,1124,1125,0,1317,0,0
2,7,1125,1126,-16384,1318,0,0
2,7,1126,1127,-16384,1319,0,0
2,7,1591,1128,-32768,1321,0,96
2,7,1128,1129,16384,1322,0,0
2,7,1129,1592,-32768,1323,0,0
2,7,584,585,0,575,0,0
2,7,612,613,-32768,601,0,0
2,7,613,584,16384,623,1,0
2,7,585,612,-16384,624,0,0
2,7,585,609,0,597,0,0
2,7,611,612,-32768,600,0,0
2,7,612,585,16384,624,1,0
2,7,609,611,-16384,625,0,0
2,7,609,610,0,598,0,0
2,7,596,611,-32768,599,0,0
2,7,611,609,16384,625,1,0
2,7,610,596,-16384,626,0,0
2,7,610,586,0,602,0,0
2,7,596,610,16384,626,1,0
2,7,1593,616,-8192,632,0,181
2,7,1592,1130,-32768,1323,0,16
2,7,1594,334,-24576,280,0,22
2,7,334,335,-32768,281,0,0
2,7,335,1595,24576,282,0,0
2,7,616,1123,0,1315,0,0
2,7,626,627,-16384,644,0,0
2,7,618,626,0,645,0,0
2,7,1127,618,0,1320,0,0
2,7,627,1591,-32768,1321,0,0
2,7,618,619,16384,637,0,0
2,7,625,626,-16384,643,0,0
2,7,626,618,-32768,645,1,0
2,7,619,625,0,646,0,0
2,7,619,620,16384,638,0,0
2,7,624,625,-16384,642,0,0
2,7,625,619,-32768,646,1,0
2,7,620,624,0,647,0,0
2,7,620,621,16384,639,0,0
2,7,624,620,-32768,647,1,0
2,7,621,624,-9137,648,0,0
2,7,227,1596,16384,176,0,0
2,7,1536,227,-32768,300,0,64
2,7,621,622,0,640,0,0
2,7,624,621,23630,648,1,0
2,7,622,624,-16384,650,0,0
2,7,580,579,16384,570,0,0
2,7,581,580,-32768,571,0,0
2,7,579,575,0,619,1,0
2,7,575,581,-16384,620,0,0
2,7,575,582,0,572,0,0
2,7,581,575,16384,620,1,0
2,7,582,614,-16384,621,0,0
2,7,614,581,-32768,634,0,0
2,7,582,583,0,573,0,0
2,7,614,582,16384,621,1,0
2,7,583,615,-16384,622,0,0
2,7,615,614,-32768,635,0,0
2,7,583,584,0,574,0,0
2,7,615,583,16384,622,1,0
2,7,584,613,-16384,623,0,0
2,7,613,615,-32768,636,0,0
2,7,567,568,-16384,558,0,0
2,7,570,545,16384,560,0,0
2,7,545,567,0,613,1,0
2,7,568,570,-32768,614,0,0
2,7,568,569,-16384,559,0,0
2,7,571,570,16384,561,0,0
2,7,570,568,0,614,1,0
2,7,569,571,-32768,615,0,0
2,7,569,572,-16384,562,0,0
2,7,576,571,16384,566,0,0
2,7,571,569,0,615,1,0
2,7,572,576,-32768,616,0,0
2,7,1597,1598,19497,1324,0,83
2,7,572,573,-16384,563,0,0
2,7,577,576,16384,567,0,0
2,7,576,572,0,616,1,0
2,7,573,577,-32768,617,0,0
2,7,573,574,-16384,564,0,0
2,7,578,577,16384,568,0,0
2,7,577,573,0,617,1,0
2,7,574,578,-32768,618,0,0
2,7,574,575,-16384,565,0,0
2,7,579,578,16384,569,0,0
2,7,578,574,0,618,1,0
2,7,575,579,-32768,619,0,0
2,7,1130,1597,19497,1324,0,0
2,7,263,264,0,355,0,0
2,7,1459,263,16384,501,0,960
2,7,264,1460,-16384,502,0,0
2,7,55,56,-16384,36,0,0
2,7,264,265,0,211,0,0
2,7,265,55,-8192,345,0,0
2,7,1460,264,16384,502,1,960
2,7,261,262,8192,209,0,0
2,7,262,263,0,210,0,0
2,7,1462,261,16384,213,0,104
2,7,263,1459,-16384,501,1,0
2,7,601,607,-24576,595,0,0
2,7,608,602,24576,596,0,0
2,7,643,644,0,675,1,0
2,7,650,648,-32768,682,1,0
2,7,607,974,-32768,1123,0,0
2,7,975,650,-32768,1124,0,0
2,7,648,976,-32768,1125,0,0
2,7,977,608,-32768,1126,0,0
2,7,976,977,-32768,1152,0,0
2,7,974,975,-32768,1153,0,0
2,7,641,642,16384,673,0,0
2,7,643,641,24576,674,0,0
2,7,644,643,-32768,675,0,0
2,7,645,644,-24576,676,0,0
2,7,646,645,-16384,677,0,0
2,7,642,646,0,678,0,0
2,7,644,645,8192,676,1,0
2,7,641,643,-8192,674,1,0
2,7,600,601,-16384,589,0,0
2,7,645,646,16384,677,1,0
2,7,602,603,16384,590,0,0
2,7,642,641,-16384,673,1,0
2,7,589,590,-16384,579,0,0
2,7,593,594,16384,582,0,0
2,7,594,589,0,629,1,0
2,7,590,593,-32768,630,0,0
2,7,590,591,-16384,580,0,0
2,7,592,593,16384,581,0,0
2,7,593,590,0,630,1,0
2,7,591,592,-32768,631,0,0
2,7,592,591,0,631,1,0
2,7,1599,1600,-32768,678,1,128
2,7,603,1601,16384,591,0,0
2,7,606,592,0,594,0,0
2,7,1600,642,-32768,678,1,224
2,7,1601,604,16384,591,0,96
2,7,604,605,0,592,0,0
2,7,605,606,-16384,593,0,0
2,7,591,597,0,585,0,0
2,7,1602,600,-16384,588,0,64
2,7,646,1599,-32768,678,1,0
2,7,597,598,16384,586,0,0
2,7,598,599,0,587,0,0
2,7,599,1602,-16384,588,0,0
2,7,152,153,-16384,118,0,0
2,7,1227,152,-4836,1457,0,0
2,7,153,1228,-27931,1458,0,0
2,7,157,1222,-27931,1451,0,0
2,7,1222,1223,-24576,1452,0,0
2,7,1223,1224,-21220,1453,0,0
2,7,1224,1225,-16384,1454,0,0
2,7,1225,1226,-11547,1455,0,0
2,7,1226,1227,-8192,1456,0,0
2,7,150,151,-16384,117,0,0
2,7,1233,150,-4836,1464,0,0
2,7,151,1234,-27931,1465,0,0
2,7,1228,1229,-24576,1459,0,0
2,7,1229,1230,-21220,1460,0,0
2,7,1230,1231,-16384,1461,0,0
2,7,1231,1232,-11547,1462,0,0
2,7,1232,1233,-8192,1463,0,0
2,7,529,528,-32768,521,0,0
2,7,530,529,-16384,522,0,0
2,7,528,524,-32768,1350,0,0
2,7,1239,530,-4836,1471,0,0
2,7,1234,1235,-24576,1466,0,0
2,7,1235,1236,-21220,1467,0,0
2,7,1236,1237,-16384,1468,0,0
2,7,1237,1238,-11547,1469,0,0
2,7,1238,1239,-8192,1470,0,0
2,7,349,1455,-16384,295,0,0
2,7,527,349,0,519,0,0
2,7,523,527,0,1351,0,0
2,7,523,524,16384,516,0,0
2,7,528,527,-16384,520,0,0
2,7,524,528,0,1350,1,0
2,7,527,523,-32768,1351,1,0
2,7,147,523,0,515,0,0
2,7,1158,1157,-32768,1362,1,0
2,7,524,525,-32768,517,0,0
2,7,525,526,16384,518,0,0
2,7,526,1264,4836,1500,0,0
2,7,148,149,16384,116,0,0
2,7,149,1258,4836,1493,0,0
2,7,1269,148,27931,1506,0,0
2,7,1264,1265,8192,1501,0,0
2,7,1265,1266,11547,1502,0,0
2,7,1266,1267,16384,1503,0,0
2,7,1267,1268,21220,1504,0,0
2,7,1268,1269,24576,1505,0,0
2,7,154,155,16384,119,0,0
2,7,155,1252,4836,1486,0,0
2,7,1263,154,27931,1499,0,0
2,7,1258,1259,8192,1494,0,0
2,7,1259,1260,11547,1495,0,0
2,7,1260,1261,16384,1496,0,0
2,7,1261,1262,21220,1497,0,0
2,7,1262,1263,24576,1498,0,0
2,7,1252,1253,8192,1487,0,0
2,7,1253,1254,11547,1488,0,0
2,7,1254,1255,16384,1489,0,0
2,7,1255,1256,21220,1490,0,0
2,7,1256,1257,24576,1491,0,0
2,7,1257,534,27931,1492,0,0
2,7,331,146,0,277,0,0
2,7,1451,331,16384,1370,0,128
2,7,331,1451,-16384,1370,1,0
2,7,1454,1338,6001,1599,0,117
2,7,1338,331,0,1600,0,0
2,7,146,147,8192,115,0,0
2,7,194,193,21220,149,0,0
2,7,199,200,0,155,0,0
2,7,200,1603,-8191,156,0,0
2,7,537,538,-23963,1717,0,0
2,7,1603,201,-8192,156,0,37
2,7,201,1604,-16384,157,0,0
2,7,536,537,30212,529,0,0
2,7,1604,202,-16384,157,0,48
2,7,202,1605,-32768,279,0,0
2,7,539,540,4362,531,0,0
2,7,538,539,-8192,530,0,0
2,7,540,536,13828,532,0,0
2,7,197,196,4836,152,0,0
2,7,198,197,16384,153,0,0
2,7,1605,198,-32768,279,0,240
2,7,193,192,24576,148,0,0
2,7,195,194,16384,150,0,0
2,7,196,195,11547,151,0,0
2,7,192,1606,16384,147,0,0
2,7,172,199,-16384,154,0,0
2,7,170,171,-16384,128,0,0
2,7,171,172,-32768,129,0,0
2,7,173,174,0,130,0,0
2,7,174,170,0,199,0,0
2,7,216,217,-16384,167,0,0
2,7,217,218,-23881,168,0,0
2,7,218,219,-32768,169,0,0
2,7,220,221,16384,170,0,0
2,7,222,220,-32768,171,0,0
2,7,225,1607,16384,173,0,0
2,7,880,216,-4836,997,0,0
2,7,221,225,16384,1371,0,0
2,7,219,222,-32768,1372,0,0
2,7,212,213,0,164,0,0
2,7,213,214,-8886,165,0,0
2,7,214,215,-16384,166,0,0
2,7,1607,226,16384,173,0,24
2,7,226,211,0,174,0,0
2,7,211,212,0,200,0,0
2,7,215,875,-27931,991,0,0
2,7,875,876,-24576,992,0,0
2,7,876,877,-21220,993,0,0
2,7,877,878,-16384,994,0,0
2,7,878,879,-11547,995,0,0
2,7,879,880,-8192,996,0,0
2,7,219,235,-16384,180,0,0
2,7,239,222,16384,183,0,0
2,7,1595,239,24576,282,0,56
2,7,222,219,0,1372,1,0
2,7,1608,1593,-8192,632,0,56
2,7,235,1136,-8192,1330,0,0
2,7,1136,1609,0,1331,0,0
2,7,233,234,-32768,179,0,0
2,7,376,1610,-7037,327,1,0
2,7,234,376,16384,328,0,0
2,7,1611,233,-32768,1333,0,128
2,7,1146,1147,-16384,1344,0,0
2,7,240,237,-32768,184,0,0
2,7,1612,240,-7037,327,1,256
2,7,237,1611,-32768,1333,0,0
2,7,1147,1148,0,1345,0,0
2,7,1610,1613,-7037,327,1,82
2,7,1145,1146,-32768,1343,0,0
2,7,1613,1612,-7037,327,1,205
2,7,1148,1145,16384,1346,0,0
2,7,1596,228,16384,176,0,56
2,7,228,1025,0,1191,0,0
2,7,1025,240,16384,1192,0,0
2,7,236,233,16384,181,0,0
2,7,237,238,-16384,182,0,0
2,7,238,1594,-24576,280,0,0
2,7,233,237,0,1333,1,0
2,7,1609,236,0,1331,0,8
2,7,375,1614,-9399,326,0,0
2,7,817,821,23095,901,0,0
2,7,821,375,0,906,0,0
2,7,819,820,0,899,0,0
2,7,820,817,16384,900,0,0
2,7,817,818,-32768,897,0,0
2,7,821,817,-9672,901,1,0
2,7,1615,822,25270,902,0,48
2,7,822,823,16384,904,0,0
2,7,823,821,0,905,0,0
2,7,818,819,-16384,898,0,0
2,7,819,1615,25270,902,0,0
2,7,1614,229,-9392,326,0,456
2,7,240,376,25730,327,0,0
2,7,822,819,-7497,902,1,0
2,7,376,822,16384,903,0,0
2,7,229,240,-32768,1334,0,0
2,7,229,230,-16384,177,0,0
2,7,240,229,0,1334,1,0
2,7,1616,375,23368,326,1,408
2,7,375,1131,0,1325,0,0
2,7,1134,1135,0,1329,0,0
2,7,1131,1134,0,1332,0,0
2,7,1137,1138,-32768,1335,0,0
2,7,1135,1408,0,1677,0,0
2,7,1617,1616,23368,326,1,51
2,7,1138,1139,-16384,1336,0,0
2,7,1142,1143,-16384,1340,0,0
2,7,1139,1140,0,1337,0,0
2,7,1141,1142,-32768,1339,0,0
2,7,229,1617,23368,326,1,0
2,7,1143,1144,0,1341,0,0
2,7,206,207,-8192,160,0,0
2,7,211,209,16384,163,0,0
2,7,207,212,-16384,175,0,0
2,7,212,211,-32768,200,1,0
2,7,1618,206,0,979,0,24
2,7,870,210,-14903,981,0,0
2,7,928,931,16384,1053,1,0
2,7,931,870,0,1064,0,0
2,7,210,928,-32768,1065,0,0
2,7,209,210,24576,162,0,0
2,7,870,1618,0,979,0,0
2,7,210,870,17864,981,1,0
2,7,1131,1132,15949,1326,0,0
2,7,1132,1133,0,1327,0,0
2,7,1133,1134,-15949,1328,0,0
2,7,1134,1131,-32768,1332,1,0
2,7,1409,1411,16384,1681,0,0
2,7,1411,1412,0,1682,0,0
2,7,1412,1410,-16384,1683,0,0
2,7,1410,1409,-32768,1690,0,0
2,7,1408,1135,-32768,1677,1,0
2,7,1135,1409,16384,1679,0,0
2,7,1410,1408,-16384,1680,0,0
2,7,1409,1410,0,1690,1,0
2,7,1413,1414,-32768,1684,0,0
2,7,1414,1415,16384,1685,0,0
2,7,1415,1416,0,1686,0,0
2,7,1416,1413,-16384,1687,0,0
2,7,1412,1411,-32768,1682,1,0
2,7,1414,1413,0,1684,1,0
2,7,1413,1412,-16384,1688,0,0
2,7,1411,1414,16384,1689,0,0
2,7,158,159,16384,121,0,0
2,7,1211,1212,-21220,1439,0,0
2,7,159,1240,4836,1472,0,0
2,7,1251,158,27931,1485,0,0
2,7,534,533,16384,1352,0,0
2,7,533,1246,4836,1479,0,0
2,7,1246,1247,8192,1480,0,0
2,7,1247,1248,11547,1481,0,0
2,7,1248,1249,16384,1482,0,0
2,7,1249,1250,21220,1483,0,0
2,7,1250,1251,24576,1484,0,0
2,7,162,163,16384,123,0,0
2,7,164,1619,-16384,124,0,0
2,7,163,166,0,125,0,0
2,7,167,164,0,126,0,0
2,7,166,167,0,323,0,0
2,7,1245,162,27931,1478,0,0
2,7,1240,1241,8192,1473,0,0
2,7,1241,1242,11547,1474,0,0
2,7,1242,1243,16384,1475,0,0
2,7,1243,1244,21220,1476,0,0
2,7,1244,1245,24576,1477,0,0
2,7,160,161,-16384,122,0,0
2,7,1215,160,-4836,1443,0,0
2,7,161,1216,-27931,1444,0,0
2,7,1619,165,-16384,124,0,8
2,7,165,1210,-27931,1437,0,0
2,7,1210,1211,-24576,1438,0,0
2,7,1212,1213,-16384,1440,0,0
2,7,1213,1214,-11547,1441,0,0
2,7,1214,1215,-8192,1442,0,0
2,7,156,157,-16384,120,0,0
2,7,1221,156,-4836,1450,0,0
2,7,1216,1217,-24576,1445,0,0
2,7,1217,1218,-21220,1446,0,0
2,7,1218,1219,-16384,1447,0,0
2,7,1219,1220,-11547,1448,0,0
2,7,1220,1221,-8192,1449,0,0
2,7,223,224,16384,172,0,0
2,7,1620,223,-32768,546,0,24
2,7,224,1621,0,547,0,0
2,7,932,933,-32768,1055,0,0
2,7,934,935,0,1056,0,0
2,7,935,932,-16384,1057,0,0
2,7,933,934,16384,1058,0,0
2,7,934,933,-16384,1058,1,0
2,7,869,934,0,1059,0,0
2,7,933,1622,-32768,1070,0,0
2,7,926,925,-16384,1050,1,0
2,7,932,935,16384,1057,1,0
2,7,935,926,0,1060,0,0
2,7,925,932,-32768,1069,0,0
2,7,203,167,-16384,158,0,0
2,7,204,205,8192,159,0,0
2,7,167,166,-32768,323,1,0
2,7,166,204,16384,672,0,0
2,7,205,1623,0,978,0,0
2,7,208,869,15640,980,0,0
2,7,1622,208,-32768,1070,0,16
2,7,208,203,-24576,161,0,0
2,7,1623,869,0,978,0,72
2,7,869,208,-17127,980,1,0
2,7,1624,1153,-4836,1354,0,71
2,7,1153,1154,-20352,1355,0,0
2,7,183,182,0,138,0,0
2,7,184,183,4836,139,0,0
2,7,185,184,8192,140,0,0
2,7,186,185,16384,141,0,0
2,7,543,544,-26056,535,0,0
2,7,175,173,-16384,131,0,0
2,7,541,542,7391,533,0,0
2,7,542,543,22210,534,0,0
2,7,190,189,16384,145,0,0
2,7,544,541,-9672,536,0,0
2,7,187,186,8192,142,0,0
2,7,188,187,16384,143,0,0
2,7,189,188,24576,144,0,0
2,7,191,190,8192,146,0,0
2,7,1606,191,16384,147,0,192
2,7,176,175,-32768,132,0,0
2,7,177,176,-16384,133,0,0
2,7,178,177,-8192,134,0,0
2,7,168,169,16384,127,0,0
2,7,170,174,-32768,199,1,0
2,7,169,533,0,527,0,0
2,7,534,535,-32768,528,0,0
2,7,533,534,-16384,1352,1,0
2,7,174,168,16384,1754,0,0
2,7,535,170,-32768,1755,0,0
2,7,1152,1624,-4836,1354,0,0
2,7,1154,1155,-32768,1356,0,0
2,7,1151,1152,12641,1359,0,0
2,7,1155,1156,24576,1360,0,0
2,7,1156,1151,16384,1361,0,0
2,7,179,178,-24576,135,0,0
2,7,180,181,-8192,136,0,0
2,7,182,180,-4836,137,0,0
2,7,181,179,-16384,1358,0,0
2,7,181,1151,0,1353,0,0
2,7,1156,179,-32768,1357,0,0
2,7,179,181,16384,1358,1,0
2,7,1151,1156,-16384,1361,1,0
2,7,550,551,16384,556,0,0
2,7,551,560,0,607,0,0
2,7,561,550,30212,608,0,0
2,7,560,561,-16384,990,1,0
2,7,549,550,16384,541,0,0
2,7,550,561,-2555,608,1,0
2,7,551,552,16384,542,0,0
2,7,559,560,-16384,551,0,0
2,7,552,559,2555,606,0,0
2,7,560,551,-32768,607,1,0
2,7,872,225,0,984,0,0
2,7,221,873,-32768,985,0,0
2,7,873,872,16384,988,0,0
2,7,225,221,-16384,1371,1,0
2,7,560,871,0,982,0,0
2,7,874,561,-32768,987,0,0
2,7,871,874,-16384,989,0,0
2,7,561,560,16384,990,0,0
2,7,871,872,0,983,0,0
2,7,873,874,-32768,986,0,0
2,7,872,873,-16384,988,1,0
2,7,874,871,16384,989,1,0
2,7,561,562,-16384,552,0,0
2,7,562,549,31470,609,0,0
2,7,548,549,16384,540,0,0
2,7,562,563,-16384,553,0,0
2,7,549,562,-1297,609,1,0
2,7,563,548,-32768,610,0,0
2,7,547,548,16384,539,0,0
2,7,563,564,-16384,554,0,0
2,7,548,563,0,610,1,0
2,7,564,547,-32768,611,0,0
2,7,546,547,16384,538,0,0
2,7,564,565,-16384,555,0,0
2,7,547,564,0,611,1,0
2,7,565,546,-32768,612,0,0
2,7,545,546,16384,537,0,0
2,7,566,567,-16384,557,0,0
2,7,546,1625,0,612,1,0
2,7,567,545,-32768,613,0,0
2,7,1625,565,0,612,1,96
2,7,565,1608,-8192,632,0,0
2,7,617,566,-32768,633,0,0
2,7,1598,617,19497,1324,0,184
2,7,552,553,16384,543,0,0
2,7,558,559,-11547,550,0,0
2,7,553,558,7246,605,0,0
2,7,559,552,-30212,606,1,0
2,7,553,554,24576,544,0,0
2,7,557,558,-8192,549,0,0
2,7,554,557,10969,604,0,0
2,7,558,553,-25521,605,1,0
2,7,554,555,-32768,545,0,0
2,7,556,557,-2058,548,0,0
2,7,555,556,16384,603,0,0
2,7,557,554,-21798,604,1,0
2,7,555,1620,-32768,546,0,0
2,7,1621,556,0,547,0,80
2,7,556,555,-16384,603,1,0
2,7,916,917,-32768,1039,0,0
2,7,918,919,0,1040,0,0
2,7,919,916,-16384,1041,0,0
2,7,917,918,16384,1042,0,0
2,7,924,925,-32768,1047,0,0
2,7,926,927,0,1048,0,0
2,7,927,924,-16384,1049,0,0
2,7,925,926,16384,1050,0,0
2,7,918,917,-16384,1042,1,0
2,7,924,927,16384,1049,1,0
2,7,927,918,0,1061,0,0
2,7,917,924,-32768,1068,0,0
2,7,920,921,-32768,1043,0,0
2,7,922,923,0,1044,0,0
2,7,923,920,-16384,1045,0,0
2,7,921,922,16384,1046,0,0
2,7,916,919,16384,1041,1,0
2,7,922,921,-16384,1046,1,0
2,7,919,922,0,1062,0,0
2,7,921,916,-32768,1067,0,0
2,7,928,929,-32768,1051,0,0
2,7,930,931,0,1052,0,0
2,7,931,928,-16384,1053,0,0
2,7,929,930,16384,1054,0,0
2,7,920,923,16384,1045,1,0
2,7,930,929,-16384,1054,1,0
2,7,923,930,0,1063,0,0
2,7,929,920,-32768,1066,0,0
