episode,mission,vertex_1,vertex_2,angle,line,side,offset
3,3,24,8,16384,17,0,0
3,3,8,24,-16384,17,1,0
3,3,905,8,0,970,0,152
3,3,24,906,-32768,989,0,0
3,3,8,9,16384,4,0,0
3,3,9,28,0,30,0,0
3,3,29,15,0,31,0,0
3,3,28,29,0,851,0,0
3,3,0,1,-32768,0,0,0
3,3,1,24,24576,13,0,0
3,3,20,21,-32768,11,0,0
3,3,24,1,-8192,13,1,0
3,3,1,20,-16384,19,0,0
3,3,21,24,16384,694,0,0
3,3,32,33,-32768,35,0,0
3,3,34,35,0,36,0,0
3,3,35,36,-16384,37,0,0
3,3,36,37,-32768,38,0,0
3,3,907,55,16384,55,0,16
3,3,55,34,0,586,1,0
3,3,37,32,-32768,850,0,0
3,3,28,32,16384,34,0,0
3,3,37,29,-16384,39,0,0
3,3,32,37,0,850,1,0
3,3,29,28,-32768,851,1,0
3,3,53,54,-32768,54,0,0
3,3,54,907,16384,55,0,0
3,3,33,53,-16384,899,0,0
3,3,153,154,24576,148,0,0
3,3,316,153,-32768,287,0,0
3,3,154,908,16384,290,0,0
3,3,313,316,-32768,887,0,0
3,3,847,848,0,958,0,0
3,3,908,319,16384,290,0,32
3,3,850,847,-16384,961,0,0
3,3,848,847,-32768,958,1,0
3,3,849,848,-16384,959,1,0
3,3,850,849,0,960,1,0
3,3,847,850,16384,961,1,0
3,3,313,314,-16384,284,0,0
3,3,314,315,-32768,285,0,0
3,3,315,316,16384,286,0,0
3,3,316,313,0,887,1,0
3,3,55,576,16384,585,0,0
3,3,34,55,-32768,586,0,0
3,3,641,34,-16384,683,0,0
3,3,642,641,0,685,0,0
3,3,576,642,16384,1074,0,0
3,3,639,641,-8192,682,0,0
3,3,640,639,0,684,0,0
3,3,641,642,-32768,685,1,0
3,3,642,640,16384,1058,0,0
3,3,257,256,0,584,1,0
3,3,256,639,-16384,680,0,0
3,3,640,257,16384,681,0,0
3,3,639,640,-32768,684,1,0
3,3,227,228,0,204,0,0
3,3,228,229,-10250,205,0,0
3,3,229,230,-32768,206,0,0
3,3,230,227,16384,208,0,0
3,3,227,230,-16384,208,1,0
3,3,230,858,-32768,973,0,0
3,3,858,859,16384,974,0,0
3,3,859,227,0,975,0,0
3,3,856,857,22517,972,0,0
3,3,234,856,-32768,976,0,0
3,3,857,233,0,977,0,0
3,3,233,234,-16384,1054,0,0
3,3,229,228,22517,205,1,0
3,3,857,856,-10250,972,1,0
3,3,234,233,16384,1054,1,0
3,3,233,888,0,1055,0,0
3,3,888,889,-16384,1056,0,0
3,3,889,234,-32768,1057,0,0
3,3,221,217,-32768,200,0,0
3,3,230,229,0,206,1,0
3,3,231,230,16384,207,0,0
3,3,234,221,-24576,211,0,0
3,3,729,231,-32768,787,0,0
3,3,217,729,-32768,971,0,0
3,3,856,234,0,976,1,0
3,3,219,220,16384,199,0,0
3,3,218,905,0,970,0,0
3,3,906,219,-32768,989,0,192
3,3,217,218,-16384,198,0,0
3,3,729,217,0,971,1,0
3,3,220,729,16384,990,0,0
3,3,263,225,-32768,237,0,0
3,3,271,272,24576,243,0,0
3,3,224,271,-32768,244,0,0
3,3,279,280,0,249,0,0
3,3,284,285,0,253,0,0
3,3,272,909,16384,587,0,0
3,3,578,263,-24576,589,0,0
3,3,225,224,-32768,591,0,0
3,3,910,578,-16384,686,0,320
3,3,280,281,0,981,0,0
3,3,285,286,0,982,0,0
3,3,222,223,0,201,0,0
3,3,228,227,-32768,204,1,0
3,3,227,222,16384,209,0,0
3,3,232,233,-8192,210,0,0
3,3,226,232,0,786,0,0
3,3,233,857,-32768,977,1,0
3,3,223,226,0,978,0,0
3,3,223,224,16384,202,0,0
3,3,225,226,-16384,203,0,0
3,3,224,225,0,591,1,0
3,3,226,223,-32768,978,1,0
3,3,576,894,-32768,1071,0,0
3,3,894,895,16384,1072,0,0
3,3,895,642,0,1073,0,0
3,3,642,576,-16384,1074,1,0
3,3,2,3,-32768,1,0,0
3,3,16,17,-32768,9,0,0
3,3,17,0,-32768,14,0,0
3,3,3,16,-32768,15,0,0
3,3,911,2,-24576,16,0,34
3,3,15,11,0,27,0,0
3,3,11,30,0,32,0,0
3,3,30,31,0,853,0,0
3,3,2,911,8192,16,1,0
3,3,4,5,-32768,2,0,0
3,3,0,17,0,14,1,0
3,3,5,0,16384,20,0,0
3,3,17,4,-16384,21,0,0
3,3,18,19,-32768,10,0,0
3,3,16,3,0,15,1,0
3,3,19,16,16384,22,0,0
3,3,3,18,-16384,23,0,0
3,3,912,23,-32768,12,0,24
3,3,23,2,16384,24,0,0
3,3,10,11,-16384,5,0,0
3,3,15,13,16384,8,0,0
3,3,11,15,-32768,27,1,0
3,3,13,10,0,28,0,0
3,3,12,10,-11547,6,0,0
3,3,13,14,11547,7,0,0
3,3,10,13,-32768,28,1,0
3,3,14,12,0,29,0,0
3,3,38,39,-32768,41,0,0
3,3,39,40,16384,42,0,0
3,3,40,913,0,43,0,0
3,3,43,38,-32768,852,0,0
3,3,30,38,16384,40,0,0
3,3,43,31,-16384,45,0,0
3,3,38,43,0,852,1,0
3,3,31,30,-32768,853,1,0
3,3,26,12,-16384,25,0,0
3,3,14,27,16384,26,0,0
3,3,12,14,-32768,29,1,0
3,3,27,26,0,689,0,0
3,3,643,26,-16384,687,0,0
3,3,27,644,16384,688,0,0
3,3,26,27,-32768,689,1,0
3,3,644,643,0,690,0,0
3,3,161,162,-32768,152,0,0
3,3,162,313,-32768,283,0,0
3,3,782,780,0,848,0,0
3,3,848,849,16384,959,0,0
3,3,162,161,0,152,1,0
3,3,643,644,-32768,690,1,0
3,3,645,643,-16384,691,0,0
3,3,644,646,16384,692,0,0
3,3,646,162,16384,911,0,0
3,3,161,645,-16384,912,0,0
3,3,914,156,-24576,149,0,124
3,3,156,309,-32768,278,0,0
3,3,312,161,-32768,282,0,0
3,3,309,312,-32768,886,0,0
3,3,851,852,0,962,0,0
3,3,309,310,-16384,279,0,0
3,3,310,311,-32768,280,0,0
3,3,311,312,16384,281,0,0
3,3,312,309,0,886,1,0
3,3,852,853,16384,963,0,0
3,3,854,851,-16384,965,0,0
3,3,852,851,-32768,962,1,0
3,3,853,852,-16384,963,1,0
3,3,854,853,0,964,1,0
3,3,851,854,16384,965,1,0
3,3,813,814,0,883,0,0
3,3,781,783,-32768,885,0,0
3,3,815,813,0,1069,0,0
3,3,814,812,0,1070,0,0
3,3,780,781,16384,847,0,0
3,3,853,854,-32768,964,0,0
3,3,783,782,-16384,849,0,0
3,3,849,850,-32768,960,0,0
3,3,781,780,-16384,847,1,0
3,3,780,782,-32768,848,1,0
3,3,782,783,16384,849,1,0
3,3,783,781,0,885,1,0
3,3,163,164,0,153,0,0
3,3,171,163,16384,158,0,0
3,3,185,171,16384,176,0,0
3,3,261,185,16384,233,0,0
3,3,810,811,-32768,881,0,0
3,3,164,165,0,894,0,0
3,3,165,819,-8192,898,0,0
3,3,812,810,16384,882,0,0
3,3,811,815,-16384,884,0,0
3,3,811,810,0,881,1,0
3,3,810,812,-16384,882,1,0
3,3,814,813,-32768,883,1,0
3,3,815,811,16384,884,1,0
3,3,813,815,-32768,1069,1,0
3,3,812,814,-32768,1070,1,0
3,3,819,818,0,897,0,0
3,3,172,181,-16384,904,0,0
3,3,172,915,0,160,0,0
3,3,916,181,-32768,167,0,24
3,3,181,172,16384,904,1,0
3,3,181,262,-16384,235,0,0
3,3,159,917,-8192,151,0,0
3,3,262,159,0,236,0,0
3,3,818,168,8192,896,0,0
3,3,165,166,8192,154,0,0
3,3,166,167,0,155,0,0
3,3,167,168,-8192,156,0,0
3,3,168,818,-24576,896,1,0
3,3,818,819,-32768,897,1,0
3,3,819,165,24576,898,1,0
3,3,169,170,0,157,0,0
3,3,170,172,-16384,159,0,0
3,3,168,169,0,895,0,0
3,3,720,721,-32768,773,0,0
3,3,721,918,16384,774,0,0
3,3,919,720,-16384,778,0,64
3,3,242,243,16384,217,0,0
3,3,244,190,-16384,218,0,0
3,3,189,246,-16384,220,0,0
3,3,246,242,-24576,1081,0,0
3,3,243,244,-8192,1082,0,0
3,3,190,189,-16384,1083,1,0
3,3,188,182,16384,174,0,0
3,3,182,188,-16384,174,1,0
3,3,188,189,-32768,177,0,0
3,3,190,182,0,178,0,0
3,3,189,190,16384,1083,0,0
3,3,920,260,-16384,889,0,40
3,3,260,817,24576,1087,0,0
3,3,182,183,0,168,0,0
3,3,243,245,0,219,0,0
3,3,260,244,-32768,232,0,0
3,3,245,817,0,893,0,0
3,3,244,243,24576,1082,1,0
3,3,817,260,-8192,1087,1,0
3,3,253,254,0,227,0,0
3,3,255,256,-32768,228,0,0
3,3,257,258,-32768,229,0,0
3,3,258,259,16384,230,0,0
3,3,259,252,0,231,0,0
3,3,320,319,-16384,292,1,0
3,3,256,257,-32768,584,0,0
3,3,319,255,-32768,891,0,0
3,3,254,320,0,892,0,0
3,3,187,188,-32768,173,0,0
3,3,183,187,-16384,888,1,0
3,3,246,247,0,221,0,0
3,3,247,248,-16384,222,0,0
3,3,248,249,-32768,223,0,0
3,3,251,242,-32768,225,0,0
3,3,242,246,8192,1081,1,0
3,3,249,250,-16384,224,0,0
3,3,252,251,16384,226,0,0
3,3,250,253,-16384,890,0,0
3,3,157,158,8192,150,0,0
3,3,158,261,0,234,0,0
3,3,320,157,16384,291,0,0
3,3,319,320,16384,292,0,0
3,3,184,171,0,170,0,0
3,3,185,186,-32768,171,0,0
3,3,186,184,16384,175,0,0
3,3,171,185,-16384,176,1,0
3,3,183,184,0,169,0,0
3,3,186,187,-32768,172,0,0
3,3,184,186,-16384,175,1,0
3,3,187,183,16384,888,0,0
3,3,301,302,0,274,0,0
3,3,295,300,-32768,276,0,0
3,3,296,297,-16384,261,0,0
3,3,297,298,-32768,262,0,0
3,3,298,299,16384,263,0,0
3,3,300,295,0,276,1,0
3,3,299,300,16384,983,0,0
3,3,295,296,-16384,985,0,0
3,3,277,278,-16384,247,0,0
3,3,909,921,16384,587,0,64
3,3,276,277,-16384,979,0,0
3,3,278,279,-8192,248,0,0
3,3,300,277,-32768,264,0,0
3,3,276,301,0,265,0,0
3,3,277,276,16384,979,1,0
3,3,270,268,0,242,0,0
3,3,922,577,16384,587,0,320
3,3,577,270,8192,588,0,0
3,3,268,923,0,590,0,0
3,3,924,275,-32768,592,0,224
3,3,275,276,-16384,246,0,0
3,3,921,922,16384,587,0,256
3,3,301,305,16384,268,0,0
3,3,305,306,0,269,0,0
3,3,306,302,-16384,270,0,0
3,3,302,301,-32768,274,1,0
3,3,925,926,-16384,686,0,128
3,3,288,273,16384,980,0,0
3,3,288,289,-32768,256,0,0
3,3,294,295,-32768,260,0,0
3,3,302,303,0,266,0,0
3,3,304,273,0,267,0,0
3,3,303,304,0,275,0,0
3,3,289,294,-32768,277,0,0
3,3,273,288,-16384,980,1,0
3,3,264,265,-8192,238,0,0
3,3,266,264,0,239,0,0
3,3,923,266,0,590,0,32
3,3,274,924,-32768,592,0,0
3,3,265,927,-16384,686,0,0
3,3,273,274,16384,245,0,0
3,3,927,925,-16384,686,0,64
3,3,303,307,16384,271,0,0
3,3,307,308,0,272,0,0
3,3,308,304,-16384,273,0,0
3,3,304,303,-32768,275,1,0
3,3,281,282,16384,250,0,0
3,3,282,283,0,251,0,0
3,3,283,284,-16384,252,0,0
3,3,290,291,-16384,257,0,0
3,3,291,292,-32768,258,0,0
3,3,292,293,16384,259,0,0
3,3,294,289,0,277,1,0
3,3,293,294,16384,984,0,0
3,3,289,290,-16384,986,0,0
3,3,286,287,8192,254,0,0
3,3,926,910,-16384,686,0,192
3,3,287,288,16384,255,0,0
3,3,267,266,-16384,240,0,0
3,3,268,269,16384,241,0,0
3,3,269,442,4836,439,0,0
3,3,442,267,-4836,440,0,0
3,3,266,268,-32768,590,1,0
3,3,267,442,27931,440,1,0
3,3,445,267,-16384,456,0,0
3,3,442,269,-27931,439,1,0
3,3,269,443,16384,449,0,0
3,3,514,513,24576,509,0,0
3,3,515,514,26634,510,0,0
3,3,516,515,29412,511,0,0
3,3,517,516,-32768,512,0,0
3,3,518,517,-30212,513,0,0
3,3,519,518,-26056,514,0,0
3,3,520,519,-21220,515,0,0
3,3,513,528,6894,540,0,0
3,3,928,520,-8192,544,0,11
3,3,929,520,-18106,516,0,8
3,3,520,928,24576,544,1,0
3,3,513,930,18442,508,0,0
3,3,528,513,-25873,540,1,0
3,3,106,107,16384,102,0,0
3,3,122,123,-16384,117,0,0
3,3,107,122,0,303,0,0
3,3,123,106,-32768,304,1,0
3,3,110,119,0,302,0,0
3,3,122,107,-32768,303,1,0
3,3,110,111,16384,106,0,0
3,3,118,119,-16384,113,0,0
3,3,111,118,0,301,0,0
3,3,119,110,-32768,302,1,0
3,3,114,115,0,300,0,0
3,3,118,111,-32768,301,1,0
3,3,114,130,16384,123,0,0
3,3,132,115,-16384,126,0,0
3,3,130,132,0,299,0,0
3,3,115,114,-32768,300,1,0
3,3,129,136,0,298,0,0
3,3,132,130,-32768,299,1,0
3,3,129,138,16384,131,0,0
3,3,140,136,-16384,133,0,0
3,3,136,129,-32768,298,1,0
3,3,803,931,-32768,994,0,0
3,3,808,800,-16384,1002,0,0
3,3,809,808,0,1086,0,0
3,3,100,932,-32768,97,0,0
3,3,931,803,0,994,1,256
3,3,803,100,-16384,1007,0,0
3,3,102,127,0,145,0,0
3,3,647,648,16384,695,0,0
3,3,649,650,-16384,696,0,0
3,3,648,102,16384,877,0,0
3,3,127,649,-16384,878,0,0
3,3,650,808,-16384,879,0,0
3,3,809,647,16384,880,0,0
3,3,808,809,-32768,1086,1,0
3,3,102,103,16384,98,0,0
3,3,126,127,-16384,121,0,0
3,3,127,102,-32768,145,1,0
3,3,103,126,0,305,0,0
3,3,106,123,0,304,0,0
3,3,126,103,-32768,305,1,0
3,3,96,99,-16384,995,0,0
3,3,96,97,0,94,0,0
3,3,97,98,-16384,95,0,0
3,3,98,99,-32768,96,0,0
3,3,99,96,16384,995,1,0
3,3,99,803,-24576,998,0,0
3,3,99,802,-16384,872,0,0
3,3,802,803,-32768,873,0,0
3,3,803,99,8192,998,1,0
3,3,933,79,-32768,80,0,256
3,3,79,80,16384,81,0,0
3,3,123,124,0,118,0,0
3,3,124,125,-16384,119,0,0
3,3,125,126,-32768,120,0,0
3,3,800,96,-8192,999,0,0
3,3,800,801,0,870,0,0
3,3,801,96,-16384,871,0,0
3,3,96,800,24576,999,1,0
3,3,76,77,16384,78,0,0
3,3,77,934,0,79,0,0
3,3,59,76,26634,921,0,0
3,3,80,62,6133,922,0,0
3,3,59,60,-16384,60,0,0
3,3,60,61,-16384,61,0,0
3,3,61,62,-16384,62,0,0
3,3,75,76,16384,77,0,0
3,3,80,81,16384,82,0,0
3,3,76,59,-6133,921,1,0
3,3,62,80,-26634,922,1,0
3,3,81,75,16384,1015,0,0
3,3,81,94,-32768,92,0,0
3,3,95,75,0,93,0,0
3,3,94,152,-32768,146,0,0
3,3,152,935,22395,147,0,0
3,3,75,81,-16384,1015,1,0
3,3,135,95,0,1067,0,0
3,3,134,135,-10250,128,0,0
3,3,136,137,0,129,0,0
3,3,137,134,0,130,0,0
3,3,935,133,22395,147,0,152
3,3,141,140,-32768,134,0,0
3,3,936,141,-22517,135,0,38
3,3,115,116,0,110,0,0
3,3,116,117,-16384,111,0,0
3,3,117,118,-32768,112,0,0
3,3,133,132,-32768,127,0,0
3,3,119,120,0,114,0,0
3,3,120,121,-16384,115,0,0
3,3,121,122,-32768,116,0,0
3,3,64,63,16384,63,1,0
3,3,93,78,16384,91,1,0
3,3,78,827,0,923,0,0
3,3,827,89,-16384,924,0,0
3,3,88,82,-16384,925,0,0
3,3,85,828,-16384,926,0,0
3,3,828,64,-32768,927,0,0
3,3,73,72,16384,928,0,0
3,3,72,93,16384,932,0,0
3,3,63,73,16384,933,0,0
3,3,89,88,-16384,1016,0,0
3,3,82,85,-16384,1017,0,0
3,3,90,91,16384,89,0,0
3,3,92,937,-16384,90,0,0
3,3,91,203,0,187,0,0
3,3,208,92,0,191,0,0
3,3,203,208,0,601,0,0
3,3,87,88,-32768,86,0,0
3,3,89,90,0,88,0,0
3,3,88,89,16384,1016,1,0
3,3,82,83,0,83,0,0
3,3,84,85,-32768,84,0,0
3,3,938,84,-23421,85,0,82
3,3,85,82,16384,1017,1,0
3,3,86,938,-23421,85,0,0
3,3,83,87,16384,87,0,0
3,3,937,86,-16384,90,0,192
3,3,61,60,16384,61,1,0
3,3,65,66,-16384,64,0,0
3,3,60,65,0,67,0,0
3,3,66,61,-32768,76,0,0
3,3,66,65,16384,64,1,0
3,3,67,68,-16384,65,0,0
3,3,65,67,0,68,0,0
3,3,68,66,-32768,75,0,0
3,3,71,72,0,71,0,0
3,3,73,74,-32768,72,0,0
3,3,72,73,-16384,928,1,0
3,3,74,71,16384,929,0,0
3,3,69,70,16384,66,0,0
3,3,70,71,0,70,0,0
3,3,74,69,-32768,73,0,0
3,3,71,74,-16384,929,1,0
3,3,68,67,16384,65,1,0
3,3,70,69,-16384,66,1,0
3,3,67,70,0,69,0,0
3,3,69,68,-32768,74,0,0
3,3,63,64,-16384,63,0,0
3,3,64,933,-32768,80,0,0
3,3,62,63,0,931,0,0
3,3,62,61,16384,62,1,0
3,3,74,73,0,72,1,0
3,3,69,74,0,73,1,0
3,3,68,69,0,74,1,0
3,3,66,68,0,75,1,0
3,3,61,66,0,76,1,0
3,3,63,62,-32768,931,1,0
3,3,73,63,-16384,933,1,0
3,3,934,78,0,79,0,192
3,3,78,93,-16384,91,0,0
3,3,93,59,-32768,930,0,0
3,3,60,59,16384,60,1,0
3,3,65,60,-32768,67,1,0
3,3,67,65,-32768,68,1,0
3,3,70,67,-32768,69,1,0
3,3,71,70,-32768,70,1,0
3,3,72,71,-32768,71,1,0
3,3,59,93,0,930,1,0
3,3,93,72,-16384,932,1,0
3,3,7,25,-16384,18,0,0
3,3,25,7,16384,18,1,0
3,3,784,785,0,854,0,0
3,3,786,787,-32768,855,0,0
3,3,7,784,0,856,0,0
3,3,787,25,-32768,859,0,0
3,3,25,911,-24576,16,0,0
3,3,22,912,-32768,12,0,0
3,3,911,25,8192,16,1,56
3,3,25,22,-16384,693,0,0
3,3,787,786,0,855,1,0
3,3,786,792,-16384,863,0,0
3,3,792,793,-32768,864,0,0
3,3,793,787,16384,865,0,0
3,3,6,7,-16384,3,0,0
3,3,31,6,0,33,0,0
3,3,785,784,-32768,854,1,0
3,3,784,790,16384,860,0,0
3,3,790,791,0,861,0,0
3,3,791,785,-16384,862,0,0
3,3,939,51,-16384,52,0,64
3,3,51,52,-32768,53,0,0
3,3,52,58,16384,59,0,0
3,3,42,43,-32768,44,0,0
3,3,44,42,-16384,46,0,0
3,3,58,44,-32768,58,0,0
3,3,785,788,0,857,0,0
3,3,789,786,-32768,858,0,0
3,3,788,789,-16384,988,0,0
3,3,789,788,16384,988,1,0
3,3,796,789,-32768,1001,0,0
3,3,797,799,8192,1000,0,0
3,3,797,798,16384,868,0,0
3,3,798,799,0,869,0,0
3,3,799,797,-24576,1000,1,0
3,3,861,797,0,1003,0,0
3,3,788,861,16384,1006,0,0
3,3,931,794,-32768,994,0,128
3,3,932,101,-32768,97,0,128
3,3,794,931,0,994,1,0
3,3,101,794,16384,1008,0,0
3,3,794,796,24576,997,0,0
3,3,794,795,-32768,866,0,0
3,3,795,796,16384,867,0,0
3,3,796,794,-8192,997,1,0
3,3,46,47,16384,49,0,0
3,3,47,48,0,50,0,0
3,3,49,50,0,51,0,0
3,3,50,939,-16384,52,0,0
3,3,804,807,0,996,0,0
3,3,799,804,16384,1004,0,0
3,3,807,809,0,1005,0,0
3,3,913,41,0,43,0,88
3,3,41,45,-16384,47,0,0
3,3,45,46,0,48,0,0
3,3,328,327,0,306,1,0
3,3,57,56,-32768,315,0,0
3,3,327,57,-16384,334,0,0
3,3,56,328,16384,335,0,0
3,3,48,56,16384,56,0,0
3,3,57,49,-16384,57,0,0
3,3,56,57,0,315,1,0
3,3,804,805,16384,874,0,0
3,3,805,806,0,875,0,0
3,3,806,807,-16384,876,0,0
3,3,807,804,-32768,996,1,0
3,3,337,338,-32768,311,0,0
3,3,340,339,0,312,1,0
3,3,339,337,-16384,323,0,0
3,3,338,340,16384,328,0,0
3,3,335,336,-32768,310,0,0
3,3,338,337,0,311,1,0
3,3,337,335,-16384,322,0,0
3,3,336,338,16384,329,0,0
3,3,333,334,-32768,309,0,0
3,3,336,335,0,310,1,0
3,3,335,333,-16384,321,0,0
3,3,334,336,16384,330,0,0
3,3,331,332,-32768,308,0,0
3,3,334,333,0,309,1,0
3,3,333,331,-16384,320,0,0
3,3,332,334,16384,331,0,0
3,3,329,330,-32768,307,0,0
3,3,332,331,0,308,1,0
3,3,331,329,-16384,319,0,0
3,3,330,332,16384,332,0,0
3,3,327,328,-32768,306,0,0
3,3,330,329,0,307,1,0
3,3,329,327,-16384,318,0,0
3,3,328,330,16384,333,0,0
3,3,107,108,-32768,103,0,0
3,3,108,109,16384,104,0,0
3,3,109,110,0,105,0,0
3,3,111,112,-32768,107,0,0
3,3,112,113,16384,108,0,0
3,3,113,114,0,109,0,0
3,3,917,160,-8192,151,0,11
3,3,160,317,-16384,288,0,0
3,3,349,348,16384,338,0,0
3,3,350,351,-16384,339,0,0
3,3,351,352,-16384,340,0,0
3,3,352,349,-32768,827,1,0
3,3,237,347,0,336,0,0
3,3,348,241,-32768,337,0,0
3,3,940,238,16384,905,0,64
3,3,238,237,0,1084,1,0
3,3,239,240,-32768,215,0,0
3,3,241,239,-16384,216,0,0
3,3,240,940,16384,905,0,0
3,3,761,762,-1933,826,0,0
3,3,941,763,3637,828,0,23
3,3,763,761,0,829,0,0
3,3,761,349,5826,824,0,0
3,3,352,762,-16384,825,0,0
3,3,762,761,30834,826,1,0
3,3,349,352,0,827,0,0
3,3,139,144,24576,137,0,0
3,3,347,353,16384,341,0,0
3,3,353,354,0,342,0,0
3,3,354,350,-16384,343,0,0
3,3,128,129,0,122,0,0
3,3,130,131,-32768,124,0,0
3,3,131,128,16384,125,0,0
3,3,138,139,-32768,132,0,0
3,3,176,235,16384,212,0,0
3,3,236,237,-16384,213,0,0
3,3,238,177,16384,214,0,0
3,3,177,176,16384,903,1,0
3,3,235,765,16384,906,0,0
3,3,237,238,-32768,1084,0,0
3,3,765,236,0,1085,0,0
3,3,775,776,0,842,0,0
3,3,776,777,-16384,843,0,0
3,3,777,778,-32768,844,0,0
3,3,778,779,16384,845,0,0
3,3,915,173,0,160,0,40
3,3,180,916,-32768,167,0,0
3,3,173,180,-16384,900,0,0
3,3,173,174,0,161,0,0
3,3,179,180,-32768,166,0,0
3,3,180,173,16384,900,1,0
3,3,174,179,-16384,901,0,0
3,3,766,767,-16384,833,0,0
3,3,767,768,-32768,834,0,0
3,3,768,942,16384,835,0,0
3,3,174,175,0,162,0,0
3,3,178,179,-32768,165,0,0
3,3,179,174,16384,901,1,0
3,3,175,178,-16384,902,0,0
3,3,175,176,0,163,0,0
3,3,177,178,-32768,164,0,0
3,3,178,175,16384,902,1,0
3,3,176,177,-16384,903,0,0
3,3,343,344,-32768,314,0,0
3,3,369,343,-16384,358,0,0
3,3,344,370,16384,359,0,0
3,3,370,371,10630,360,0,0
3,3,341,342,-32768,313,0,0
3,3,344,343,0,314,1,0
3,3,343,341,-16384,325,0,0
3,3,342,344,16384,326,0,0
3,3,339,340,-32768,312,0,0
3,3,342,341,0,313,1,0
3,3,341,339,-16384,324,0,0
3,3,340,342,16384,327,0,0
3,3,317,318,-16384,293,0,0
3,3,318,317,16384,293,1,0
3,3,321,943,0,294,0,0
3,3,325,326,-32768,297,0,0
3,3,326,318,-32768,907,0,0
3,3,317,321,0,908,0,0
3,3,155,914,-24576,149,0,0
3,3,318,155,-16384,289,0,0
3,3,324,346,-16384,317,1,0
3,3,346,890,-32768,1059,0,0
3,3,890,891,16384,1060,0,0
3,3,891,324,0,1061,0,0
3,3,368,369,-32768,357,0,0
3,3,371,346,16384,361,0,0
3,3,346,345,0,910,0,0
3,3,366,367,-32768,355,0,0
3,3,367,368,28799,356,0,0
3,3,323,345,-11547,316,0,0
3,3,346,324,16384,317,0,0
3,3,324,323,0,909,0,0
3,3,345,346,-32768,910,1,0
3,3,324,325,16384,296,0,0
3,3,323,324,-32768,909,1,0
3,3,345,355,2555,344,0,0
3,3,363,364,-17864,352,0,0
3,3,364,365,-23421,353,0,0
3,3,365,366,-29025,354,0,0
3,3,356,357,14903,346,0,0
3,3,357,358,9346,347,0,0
3,3,358,359,8192,348,0,0
3,3,359,941,3637,828,0,0
3,3,943,322,0,294,0,104
3,3,322,323,-16384,295,0,0
3,3,355,356,8192,345,0,0
3,3,360,361,-29865,349,0,0
3,3,764,360,-20607,831,0,0
3,3,361,362,-26397,350,0,0
3,3,362,363,-23421,351,0,0
3,3,103,104,-32768,99,0,0
3,3,104,105,16384,100,0,0
3,3,105,106,0,101,0,0
3,3,762,764,-24576,830,0,0
3,3,489,487,-32768,482,0,0
3,3,824,825,-16384,919,0,0
3,3,825,489,-16384,1099,0,0
3,3,482,483,-32768,478,0,0
3,3,486,498,-32768,493,0,0
3,3,499,482,-16384,495,0,0
3,3,500,501,16384,496,0,0
3,3,501,502,0,497,0,0
3,3,483,486,-32768,936,0,0
3,3,498,500,16384,1093,0,0
3,3,502,499,0,1094,0,0
3,3,470,499,-16384,494,0,0
3,3,502,501,-32768,497,1,0
3,3,944,826,0,920,1,8
3,3,499,502,-32768,1094,1,0
3,3,826,470,0,1095,1,0
3,3,498,489,-32768,492,0,0
3,3,501,500,-16384,496,1,0
3,3,825,824,16384,919,1,0
3,3,824,944,0,920,1,0
3,3,500,498,-16384,1093,1,0
3,3,489,825,16384,1099,1,0
3,3,483,484,-16384,479,0,0
3,3,485,486,16384,480,0,0
3,3,538,539,-32768,545,0,0
3,3,540,538,-32768,547,1,0
3,3,539,485,-32768,750,1,0
3,3,484,540,-16384,918,0,0
3,3,486,483,0,936,1,0
3,3,542,488,16384,549,1,0
3,3,485,543,-16384,550,0,0
3,3,488,485,0,748,0,0
3,3,543,542,-32768,749,0,0
3,3,543,485,16384,550,1,0
3,3,485,539,0,750,0,0
3,3,539,698,-16384,751,0,0
3,3,698,543,-32768,752,0,0
3,3,540,541,-16384,546,0,0
3,3,538,540,0,547,0,0
3,3,699,538,16384,754,0,0
3,3,727,699,-32768,779,0,0
3,3,541,700,0,755,0,0
3,3,725,504,-32768,777,0,0
3,3,504,727,16384,780,0,0
3,3,504,505,-32768,500,0,0
3,3,505,699,16384,753,0,0
3,3,699,727,0,779,1,0
3,3,727,504,-16384,780,1,0
3,3,505,504,0,500,1,0
3,3,816,920,-16384,889,0,0
3,3,817,901,16384,1088,0,0
3,3,901,505,16384,1089,0,0
3,3,504,816,-16384,1090,0,0
3,3,633,634,0,671,0,0
3,3,635,633,16384,676,0,0
3,3,635,636,-32768,673,0,0
3,3,636,637,16384,674,0,0
3,3,637,633,0,675,0,0
3,3,633,635,-16384,676,1,0
3,3,623,624,-32768,655,0,0
3,3,638,635,16384,678,0,0
3,3,624,638,-32768,679,0,0
3,3,624,629,-16384,666,0,0
3,3,629,628,-32768,670,0,0
3,3,628,638,16384,677,0,0
3,3,638,624,0,679,1,0
3,3,627,628,16384,661,0,0
3,3,629,630,-16384,662,0,0
3,3,630,627,-32768,669,0,0
3,3,628,629,0,670,1,0
3,3,626,627,16384,660,0,0
3,3,630,631,-16384,663,0,0
3,3,631,626,-32768,668,0,0
3,3,627,630,0,669,1,0
3,3,625,626,16384,659,0,0
3,3,631,632,-16384,664,0,0
3,3,632,625,-32768,667,0,0
3,3,626,631,0,668,1,0
3,3,826,824,-32768,920,0,0
3,3,860,467,0,992,0,0
3,3,470,826,-32768,1095,0,0
3,3,945,466,0,466,0,176
3,3,466,860,-16384,991,0,0
3,3,493,494,0,485,0,0
3,3,490,493,0,486,0,0
3,3,496,490,0,489,0,0
3,3,494,497,-16384,490,0,0
3,3,497,503,-32768,498,0,0
3,3,503,496,16384,499,0,0
3,3,466,496,0,488,0,0
3,3,496,503,-16384,499,1,0
3,3,946,466,16384,991,1,16
3,3,497,467,-16384,491,0,0
3,3,503,497,0,498,1,0
3,3,860,946,16384,991,1,0
3,3,467,860,-32768,992,1,0
3,3,492,491,-32768,657,0,0
3,3,491,625,16384,658,0,0
3,3,632,492,-16384,665,0,0
3,3,625,632,0,667,1,0
3,3,490,491,16384,483,0,0
3,3,492,493,-16384,484,0,0
3,3,493,490,-32768,486,1,0
3,3,491,492,0,657,1,0
3,3,443,444,4836,441,0,0
3,3,444,445,-4836,442,0,0
3,3,445,444,27931,442,1,0
3,3,947,448,-4836,444,0,71
3,3,448,445,-16384,455,0,0
3,3,444,443,-27931,441,1,0
3,3,446,447,4836,443,0,0
3,3,447,947,-4836,444,0,0
3,3,443,446,16384,450,0,0
3,3,448,447,27931,444,1,0
3,3,948,451,-4836,446,0,71
3,3,451,448,-16384,454,0,0
3,3,447,446,-27931,443,1,0
3,3,449,450,4836,445,0,0
3,3,450,948,-4836,446,0,0
3,3,446,449,16384,451,0,0
3,3,451,450,27931,446,1,0
3,3,949,454,-4836,448,0,71
3,3,454,451,-16384,453,0,0
3,3,450,449,-27931,445,1,0
3,3,452,453,4836,447,0,0
3,3,453,949,-4836,448,0,0
3,3,449,452,16384,452,0,0
3,3,454,453,27931,448,1,0
3,3,458,454,-16384,987,0,0
3,3,453,452,-27931,447,1,0
3,3,452,455,16384,457,0,0
3,3,455,950,10258,458,0,0
3,3,527,537,0,541,0,0
3,3,537,928,-8192,544,0,0
3,3,928,537,24576,544,1,56
3,3,527,526,13828,522,0,0
3,3,537,527,-32768,541,1,0
3,3,526,537,-6133,542,0,0
3,3,521,929,-18106,516,0,0
3,3,537,521,0,543,0,0
3,3,522,521,-16384,517,0,0
3,3,523,522,-9672,518,0,0
3,3,524,523,-2555,519,0,0
3,3,525,524,2555,520,0,0
3,3,526,525,10250,521,0,0
3,3,537,526,26634,542,1,0
3,3,521,537,-32768,543,1,0
3,3,528,527,4836,523,0,0
3,3,930,512,18442,508,0,57
3,3,529,528,-13028,524,0,0
3,3,512,529,0,539,0,0
3,3,512,511,15086,507,0,0
3,3,530,529,-18939,525,0,0
3,3,511,530,-3968,538,0,0
3,3,529,512,-32768,539,1,0
3,3,511,510,13828,506,0,0
3,3,531,530,-19739,526,0,0
3,3,510,531,-5636,537,0,0
3,3,530,511,28799,538,1,0
3,3,510,509,10250,505,0,0
3,3,532,531,-23421,527,0,0
3,3,509,532,-6370,536,0,0
3,3,531,510,27131,537,1,0
3,3,457,456,28799,1053,0,0
3,3,950,456,10244,458,0,110
3,3,457,458,-23095,459,0,0
3,3,456,457,-3968,1053,1,0
3,3,456,460,20126,461,0,0
3,3,460,461,16384,462,0,0
3,3,461,903,0,1096,0,0
3,3,464,465,0,465,0,0
3,3,465,945,0,466,0,0
3,3,903,464,16384,1097,0,0
3,3,461,462,12415,463,0,0
3,3,903,461,-32768,1096,1,0
3,3,464,903,-16384,1097,1,0
3,3,462,464,2058,1098,0,0
3,3,509,508,8192,504,0,0
3,3,533,532,-26056,528,0,0
3,3,508,533,-7037,535,0,0
3,3,532,509,26397,536,1,0
3,3,508,507,8192,503,0,0
3,3,534,533,-26634,529,0,0
3,3,507,534,-8740,534,0,0
3,3,533,508,25730,535,1,0
3,3,463,459,-32768,464,0,0
3,3,487,463,-32768,993,0,0
3,3,459,457,-27931,460,0,0
3,3,507,506,4836,502,0,0
3,3,535,534,-27931,530,0,0
3,3,506,535,-12266,533,0,0
3,3,534,507,24027,534,1,0
3,3,506,481,3355,501,0,0
3,3,536,535,-32768,531,0,0
3,3,481,536,-14903,532,0,0
3,3,535,506,20501,533,1,0
3,3,481,463,16384,477,0,0
3,3,487,488,-16384,481,0,0
3,3,536,481,17864,532,1,0
3,3,542,536,-32768,548,0,0
3,3,488,542,-16384,549,0,0
3,3,463,487,0,993,1,0
3,3,474,475,16384,472,0,0
3,3,495,474,-32768,487,0,0
3,3,618,495,-16384,643,0,0
3,3,475,479,16384,1010,0,0
3,3,479,478,16384,1013,0,0
3,3,617,618,-16384,1066,0,0
3,3,620,618,-32768,646,0,0
3,3,617,621,0,647,0,0
3,3,621,620,-16384,650,0,0
3,3,618,617,16384,1066,1,0
3,3,616,619,-32768,644,0,0
3,3,622,612,0,649,0,0
3,3,619,622,16384,651,0,0
3,3,612,616,-16384,653,1,0
3,3,619,620,-32768,645,0,0
3,3,621,622,0,648,0,0
3,3,620,621,16384,650,1,0
3,3,622,619,-16384,651,1,0
3,3,477,480,-16384,1014,0,0
3,3,477,478,0,475,0,0
3,3,479,480,-32768,476,0,0
3,3,478,479,-16384,1013,1,0
3,3,480,477,16384,1014,1,0
3,3,469,470,-32768,468,0,0
3,3,476,469,-16384,474,0,0
3,3,480,476,-16384,1011,0,0
3,3,475,476,-32768,473,0,0
3,3,480,479,0,476,1,0
3,3,479,475,-16384,1010,1,0
3,3,476,480,16384,1011,1,0
3,3,702,820,3968,913,0,0
3,3,820,821,13828,914,0,0
3,3,821,822,0,915,0,0
3,3,822,823,11547,916,0,0
3,3,823,708,6711,917,0,0
3,3,951,708,-16384,762,0,48
3,3,708,823,-26056,917,1,0
3,3,952,707,0,761,0,148
3,3,707,951,-16384,762,0,0
3,3,822,821,-32768,915,1,0
3,3,823,822,-21220,916,1,0
3,3,702,703,16384,758,0,0
3,3,953,952,0,761,0,64
3,3,820,702,-28799,913,1,0
3,3,821,820,-18939,914,1,0
3,3,703,704,-32768,759,0,0
3,3,954,706,13828,760,0,66
3,3,706,953,0,761,0,0
3,3,705,954,13828,760,0,0
3,3,704,896,-16384,1075,0,0
3,3,896,705,-32768,1076,0,0
3,3,709,710,16384,764,0,0
3,3,710,711,0,765,0,0
3,3,711,712,-16384,766,0,0
3,3,713,709,16384,783,1,0
3,3,712,902,-32768,1091,0,0
3,3,902,713,-32768,1092,0,0
3,3,708,709,0,763,0,0
3,3,716,717,-32768,770,0,0
3,3,709,713,-16384,783,0,0
3,3,718,719,0,772,0,0
3,3,722,723,-32768,775,0,0
3,3,723,724,16384,776,0,0
3,3,719,726,-16384,781,0,0
3,3,726,722,-32768,782,0,0
3,3,918,722,16384,774,0,32
3,3,726,919,-16384,778,0,0
3,3,722,726,0,782,1,0
3,3,713,714,-16384,767,0,0
3,3,714,715,-32768,768,0,0
3,3,715,716,16384,769,0,0
3,3,717,718,-16384,771,0,0
3,3,942,769,16384,835,0,64
3,3,769,955,0,836,0,0
3,3,700,701,16384,756,0,0
3,3,701,702,0,757,0,0
3,3,724,728,-32768,784,0,0
3,3,728,725,-24576,785,0,0
3,3,565,564,-8192,570,0,0
3,3,566,565,0,571,0,0
3,3,567,566,16384,572,0,0
3,3,862,863,-32768,1018,0,0
3,3,864,862,16384,1019,0,0
3,3,874,873,-16384,1030,0,0
3,3,569,567,16384,656,0,0
3,3,863,865,-16384,1021,0,0
3,3,865,864,0,1020,0,0
3,3,863,862,0,1018,1,0
3,3,862,864,-16384,1019,1,0
3,3,864,865,-32768,1020,1,0
3,3,865,863,16384,1021,1,0
3,3,568,567,0,573,0,0
3,3,569,570,-32768,574,0,0
3,3,570,623,16384,654,0,0
3,3,567,569,-16384,656,1,0
3,3,634,568,16384,672,0,0
3,3,870,871,6711,1026,0,0
3,3,872,870,0,1027,0,0
3,3,873,872,-6711,1028,0,0
3,3,871,870,-26056,1026,1,0
3,3,870,872,-32768,1027,1,0
3,3,872,873,26056,1028,1,0
3,3,873,871,0,1029,0,0
3,3,564,563,0,569,0,0
3,3,875,874,-32768,1031,0,0
3,3,876,877,-32768,1032,0,0
3,3,877,875,-32768,1037,0,0
3,3,878,875,16384,1034,0,0
3,3,879,878,-32768,1035,0,0
3,3,877,879,-16384,1036,0,0
3,3,875,877,0,1037,1,0
3,3,956,957,-32768,1029,1,32
3,3,878,879,0,1035,1,0
3,3,871,956,-32768,1029,1,0
3,3,877,876,0,1032,1,0
3,3,876,871,-16384,1033,1,0
3,3,879,877,16384,1036,1,0
3,3,957,873,-32768,1029,1,160
3,3,873,874,16384,1030,1,0
3,3,874,875,0,1031,1,0
3,3,875,878,-16384,1034,1,0
3,3,472,473,16384,471,0,0
3,3,473,544,0,551,0,0
3,3,547,617,-16384,642,0,0
3,3,478,472,16384,1009,0,0
3,3,467,468,0,467,0,0
3,3,468,471,-16384,469,0,0
3,3,471,477,-16384,1012,0,0
3,3,471,472,0,470,0,0
3,3,478,477,-32768,475,1,0
3,3,472,478,-16384,1009,1,0
3,3,477,471,16384,1012,1,0
3,3,544,545,16384,552,0,0
3,3,546,547,-16384,553,0,0
3,3,545,546,0,581,0,0
3,3,545,548,16384,554,0,0
3,3,551,546,-16384,557,0,0
3,3,546,545,-32768,581,1,0
3,3,548,551,0,582,0,0
3,3,882,886,-16384,1045,0,0
3,3,886,887,-32768,1046,0,0
3,3,887,883,16384,1047,0,0
3,3,883,882,0,1049,0,0
3,3,571,569,16384,575,0,0
3,3,572,571,-32768,576,0,0
3,3,573,572,16384,577,0,0
3,3,574,573,-32768,578,0,0
3,3,575,574,-16384,579,0,0
3,3,573,574,0,578,1,0
3,3,574,882,-16384,1040,0,0
3,3,883,573,16384,1041,0,0
3,3,882,883,-32768,1049,1,0
3,3,552,550,-32768,558,0,0
3,3,549,575,-32768,580,0,0
3,3,550,549,-32768,583,1,0
3,3,548,549,16384,555,0,0
3,3,550,551,-16384,556,0,0
3,3,551,548,-32768,582,1,0
3,3,549,550,0,583,0,0
3,3,216,382,16384,372,0,0
3,3,206,216,-32768,934,0,0
3,3,206,205,-15583,196,0,0
3,3,215,216,16384,197,0,0
3,3,216,206,0,934,1,0
3,3,205,215,-32768,935,1,0
3,3,204,205,-32768,189,0,0
3,3,206,207,0,190,0,0
3,3,205,206,17184,196,1,0
3,3,207,580,0,599,0,0
3,3,580,958,-16384,600,0,0
3,3,396,206,-16384,386,0,0
3,3,209,210,16384,192,0,0
3,3,210,959,16384,193,0,0
3,3,960,579,-32768,597,0,64
3,3,579,209,25270,598,0,0
3,3,214,582,0,604,0,0
3,3,582,583,-16384,605,0,0
3,3,216,215,-16384,197,1,0
3,3,215,960,-32768,597,0,0
3,3,583,216,0,606,0,0
3,3,203,204,16384,188,0,0
3,3,958,208,-16384,600,0,104
3,3,208,203,-32768,601,1,0
3,3,205,372,-16384,362,0,0
3,3,372,373,-18939,363,0,0
3,3,373,374,-27353,364,0,0
3,3,961,376,-32768,366,0,36
3,3,376,377,28544,367,0,0
3,3,381,215,16384,371,0,0
3,3,215,205,0,935,0,0
3,3,374,375,-24576,365,0,0
3,3,375,961,-32768,366,0,0
3,3,380,381,12160,370,0,0
3,3,829,380,19739,937,0,0
3,3,830,829,27931,938,0,0
3,3,831,830,-29412,939,0,0
3,3,377,378,-30212,368,0,0
3,3,378,379,27931,369,0,0
3,3,832,831,23421,940,0,0
3,3,379,832,-25521,941,0,0
3,3,382,383,19286,373,0,0
3,3,383,384,14103,374,0,0
3,3,384,962,11547,375,0,0
3,3,388,389,3355,379,0,0
3,3,389,397,-10250,387,0,0
3,3,962,385,11547,375,0,35
3,3,385,386,5414,376,0,0
3,3,386,387,1480,377,0,0
3,3,387,388,-1297,378,0,0
3,3,391,392,2902,381,0,0
3,3,392,393,-8192,382,0,0
3,3,393,394,-15086,383,0,0
3,3,394,395,-18664,384,0,0
3,3,395,396,-21220,385,0,0
3,3,390,391,-4223,380,0,0
3,3,398,390,10250,389,0,0
3,3,397,398,0,388,0,0
3,3,397,389,22517,387,1,0
3,3,398,397,-32768,388,1,0
3,3,390,398,-22517,389,1,0
3,3,389,399,5636,390,0,0
3,3,399,400,0,391,0,0
3,3,400,390,-5636,392,0,0
3,3,400,399,-32768,391,1,0
3,3,390,400,27131,392,1,0
3,3,963,390,-15583,397,0,30
3,3,401,402,24576,394,0,0
3,3,403,404,-6558,395,0,0
3,3,404,405,-12415,396,0,0
3,3,405,963,-15583,397,0,0
3,3,406,403,-3742,399,0,0
3,3,399,389,-27131,390,1,0
3,3,389,401,17329,393,0,0
3,3,402,964,28551,594,0,0
3,3,194,195,-16384,181,0,0
3,3,195,196,-32768,182,0,0
3,3,196,411,16384,595,0,0
3,3,406,194,-27931,596,0,0
3,3,964,194,28542,594,0,35
3,3,194,406,4836,596,1,0
3,3,408,409,16384,402,0,0
3,3,196,408,-32768,405,1,0
3,3,409,411,0,406,0,0
3,3,411,196,-16384,595,1,0
3,3,191,192,-13028,179,0,0
3,3,965,191,-2058,180,0,65
3,3,192,406,-21220,398,0,0
3,3,411,197,16384,593,0,0
3,3,193,965,-2058,180,0,0
3,3,197,198,-32768,183,0,0
3,3,198,581,16384,602,0,0
3,3,581,193,8192,603,0,0
3,3,407,408,16384,401,0,0
3,3,196,410,-16384,403,0,0
3,3,408,196,0,405,0,0
3,3,410,904,-32768,1100,0,0
3,3,904,407,-32768,1101,0,0
3,3,212,213,-32768,194,0,0
3,3,211,407,16384,400,0,0
3,3,410,212,-16384,404,0,0
3,3,213,211,-32768,942,0,0
3,3,904,410,0,1100,1,0
3,3,407,904,0,1101,1,0
3,3,959,211,16384,193,0,56
3,3,213,214,-16384,195,0,0
3,3,211,213,0,942,1,0
3,3,201,966,-32768,185,0,0
3,3,651,201,-32768,697,0,0
3,3,967,651,-32768,702,0,64
3,3,674,675,0,723,0,0
3,3,678,679,0,727,0,0
3,3,675,676,16384,724,0,0
3,3,676,677,0,725,0,0
3,3,677,678,-16384,726,0,0
3,3,681,682,-16384,730,0,0
3,3,682,683,-32768,731,0,0
3,3,683,684,16384,732,0,0
3,3,679,680,16384,728,0,0
3,3,685,686,-16384,734,0,0
3,3,680,681,-32768,729,0,0
3,3,968,658,0,706,0,152
3,3,673,674,-16384,722,0,0
3,3,684,673,-32768,733,0,0
3,3,199,200,-24576,184,0,0
3,3,200,967,-32768,702,0,0
3,3,969,199,-16384,720,0,136
3,3,686,687,0,735,0,0
3,3,690,691,0,739,0,0
3,3,687,688,16384,736,0,0
3,3,688,689,0,737,0,0
3,3,689,690,-16384,738,0,0
3,3,659,970,0,707,0,0
3,3,696,685,-32768,745,0,0
3,3,693,694,-16384,742,0,0
3,3,694,695,-32768,743,0,0
3,3,695,696,16384,744,0,0
3,3,971,660,0,707,0,64
3,3,660,969,-16384,720,0,0
3,3,691,692,16384,740,0,0
3,3,970,971,0,707,0,40
3,3,692,693,-32768,741,0,0
3,3,142,936,-22517,135,0,0
3,3,143,142,-16384,136,0,0
3,3,149,143,-8192,141,0,0
3,3,148,149,0,186,0,0
3,3,149,148,-32768,186,1,0
3,3,653,652,0,699,0,0
3,3,654,655,0,700,0,0
3,3,148,653,16384,703,0,0
3,3,655,149,-16384,704,0,0
3,3,201,651,0,697,1,0
3,3,652,201,16384,698,0,0
3,3,651,654,-16384,701,0,0
3,3,835,836,16384,945,0,0
3,3,836,837,0,946,0,0
3,3,837,838,-16384,947,0,0
3,3,972,973,0,414,0,88
3,3,841,842,-16384,951,0,0
3,3,842,843,-32768,952,0,0
3,3,843,844,16384,953,0,0
3,3,974,419,-16384,411,0,144
3,3,419,420,-32768,412,0,0
3,3,838,839,0,948,0,0
3,3,418,974,-16384,411,0,0
3,3,975,418,0,414,0,128
3,3,839,840,16384,949,0,0
3,3,973,975,0,414,0,104
3,3,840,841,-32768,950,0,0
3,3,421,976,0,414,0,0
3,3,422,421,16384,415,0,0
3,3,423,424,-32768,417,0,0
3,3,424,422,16384,430,1,0
3,3,833,834,-16384,943,0,0
3,3,834,835,0,944,0,0
3,3,976,972,0,414,0,64
3,3,844,833,-32768,954,0,0
3,3,414,415,0,436,0,0
3,3,846,659,-16384,956,0,0
3,3,658,845,16384,957,0,0
3,3,420,415,-16384,413,0,0
3,3,414,423,16384,416,0,0
3,3,415,414,-32768,436,1,0
3,3,412,413,16384,407,0,0
3,3,413,414,10250,408,0,0
3,3,845,412,22517,955,0,0
3,3,415,416,-10250,409,0,0
3,3,416,417,-16384,410,0,0
3,3,417,846,-22517,1068,0,0
3,3,561,559,-16384,566,0,0
3,3,562,561,0,567,0,0
3,3,563,562,8192,568,0,0
3,3,866,867,-32768,1022,0,0
3,3,743,744,-16384,801,0,0
3,3,750,749,16384,806,0,0
3,3,737,750,24576,807,0,0
3,3,744,742,-16384,1051,0,0
3,3,745,743,-6711,802,0,0
3,3,746,745,0,803,0,0
3,3,977,746,0,823,0,48
3,3,898,899,16384,1078,0,0
3,3,747,748,0,804,0,0
3,3,978,747,6711,805,0,53
3,3,748,977,0,823,0,0
3,3,899,900,-32768,1079,0,0
3,3,749,978,6711,805,0,0
3,3,900,897,-16384,1080,0,0
3,3,897,898,0,1077,0,0
3,3,898,897,-32768,1077,1,0
3,3,899,898,-16384,1078,1,0
3,3,900,899,0,1079,1,0
3,3,897,900,16384,1080,1,0
3,3,754,753,-32768,816,0,0
3,3,753,755,16384,817,0,0
3,3,760,754,-16384,822,0,0
3,3,893,892,0,1064,0,0
3,3,757,758,0,1062,0,0
3,3,758,892,-16384,1063,1,0
3,3,892,893,-32768,1064,1,0
3,3,893,757,16384,1065,1,0
3,3,758,759,-9346,820,0,0
3,3,759,760,-23963,821,0,0
3,3,892,758,16384,1063,0,0
3,3,755,756,23963,818,0,0
3,3,756,757,9346,819,0,0
3,3,757,893,-16384,1065,0,0
3,3,748,751,16384,811,0,0
3,3,751,752,0,812,0,0
3,3,752,746,-16384,813,0,0
3,3,746,748,-32768,823,1,0
3,3,752,751,-32768,812,1,0
3,3,751,753,16384,814,0,0
3,3,754,752,-16384,815,0,0
3,3,753,754,0,816,1,0
3,3,735,737,16384,795,0,0
3,3,738,739,-31287,796,0,0
3,3,740,738,-16384,798,0,0
3,3,739,735,16384,810,0,0
3,3,741,740,-32768,799,0,0
3,3,742,741,-24576,800,0,0
3,3,734,735,0,793,0,0
3,3,739,736,-32768,797,0,0
3,3,736,734,16384,809,0,0
3,3,735,739,-16384,810,1,0
3,3,431,428,0,424,0,0
3,3,979,431,16384,425,0,64
3,3,428,441,0,437,0,0
3,3,441,427,-16384,438,0,0
3,3,424,426,-16384,419,0,0
3,3,426,427,-32768,420,0,0
3,3,427,441,16384,438,1,0
3,3,425,422,0,418,0,0
3,3,428,425,16384,421,0,0
3,3,422,424,-16384,430,0,0
3,3,441,428,-32768,437,1,0
3,3,556,555,-32768,562,0,0
3,3,557,556,-16384,563,0,0
3,3,868,866,16384,1023,0,0
3,3,869,868,0,1024,0,0
3,3,871,980,16384,1033,0,0
3,3,555,552,-32768,1052,0,0
3,3,867,869,-16384,1025,0,0
3,3,980,876,16384,1033,0,16
3,3,867,866,0,1022,1,0
3,3,866,868,-16384,1023,1,0
3,3,868,869,-32768,1024,1,0
3,3,869,867,16384,1025,1,0
3,3,558,557,-32768,564,0,0
3,3,559,560,0,565,0,0
3,3,560,730,-16384,788,0,0
3,3,731,558,-16384,789,0,0
3,3,730,731,-16384,1050,0,0
3,3,732,731,-32768,790,0,0
3,3,730,733,0,791,0,0
3,3,733,732,-16384,808,0,0
3,3,731,730,16384,1050,1,0
3,3,733,734,0,792,0,0
3,3,736,732,-32768,794,0,0
3,3,732,733,16384,808,1,0
3,3,734,736,-16384,809,1,0
3,3,593,594,-1297,615,0,0
3,3,594,595,-1297,616,0,0
3,3,595,596,-6133,617,0,0
3,3,596,597,-10969,618,0,0
3,3,597,598,-11547,619,0,0
3,3,598,602,-22517,626,0,0
3,3,981,593,5636,635,0,4
3,3,147,148,8192,140,0,0
3,3,598,599,-6711,620,0,0
3,3,599,600,-16384,621,0,0
3,3,600,601,-26634,622,0,0
3,3,601,602,27131,623,0,0
3,3,602,598,10250,626,1,0
3,3,966,982,-32768,185,0,32
3,3,666,667,0,713,0,0
3,3,663,664,16384,710,0,0
3,3,664,665,0,711,0,0
3,3,665,666,-16384,712,0,0
3,3,669,670,-16384,716,0,0
3,3,670,671,-32768,717,0,0
3,3,671,672,16384,718,0,0
3,3,667,668,16384,714,0,0
3,3,668,669,-32768,715,0,0
3,3,983,656,24576,705,0,22
3,3,661,662,-16384,708,0,0
3,3,656,984,16384,721,0,0
3,3,982,202,-32768,185,0,104
3,3,202,983,24576,705,0,0
3,3,662,663,0,709,0,0
3,3,672,661,-32768,719,0,0
3,3,144,145,16384,138,0,0
3,3,145,146,16384,144,0,0
3,3,150,146,0,142,0,0
3,3,145,151,-32768,143,0,0
3,3,146,145,-16384,144,1,0
3,3,151,584,30212,607,0,0
3,3,584,585,26634,608,0,0
3,3,585,586,21798,609,0,0
3,3,586,697,4836,746,0,0
3,3,765,766,-32768,832,0,0
3,3,773,774,0,840,0,0
3,3,774,775,-16384,841,0,0
3,3,779,236,-32768,846,0,0
3,3,236,765,-32768,1085,1,0
3,3,985,771,-16384,837,0,56
3,3,771,772,-32768,838,0,0
3,3,772,773,-16384,839,0,0
3,3,587,588,28405,610,0,0
3,3,588,589,21798,611,0,0
3,3,589,590,17864,612,0,0
3,3,590,591,14661,613,0,0
3,3,591,592,11547,614,0,0
3,3,603,604,-21220,624,0,0
3,3,604,587,-30709,627,0,0
3,3,592,981,5636,635,0,0
3,3,587,604,2058,627,1,0
3,3,697,587,21220,747,0,0
3,3,955,770,0,836,0,64
3,3,770,985,-16384,837,0,0
3,3,146,147,16384,139,0,0
3,3,605,606,4836,628,0,0
3,3,606,150,-10747,629,0,0
3,3,604,605,-13028,625,0,0
3,3,602,607,30212,630,0,0
3,3,607,603,-30212,631,0,0
3,3,610,611,0,637,0,0
3,3,612,610,16384,638,0,0
3,3,614,615,-32768,640,0,0
3,3,615,616,16384,641,0,0
3,3,439,613,-16384,652,0,0
3,3,616,612,16384,653,0,0
3,3,611,439,0,968,0,0
3,3,613,614,-32768,969,0,0
3,3,553,552,16384,559,0,0
3,3,554,553,-32768,560,0,0
3,3,555,554,-16384,561,0,0
3,3,552,555,0,1052,1,0
3,3,880,884,-16384,1042,0,0
3,3,884,885,-32768,1043,0,0
3,3,885,881,16384,1044,0,0
3,3,881,880,0,1048,0,0
3,3,553,554,0,560,1,0
3,3,554,880,-16384,1038,0,0
3,3,881,553,16384,1039,0,0
3,3,880,881,-32768,1048,1,0
3,3,430,433,-16384,426,0,0
3,3,432,438,0,431,0,0
3,3,438,430,-16384,432,0,0
3,3,433,855,-32768,966,0,0
3,3,432,979,16384,425,0,0
3,3,438,432,-32768,431,1,0
3,3,427,429,-16384,422,0,0
3,3,429,430,-32768,423,0,0
3,3,430,438,16384,432,1,0
3,3,657,968,0,706,0,0
3,3,984,657,16384,721,0,177
3,3,434,435,-32768,427,0,0
3,3,436,437,16384,428,0,0
3,3,437,432,0,429,0,0
3,3,435,436,16384,435,1,0
3,3,855,434,-32768,967,0,0
3,3,439,436,0,433,0,0
3,3,435,440,-16384,434,0,0
3,3,436,435,-16384,435,0,0
3,3,608,609,-32768,632,0,0
3,3,440,608,-27131,636,0,0
3,3,609,613,16384,639,0,0
3,3,613,439,16384,652,1,0
3,3,440,593,-8192,633,0,0
3,3,592,608,24576,634,0,0
3,3,593,592,-27131,635,1,0
3,3,608,440,5636,636,1,0
