episode,mission,vertex_1,vertex_2,angle,line,side,offset
3,4,600,907,14410,712,0,0
3,4,75,908,16384,71,0,0
3,4,907,600,-18357,712,1,211
3,4,600,601,-32768,713,0,0
3,4,601,75,26941,714,0,0
3,4,52,600,28544,711,0,0
3,4,52,53,-16384,48,0,0
3,4,600,52,-4223,711,1,0
3,4,53,602,-32768,715,0,0
3,4,617,600,10250,737,0,0
3,4,602,617,22517,738,0,0
3,4,51,32,26056,47,0,0
3,4,909,51,-23421,733,0,25
3,4,59,52,-21399,728,0,0
3,4,59,60,0,55,0,0
3,4,76,77,-16384,72,0,0
3,4,77,82,-16384,76,0,0
3,4,52,59,11368,728,1,0
3,4,82,615,-32768,734,0,0
3,4,615,616,29865,735,0,0
3,4,616,52,26634,736,0,0
3,4,60,61,8192,56,0,0
3,4,61,910,0,706,1,0
3,4,66,59,-8192,62,0,0
3,4,78,79,0,73,0,0
3,4,79,80,-16384,74,0,0
3,4,80,81,-32768,75,0,0
3,4,81,78,16384,77,0,0
3,4,911,912,12718,179,0,68
3,4,82,77,16384,76,1,0
3,4,77,83,0,78,0,0
3,4,84,82,-32768,81,0,0
3,4,83,84,-16384,82,0,0
3,4,78,81,-16384,77,1,0
3,4,83,78,0,79,0,0
3,4,81,84,-32768,80,0,0
3,4,84,83,16384,82,1,0
3,4,910,32,0,706,1,48
3,4,611,76,-22517,726,0,0
3,4,32,611,-16384,727,0,0
3,4,26,27,3355,21,0,0
3,4,27,26,-29412,21,1,0
3,4,26,47,19739,43,0,0
3,4,48,27,-16384,44,0,0
3,4,47,618,13828,740,0,0
3,4,618,48,-1480,741,0,0
3,4,56,57,23421,53,0,0
3,4,57,26,14508,707,0,0
3,4,907,56,14410,712,0,171
3,4,57,56,-9346,53,1,0
3,4,56,907,-18357,712,1,0
3,4,4,5,8192,2,0,0
3,4,908,4,16384,71,0,128
3,4,26,57,-18259,707,1,0
3,4,5,26,0,709,0,0
3,4,606,58,2058,724,0,0
3,4,20,21,-16384,18,0,0
3,4,30,20,-4836,23,0,0
3,4,606,607,24576,719,0,0
3,4,58,606,-30709,724,1,0
3,4,607,30,11996,725,1,0
3,4,64,65,-24576,60,0,0
3,4,603,604,0,716,0,0
3,4,604,605,8192,717,0,0
3,4,605,606,16384,718,0,0
3,4,913,603,-8192,723,0,8
3,4,31,32,-20352,26,0,0
3,4,58,31,-3742,54,0,0
3,4,61,62,16384,57,0,0
3,4,32,61,-32768,706,0,0
3,4,31,58,29025,54,1,0
3,4,62,63,24576,58,0,0
3,4,63,64,-32768,59,0,0
3,4,65,66,-16384,61,0,0
3,4,21,31,-20540,25,0,0
3,4,32,31,12415,26,1,0
3,4,31,613,-1297,731,0,0
3,4,27,72,-12702,708,0,0
3,4,914,915,-20765,725,0,12
3,4,71,29,10837,739,0,0
3,4,28,29,-8192,22,0,0
3,4,71,72,-32768,67,0,0
3,4,72,27,20065,708,1,0
3,4,27,28,5636,710,0,0
3,4,29,71,-21930,739,1,0
3,4,29,30,-4836,24,0,0
3,4,30,914,-20833,725,0,0
3,4,30,29,27931,24,1,0
3,4,29,49,16384,45,0,0
3,4,50,30,-20607,46,0,0
3,4,49,612,0,729,0,0
3,4,612,50,-16384,730,0,0
3,4,68,69,8192,64,0,0
3,4,607,608,-32768,720,0,0
3,4,915,607,-20771,725,0,131
3,4,608,609,-24576,721,0,0
3,4,609,610,-16384,722,0,0
3,4,610,913,-8192,723,0,0
3,4,67,68,0,63,0,0
3,4,69,70,16384,65,0,0
3,4,70,71,24576,66,0,0
3,4,72,73,-24576,68,0,0
3,4,73,74,-16384,69,0,0
3,4,74,67,-8192,70,0,0
3,4,183,200,-32768,204,0,0
3,4,22,201,-16384,213,0,0
3,4,201,183,-16384,214,0,0
3,4,200,202,16384,215,0,0
3,4,202,25,16384,216,0,0
3,4,21,20,16384,18,1,0
3,4,916,917,-15086,20,0,64
3,4,33,21,-32768,27,0,0
3,4,34,33,-27014,28,0,0
3,4,20,35,0,30,0,0
3,4,917,25,-15086,20,0,91
3,4,25,37,-32768,31,0,0
3,4,37,34,-32768,32,0,0
3,4,24,916,-15086,20,0,0
3,4,35,36,5753,29,0,0
3,4,36,38,0,33,0,0
3,4,38,24,0,34,0,0
3,4,25,24,17681,20,1,0
3,4,183,184,-16384,188,0,0
3,4,199,200,16384,203,0,0
3,4,200,183,0,204,1,0
3,4,184,199,-32768,205,0,0
3,4,184,185,-16384,189,0,0
3,4,198,199,16384,202,0,0
3,4,199,184,0,205,1,0
3,4,185,198,-32768,206,0,0
3,4,185,186,-16384,190,0,0
3,4,197,198,16384,201,0,0
3,4,198,185,0,206,1,0
3,4,186,197,-32768,207,0,0
3,4,8,9,-32768,4,0,0
3,4,9,10,24576,5,0,0
3,4,10,11,16384,6,0,0
3,4,11,12,8192,7,0,0
3,4,12,16,0,11,0,0
3,4,16,19,0,16,0,0
3,4,918,8,-32768,17,0,16
3,4,8,918,0,17,1,0
3,4,24,55,16384,51,0,0
3,4,55,8,16384,52,0,0
3,4,16,17,16384,12,0,0
3,4,17,18,0,13,0,0
3,4,18,19,-16384,14,0,0
3,4,19,16,-32768,16,1,0
3,4,186,187,-16384,191,0,0
3,4,196,197,16384,200,0,0
3,4,197,186,0,207,1,0
3,4,187,196,-32768,208,0,0
3,4,187,188,-16384,192,0,0
3,4,195,196,16384,199,0,0
3,4,196,187,0,208,1,0
3,4,188,195,-32768,209,0,0
3,4,613,614,-12415,732,0,0
3,4,614,909,-23421,733,0,0
3,4,188,189,-16384,193,0,0
3,4,194,195,16384,198,0,0
3,4,195,188,0,209,1,0
3,4,189,194,-32768,210,0,0
3,4,189,190,-16384,194,0,0
3,4,193,194,16384,197,0,0
3,4,194,189,0,210,1,0
3,4,190,193,-32768,211,0,0
3,4,919,175,5938,1098,0,118
3,4,168,169,7246,173,0,0
3,4,169,170,0,174,0,0
3,4,912,168,12718,179,0,185
3,4,170,175,-15290,180,0,0
3,4,175,919,-26829,1098,1,0
3,4,233,920,2555,260,0,0
3,4,175,235,0,262,0,0
3,4,921,232,-32768,258,0,72
3,4,234,922,0,261,0,0
3,4,923,234,16384,263,0,64
3,4,232,233,-16384,259,0,0
3,4,235,923,16384,263,0,0
3,4,190,191,-16384,195,0,0
3,4,192,193,16384,196,0,0
3,4,193,190,0,211,1,0
3,4,191,192,-32768,212,0,0
3,4,192,191,0,212,1,0
3,4,191,227,-16384,251,0,0
3,4,924,231,-32768,256,0,128
3,4,231,192,16384,257,0,0
3,4,444,445,0,511,0,0
3,4,445,446,-16384,512,0,0
3,4,469,444,0,532,0,0
3,4,482,469,16384,553,0,0
3,4,446,484,-32768,555,0,0
3,4,484,482,24576,556,0,0
3,4,482,484,-8192,556,1,0
3,4,447,448,-16384,513,0,0
3,4,448,449,-32768,514,0,0
3,4,484,446,0,555,1,0
3,4,925,926,-13343,160,0,25
3,4,927,438,16384,507,0,512
3,4,438,469,0,531,0,0
3,4,469,482,-16384,553,1,0
3,4,496,447,-32768,569,0,0
3,4,446,505,0,577,0,0
3,4,505,496,-16384,594,0,0
3,4,497,496,-32768,570,0,0
3,4,505,504,0,576,0,0
3,4,496,505,16384,594,1,0
3,4,504,497,-16384,601,1,0
3,4,499,498,16384,572,0,0
3,4,500,501,-16384,573,0,0
3,4,502,503,16384,574,0,0
3,4,503,522,0,602,0,0
3,4,533,500,0,614,0,0
3,4,535,499,-32768,619,0,0
3,4,501,537,-32768,621,0,0
3,4,537,535,-32768,624,0,0
3,4,498,497,-32768,571,0,0
3,4,504,502,0,575,0,0
3,4,497,504,16384,601,0,0
3,4,525,526,-32768,606,0,0
3,4,526,928,16384,607,0,0
3,4,929,529,-16384,609,0,144
3,4,529,530,-32768,610,0,0
3,4,524,525,16384,605,0,0
3,4,530,531,-16384,611,0,0
3,4,531,524,-32768,616,0,0
3,4,522,523,16384,603,0,0
3,4,532,533,-16384,613,0,0
3,4,523,532,0,615,0,0
3,4,523,524,16384,604,0,0
3,4,531,532,-16384,612,0,0
3,4,532,523,-32768,615,1,0
3,4,524,531,0,616,1,0
3,4,107,108,-16384,108,0,0
3,4,109,110,-16384,109,0,0
3,4,111,106,16384,111,0,0
3,4,108,109,-16384,116,0,0
3,4,110,123,-32768,127,0,0
3,4,123,111,24576,128,0,0
3,4,106,124,8192,129,0,0
3,4,124,107,0,130,0,0
3,4,928,527,16384,607,0,40
3,4,527,528,0,608,0,0
3,4,528,929,-16384,609,0,0
3,4,89,88,16384,87,1,0
3,4,102,103,-16384,101,0,0
3,4,103,89,-32768,102,0,0
3,4,88,102,0,103,0,0
3,4,105,104,16384,106,0,0
3,4,104,106,0,107,0,0
3,4,111,105,-32768,110,0,0
3,4,106,111,-16384,111,1,0
3,4,103,102,16384,101,1,0
3,4,102,104,0,104,0,0
3,4,105,103,-32768,105,0,0
3,4,104,105,-16384,106,1,0
3,4,930,1,-3734,0,0,94
3,4,88,98,26634,96,0,0
3,4,98,100,18548,99,0,0
3,4,1,120,-16384,122,0,0
3,4,120,121,-16384,123,0,0
3,4,121,88,-16384,124,0,0
3,4,931,930,-3734,0,0,39
3,4,100,91,25072,98,0,0
3,4,932,91,13722,88,0,246
3,4,91,100,-7695,98,1,0
3,4,100,98,-14219,99,1,0
3,4,94,95,-32768,92,0,0
3,4,933,225,12806,247,0,136
3,4,620,99,-12160,743,0,0
3,4,225,620,0,744,0,0
3,4,620,225,-32768,744,1,0
3,4,99,89,-3637,97,0,0
3,4,89,122,-16384,125,0,0
3,4,88,89,-16384,87,0,0
3,4,98,88,-6133,96,1,0
3,4,89,99,29130,97,1,0
3,4,99,620,20607,743,1,0
3,4,3,85,-32768,83,0,0
3,4,95,96,-16384,93,0,0
3,4,85,139,25188,147,0,0
3,4,139,933,12806,247,0,0
3,4,2,3,-24576,1,0,0
3,4,96,97,0,94,0,0
3,4,97,94,16384,95,0,0
3,4,122,2,-16384,126,0,0
3,4,95,94,0,92,1,0
3,4,96,95,16384,93,1,0
3,4,97,96,-32768,94,1,0
3,4,94,97,-16384,95,1,0
3,4,90,932,13722,88,0,0
3,4,139,934,24885,148,0,0
3,4,225,139,-19961,247,1,0
3,4,0,931,-3772,0,0,0
3,4,91,93,30212,90,0,0
3,4,118,119,0,120,0,0
3,4,119,0,0,121,0,0
3,4,132,118,0,137,0,0
3,4,935,132,0,144,0,64
3,4,87,46,16384,86,0,0
3,4,93,936,-19045,91,0,0
3,4,46,131,13028,136,0,0
3,4,131,935,0,144,0,0
3,4,224,87,-32768,246,0,0
3,4,134,133,-32768,140,0,0
3,4,133,135,16384,141,0,0
3,4,135,136,0,142,0,0
3,4,136,134,-16384,143,0,0
3,4,131,133,16384,138,0,0
3,4,134,132,-16384,139,0,0
3,4,133,134,0,140,1,0
3,4,132,131,-32768,144,1,0
3,4,43,86,16384,84,0,0
3,4,137,937,24576,145,0,0
3,4,138,137,-19847,146,0,0
3,4,86,138,0,245,0,0
3,4,176,226,16384,248,0,0
3,4,226,43,16384,249,0,0
3,4,86,87,16384,85,0,0
3,4,138,86,-32768,245,1,0
3,4,87,938,0,246,1,0
3,4,92,90,-2555,89,0,0
3,4,137,939,12920,146,1,0
3,4,934,125,24893,148,0,43
3,4,125,140,24576,149,0,0
3,4,140,137,24576,155,0,0
3,4,936,92,-19045,91,0,57
3,4,92,101,29130,100,0,0
3,4,101,224,13207,250,0,0
3,4,101,92,-3637,100,1,0
3,4,939,138,12920,146,1,9
3,4,938,224,0,246,1,144
3,4,224,101,-19560,250,1,0
3,4,22,940,15086,19,0,0
3,4,41,42,-32768,37,0,0
3,4,42,22,-32768,38,0,0
3,4,45,46,0,42,0,0
3,4,87,941,-16384,85,1,0
3,4,46,87,-16384,86,1,0
3,4,940,23,15086,19,0,64
3,4,23,39,0,35,0,0
3,4,39,40,0,36,0,0
3,4,40,45,-5753,41,0,0
3,4,43,44,-32768,39,0,0
3,4,44,41,27014,40,0,0
3,4,86,43,-16384,84,1,0
3,4,941,86,-16384,85,1,24
3,4,23,22,-17681,19,1,0
3,4,937,130,24576,145,0,67
3,4,130,176,8192,181,0,0
3,4,6,7,-32768,3,0,0
3,4,13,14,-8192,8,0,0
3,4,14,15,-16384,9,0,0
3,4,15,6,-24576,10,0,0
3,4,19,13,0,15,0,0
3,4,7,918,-32768,17,0,0
3,4,918,7,0,17,1,80
3,4,7,54,-16384,49,0,0
3,4,54,23,-16384,50,0,0
3,4,126,127,-24576,132,0,0
3,4,127,128,24576,133,0,0
3,4,128,129,8192,134,0,0
3,4,141,126,-8192,150,0,0
3,4,129,142,-8192,151,0,0
3,4,142,141,-8192,154,0,0
3,4,125,126,-24576,131,0,0
3,4,140,125,-8192,149,1,0
3,4,126,141,24576,150,1,0
3,4,141,140,8192,152,0,0
3,4,129,130,8192,135,0,0
3,4,130,137,-8192,145,1,0
3,4,142,129,24576,151,1,0
3,4,137,142,-24576,153,0,0
3,4,942,228,0,252,0,128
3,4,228,229,-16384,253,0,0
3,4,229,143,-32768,254,0,0
3,4,174,230,16384,255,0,0
3,4,143,174,16384,268,0,0
3,4,171,146,-16384,184,0,0
3,4,146,921,-32768,258,0,0
3,4,922,171,0,261,0,64
3,4,145,146,-32768,158,0,0
3,4,171,172,0,175,0,0
3,4,172,145,-16384,183,0,0
3,4,146,171,16384,184,1,0
3,4,143,144,-32768,156,0,0
3,4,173,174,0,177,0,0
3,4,144,173,16384,182,0,0
3,4,174,143,-16384,268,1,0
3,4,144,145,-32768,157,0,0
3,4,172,173,0,176,0,0
3,4,173,144,-16384,182,1,0
3,4,145,172,16384,183,1,0
3,4,227,942,0,252,0,0
3,4,230,924,-32768,256,0,0
3,4,147,148,-3742,159,0,0
3,4,148,925,-13343,160,0,0
3,4,920,147,2452,260,0,8
3,4,882,885,-16384,1061,0,0
3,4,878,881,16384,1062,0,0
3,4,882,883,0,1058,0,0
3,4,883,884,-16384,1059,0,0
3,4,884,885,-32768,1060,0,0
3,4,885,882,16384,1061,1,0
3,4,886,878,27931,1067,0,0
3,4,885,886,-27931,1068,0,0
3,4,885,943,-16384,1066,0,0
3,4,886,885,4836,1068,1,0
3,4,944,878,16384,1065,0,224
3,4,943,945,-16384,1066,0,48
3,4,878,886,-4836,1067,1,0
3,4,876,877,0,1051,0,0
3,4,881,876,8192,1063,0,0
3,4,877,882,-8192,1064,0,0
3,4,869,870,0,1035,0,0
3,4,877,869,0,1052,0,0
3,4,870,882,-16384,1057,0,0
3,4,882,877,24576,1064,1,0
3,4,853,854,0,1021,0,0
3,4,854,876,0,1050,0,0
3,4,881,853,16384,1056,0,0
3,4,876,881,-24576,1063,1,0
3,4,674,675,16384,800,0,0
3,4,946,688,0,817,0,384
3,4,688,947,-16384,818,0,0
3,4,694,695,-32768,823,0,0
3,4,675,672,-32768,801,0,0
3,4,948,946,0,817,0,256
3,4,669,671,16384,797,0,0
3,4,672,673,-16384,798,0,0
3,4,878,879,-32768,1053,0,0
3,4,879,880,16384,1054,0,0
3,4,880,881,0,1055,0,0
3,4,881,878,-16384,1062,1,0
3,4,866,857,-32768,1038,0,0
3,4,860,863,0,1039,0,0
3,4,860,861,16384,1027,0,0
3,4,861,862,0,1028,0,0
3,4,862,863,-16384,1029,0,0
3,4,863,860,-32768,1039,1,0
3,4,863,864,0,1030,0,0
3,4,865,866,-32768,1031,0,0
3,4,864,874,-16384,1047,0,0
3,4,874,875,-16384,1048,0,0
3,4,875,865,-16384,1049,0,0
3,4,857,858,-32768,1025,0,0
3,4,859,860,0,1026,0,0
3,4,858,872,16384,1044,0,0
3,4,872,873,16384,1045,0,0
3,4,873,859,16384,1046,0,0
3,4,854,855,16384,1022,0,0
3,4,868,869,-16384,1034,0,0
3,4,855,868,0,1036,0,0
3,4,876,854,-32768,1050,1,0
3,4,877,876,-32768,1051,1,0
3,4,869,877,-32768,1052,1,0
3,4,856,857,16384,1024,0,0
3,4,866,867,-16384,1032,0,0
3,4,867,856,-32768,1037,0,0
3,4,857,866,0,1038,1,0
3,4,855,856,16384,1023,0,0
3,4,867,868,-16384,1033,0,0
3,4,868,855,-32768,1036,1,0
3,4,856,867,0,1037,1,0
3,4,624,625,-16384,747,0,0
3,4,648,647,0,769,0,0
3,4,647,723,-16384,865,0,0
3,4,723,621,-16384,866,0,0
3,4,949,724,16384,867,0,264
3,4,724,648,16384,868,0,0
3,4,849,850,-32768,1018,0,0
3,4,851,852,0,1020,0,0
3,4,850,871,16384,1042,0,0
3,4,950,849,-16384,1066,0,320
3,4,625,626,0,748,0,0
3,4,626,951,-8192,749,0,0
3,4,621,622,0,745,0,0
3,4,623,624,-32768,746,0,0
3,4,651,652,-8192,773,0,0
3,4,653,654,-24576,774,0,0
3,4,654,623,-24576,775,0,0
3,4,657,653,-24576,779,0,0
3,4,652,657,-8192,780,0,0
3,4,622,651,-8192,784,0,0
3,4,654,653,8192,774,1,0
3,4,655,654,24576,776,0,0
3,4,656,655,-24576,777,0,0
3,4,653,656,-8192,778,0,0
3,4,652,651,24576,773,1,0
3,4,658,652,-24576,781,0,0
3,4,659,658,-8192,782,0,0
3,4,651,659,8192,783,0,0
3,4,698,669,16384,828,0,0
3,4,673,699,-16384,829,0,0
3,4,699,698,-32768,833,0,0
3,4,695,696,-16384,824,0,0
3,4,700,674,16384,832,0,0
3,4,696,700,-32768,840,0,0
3,4,673,674,0,799,0,0
3,4,699,673,16384,829,1,0
3,4,674,700,-16384,832,1,0
3,4,700,699,-32768,834,0,0
3,4,646,647,-32768,768,0,0
3,4,647,648,-32768,769,1,0
3,4,664,665,0,792,0,0
3,4,952,701,-16384,837,1,24
3,4,701,726,-16384,871,0,0
3,4,726,646,-16384,872,0,0
3,4,667,698,16384,827,0,0
3,4,699,664,-16384,830,0,0
3,4,698,699,0,833,1,0
3,4,665,700,16384,831,0,0
3,4,696,952,-16384,837,1,0
3,4,700,696,0,840,1,0
3,4,665,664,-32768,792,1,0
3,4,664,699,16384,830,1,0
3,4,700,665,-16384,831,1,0
3,4,699,700,0,834,1,0
3,4,693,694,16384,822,0,0
3,4,696,693,0,836,0,0
3,4,701,696,16384,837,0,0
3,4,722,725,-32768,869,0,0
3,4,725,701,-32768,870,0,0
3,4,719,720,-16384,863,0,0
3,4,721,722,16384,864,0,0
3,4,720,721,-32768,1040,0,0
3,4,847,721,16384,1015,0,0
3,4,720,848,-16384,1016,0,0
3,4,721,720,0,1040,1,0
3,4,848,847,-32768,1041,0,0
3,4,845,846,0,1013,0,0
3,4,846,851,-16384,1019,0,0
3,4,871,845,16384,1043,0,0
3,4,846,845,-32768,1013,1,0
3,4,845,847,16384,1014,0,0
3,4,848,846,-16384,1017,0,0
3,4,847,848,0,1041,1,0
3,4,947,689,-16384,818,0,160
3,4,689,719,-32768,862,0,0
3,4,852,944,16384,1065,0,0
3,4,945,950,-16384,1066,0,96
3,4,510,511,16384,582,0,0
3,4,564,510,-32768,655,0,0
3,4,573,564,-16384,668,0,0
3,4,507,508,0,580,0,0
3,4,511,512,-32768,583,0,0
3,4,512,507,16384,599,0,0
3,4,508,509,16384,581,0,0
3,4,509,542,0,627,0,0
3,4,543,544,0,628,0,0
3,4,544,566,-16384,667,0,0
3,4,538,539,0,625,0,0
3,4,542,538,16384,629,0,0
3,4,539,543,-16384,634,0,0
3,4,545,558,-32768,648,0,0
3,4,558,953,16384,649,0,0
3,4,954,561,-16384,651,0,16
3,4,561,546,-32768,652,0,0
3,4,540,541,-32768,626,0,0
3,4,541,545,16384,631,0,0
3,4,546,540,-16384,632,0,0
3,4,539,538,-32768,625,1,0
3,4,541,540,0,626,1,0
3,4,538,541,16384,630,0,0
3,4,540,539,-16384,633,0,0
3,4,459,460,-16384,523,0,0
3,4,470,471,0,534,0,0
3,4,471,459,0,535,0,0
3,4,483,470,16384,554,0,0
3,4,460,485,-32768,557,0,0
3,4,485,483,24576,558,0,0
3,4,483,485,-8192,558,1,0
3,4,461,462,-16384,524,0,0
3,4,462,463,-32768,525,0,0
3,4,485,460,0,557,1,0
3,4,463,464,-16384,526,0,0
3,4,955,458,16384,522,0,256
3,4,458,470,0,533,0,0
3,4,470,483,-16384,554,1,0
3,4,460,506,0,578,0,0
3,4,513,461,-32768,585,0,0
3,4,506,513,-16384,596,0,0
3,4,506,507,0,579,0,0
3,4,512,513,-32768,584,0,0
3,4,513,506,16384,596,1,0
3,4,507,512,-16384,599,1,0
3,4,569,574,16384,665,0,0
3,4,575,570,16384,666,0,0
3,4,574,576,0,669,0,0
3,4,576,577,-16384,670,0,0
3,4,577,575,-32768,671,0,0
3,4,568,569,0,659,0,0
3,4,570,571,-32768,660,0,0
3,4,571,568,16384,664,0,0
3,4,566,567,0,657,0,0
3,4,572,573,-32768,662,0,0
3,4,567,572,-16384,663,0,0
3,4,567,568,0,658,0,0
3,4,571,572,-32768,661,0,0
3,4,572,567,16384,663,1,0
3,4,568,571,-16384,664,1,0
3,4,708,709,0,848,0,0
3,4,709,710,-16384,849,0,0
3,4,710,956,-32768,850,0,0
3,4,717,715,16384,856,0,0
3,4,957,712,16384,851,0,72
3,4,712,713,0,852,0,0
3,4,715,716,-32768,855,0,0
3,4,713,708,0,860,0,0
3,4,956,711,-32768,850,0,16
3,4,711,958,16384,851,0,0
3,4,718,717,0,857,0,0
3,4,958,957,16384,851,0,64
3,4,716,718,-16384,858,0,0
3,4,716,715,0,855,1,0
3,4,715,717,-16384,856,1,0
3,4,717,718,-32768,857,1,0
3,4,718,716,16384,858,1,0
3,4,707,708,-16384,847,0,0
3,4,713,714,16384,853,0,0
3,4,714,707,0,854,0,0
3,4,708,713,-32768,860,1,0
3,4,668,697,-16384,825,0,0
3,4,697,676,-32768,838,0,0
3,4,676,691,16384,839,0,0
3,4,668,669,0,794,0,0
3,4,697,668,16384,825,1,0
3,4,669,698,-16384,828,1,0
3,4,698,697,-32768,835,0,0
3,4,671,670,-32768,796,0,0
3,4,959,948,0,817,0,128
3,4,670,668,-16384,795,0,0
3,4,666,667,0,793,0,0
3,4,677,960,16384,802,1,0
3,4,702,703,-32768,841,0,0
3,4,648,704,-32768,842,0,0
3,4,704,702,-32768,859,0,0
3,4,703,727,16384,873,0,0
3,4,727,677,16384,874,0,0
3,4,960,676,16384,802,1,40
3,4,697,666,-16384,826,0,0
3,4,676,697,0,838,1,0
3,4,667,666,-32768,793,1,0
3,4,666,697,16384,826,1,0
3,4,698,667,-16384,827,1,0
3,4,697,698,0,835,1,0
3,4,704,705,-16384,843,0,0
3,4,705,706,-32768,844,0,0
3,4,706,702,16384,845,0,0
3,4,702,704,0,859,1,0
3,4,706,705,0,844,1,0
3,4,705,707,-16384,846,0,0
3,4,707,714,-32768,854,1,0
3,4,714,706,16384,861,0,0
3,4,961,560,0,650,0,80
3,4,560,954,-16384,651,0,0
3,4,682,681,-16384,807,0,0
3,4,681,686,-32768,815,0,0
3,4,686,962,16384,816,0,0
3,4,690,682,0,819,0,0
3,4,680,681,-32768,806,0,0
3,4,681,682,16384,807,1,0
3,4,683,680,-16384,808,0,0
3,4,682,683,0,811,0,0
3,4,679,680,-32768,805,0,0
3,4,680,683,16384,808,1,0
3,4,684,679,-16384,809,0,0
3,4,683,684,0,812,0,0
3,4,678,679,-32768,804,0,0
3,4,679,684,16384,809,1,0
3,4,685,678,-16384,810,0,0
3,4,684,685,0,813,0,0
3,4,676,677,-16384,802,0,0
3,4,677,678,-32768,803,0,0
3,4,678,685,16384,810,1,0
3,4,685,676,0,814,0,0
3,4,963,687,16384,816,0,96
3,4,687,959,0,817,0,0
3,4,691,692,-32768,820,0,0
3,4,962,963,16384,816,0,64
3,4,692,690,-16384,821,0,0
3,4,114,115,-8192,114,0,0
3,4,116,117,-24576,115,0,0
3,4,113,112,16384,117,0,0
3,4,112,114,8192,118,0,0
3,4,117,113,24576,119,0,0
3,4,115,888,-8192,1072,0,0
3,4,888,116,-8192,1073,0,0
3,4,953,559,16384,649,0,152
3,4,559,961,0,650,0,0
3,4,108,112,0,112,0,0
3,4,113,109,-32768,113,0,0
3,4,109,108,16384,116,1,0
3,4,112,113,-16384,117,1,0
3,4,890,889,24576,1076,0,0
3,4,964,895,-16384,1079,0,64
3,4,895,890,-32768,1080,0,0
3,4,889,891,16384,1082,0,0
3,4,891,896,0,1083,0,0
3,4,894,964,-16384,1079,0,0
3,4,893,894,0,1081,0,0
3,4,896,893,16384,1084,0,0
3,4,891,892,16384,1077,0,0
3,4,892,893,0,1078,0,0
3,4,896,891,-32768,1083,1,0
3,4,893,896,-16384,1084,1,0
3,4,888,115,24576,1072,1,0
3,4,115,889,8192,1074,0,0
3,4,890,888,-24576,1075,0,0
3,4,889,890,-8192,1076,1,0
3,4,965,904,-32768,1092,0,200
3,4,906,966,0,1094,0,0
3,4,182,181,-16384,187,1,0
3,4,904,965,0,1092,1,0
3,4,966,906,-32768,1094,1,200
3,4,906,904,16384,1095,1,0
3,4,165,166,22517,171,0,0
3,4,166,167,16384,172,0,0
3,4,902,899,-16384,1091,0,0
3,4,167,919,5938,1098,0,0
3,4,167,911,12718,179,0,0
3,4,919,167,-26829,1098,1,118
3,4,900,901,16384,1089,0,0
3,4,904,906,-16384,1095,0,0
3,4,899,900,0,1088,0,0
3,4,901,902,-32768,1090,0,0
3,4,177,178,16384,185,0,0
3,4,178,221,6133,242,0,0
3,4,222,223,-26634,243,0,0
3,4,223,177,26634,244,0,0
3,4,221,887,-6133,1070,0,0
3,4,887,222,-16384,1071,0,0
3,4,177,223,-6133,244,1,0
3,4,967,968,-32768,1088,1,92
3,4,223,222,6133,243,1,0
3,4,969,967,-32768,1088,1,8
3,4,222,887,16384,1071,1,0
3,4,900,969,-32768,1088,1,0
3,4,970,900,-16384,1089,1,61
3,4,887,221,26634,1070,1,0
3,4,901,970,-16384,1089,1,0
3,4,971,901,0,1090,1,92
3,4,221,178,-26634,242,1,0
3,4,972,971,0,1090,1,8
3,4,178,177,-16384,185,1,0
3,4,968,899,-32768,1088,1,152
3,4,902,972,0,1090,1,0
3,4,899,902,16384,1091,1,0
3,4,152,203,-32768,217,0,0
3,4,203,204,-32768,218,0,0
3,4,204,153,-32768,219,0,0
3,4,153,237,29990,1097,0,0
3,4,236,237,0,265,0,0
3,4,237,153,-2777,1097,1,0
3,4,163,164,2555,169,0,0
3,4,238,163,20021,267,0,0
3,4,237,238,15344,266,0,0
3,4,164,165,18106,170,0,0
3,4,161,162,-2555,168,0,0
3,4,205,161,16384,220,0,0
3,4,162,236,-16384,264,0,0
3,4,973,205,16384,1096,0,96
3,4,795,796,0,940,0,0
3,4,820,821,-32768,980,0,0
3,4,792,793,16384,938,0,0
3,4,798,799,-16384,942,0,0
3,4,799,792,-32768,963,0,0
3,4,821,820,0,980,1,0
3,4,790,801,0,969,0,0
3,4,790,791,16384,936,0,0
3,4,800,801,-16384,944,0,0
3,4,791,800,0,962,0,0
3,4,801,790,-32768,969,1,0
3,4,791,792,16384,937,0,0
3,4,799,800,-16384,943,0,0
3,4,800,791,-32768,962,1,0
3,4,792,799,0,963,1,0
3,4,803,974,0,946,0,0
3,4,802,803,16384,976,0,0
3,4,797,798,-24576,941,0,0
3,4,801,802,0,945,0,0
3,4,975,152,28799,162,0,60
3,4,819,820,-25730,979,0,0
3,4,796,824,0,984,0,0
3,4,824,819,-6711,1007,0,0
3,4,820,819,7037,979,1,0
3,4,819,844,-16384,1010,0,0
3,4,844,797,-16384,1011,0,0
3,4,767,768,-32768,914,0,0
3,4,771,772,-32768,918,0,0
3,4,781,782,0,927,0,0
3,4,785,786,0,931,0,0
3,4,786,767,-16384,961,0,0
3,4,772,781,16384,965,0,0
3,4,765,766,-32768,912,0,0
3,4,787,788,0,933,0,0
3,4,766,787,16384,966,0,0
3,4,766,767,-32768,913,0,0
3,4,786,787,0,932,0,0
3,4,767,786,16384,961,1,0
3,4,787,766,-16384,966,1,0
3,4,782,783,16384,928,0,0
3,4,783,784,0,929,0,0
3,4,784,785,-16384,930,0,0
3,4,788,789,16384,934,0,0
3,4,789,790,0,935,0,0
3,4,153,154,-24189,163,0,0
3,4,154,155,31613,164,0,0
3,4,155,973,16384,1096,0,0
3,4,821,822,25730,981,0,0
3,4,822,823,6711,982,0,0
3,4,823,795,0,983,0,0
3,4,793,794,24576,939,0,0
3,4,822,821,-7037,981,1,0
3,4,794,843,16384,1008,0,0
3,4,843,822,16384,1009,0,0
3,4,256,257,16384,287,0,0
3,4,976,260,0,289,0,448
3,4,260,261,-16384,293,0,0
3,4,267,280,-32768,314,0,0
3,4,262,977,-19286,294,0,0
3,4,261,262,-16384,295,0,0
3,4,264,265,16384,297,0,0
3,4,265,266,16384,298,0,0
3,4,266,267,16384,299,0,0
3,4,266,265,-16384,298,1,0
3,4,265,268,-32768,300,0,0
3,4,268,269,16384,301,0,0
3,4,269,266,0,302,0,0
3,4,281,264,0,316,0,0
3,4,978,255,16384,286,0,32
3,4,280,281,-16384,315,0,0
3,4,255,282,-32768,317,0,0
3,4,282,979,-16384,318,0,0
3,4,311,312,16384,352,0,0
3,4,980,981,16384,333,0,672
3,4,313,982,-16384,354,0,0
3,4,306,303,0,345,0,0
3,4,312,313,-32768,353,0,0
3,4,257,258,-32768,288,0,0
3,4,983,976,0,289,0,256
3,4,258,279,-16384,313,0,0
3,4,303,304,16384,343,0,0
3,4,279,256,0,312,0,0
3,4,259,983,0,289,0,0
3,4,984,259,16384,333,0,1040
3,4,304,305,-32768,344,0,0
3,4,981,984,16384,333,0,976
3,4,305,306,-16384,346,0,0
3,4,158,985,0,166,0,0
3,4,208,158,12900,274,0,0
3,4,206,250,-19614,282,0,0
3,4,350,244,24576,399,0,0
3,4,245,350,8192,398,0,0
3,4,245,244,16384,277,0,0
3,4,350,245,-24576,398,1,0
3,4,244,350,-8192,399,1,0
3,4,207,208,1933,223,0,0
3,4,239,207,16384,269,0,0
3,4,244,239,30834,275,0,0
3,4,207,239,-16384,269,1,0
3,4,261,207,0,290,0,0
3,4,239,262,-32768,291,0,0
3,4,262,261,16384,295,1,0
3,4,156,986,26056,165,0,0
3,4,159,160,-11547,167,0,0
3,4,160,156,-16384,221,0,0
3,4,986,159,9784,1087,0,6
3,4,898,986,9784,1087,0,0
3,4,986,157,26056,165,0,155
3,4,985,159,0,166,0,219
3,4,157,351,24576,400,0,0
3,4,159,987,-22983,1087,1,0
3,4,351,206,-24576,401,0,0
3,4,157,206,-32768,222,0,0
3,4,351,157,-8192,400,1,0
3,4,206,351,8192,401,1,0
3,4,987,898,-22983,1087,1,143
3,4,209,210,-32768,224,0,0
3,4,210,213,16384,230,0,0
3,4,213,214,0,231,0,0
3,4,214,209,-16384,232,0,0
3,4,156,160,16384,221,1,0
3,4,160,210,0,226,0,0
3,4,211,156,-32768,227,0,0
3,4,210,211,-16384,1069,0,0
3,4,161,205,-16384,220,1,0
3,4,210,209,0,224,1,0
3,4,212,211,-32768,225,1,0
3,4,209,161,0,228,0,0
3,4,205,212,-32768,229,0,0
3,4,211,210,16384,1069,1,0
3,4,833,834,16384,996,0,0
3,4,779,774,-16384,1001,0,0
3,4,835,836,16384,995,0,0
3,4,834,833,-16384,996,1,0
3,4,836,837,0,997,0,0
3,4,837,834,0,998,0,0
3,4,833,838,-32768,999,0,0
3,4,838,835,-32768,1000,0,0
3,4,211,212,0,225,0,0
3,4,212,215,-16384,233,0,0
3,4,215,216,-32768,234,0,0
3,4,216,211,16384,235,0,0
3,4,777,778,0,923,0,0
3,4,778,779,-16384,924,0,0
3,4,834,777,16384,994,0,0
3,4,773,774,-32768,920,0,0
3,4,779,780,0,925,0,0
3,4,780,773,-16384,964,0,0
3,4,774,779,16384,1001,1,0
3,4,772,773,-32768,919,0,0
3,4,780,781,0,926,0,0
3,4,773,780,16384,964,1,0
3,4,781,772,-16384,965,1,0
3,4,516,517,16384,589,0,0
3,4,518,519,16384,590,0,0
3,4,547,554,-32768,641,0,0
3,4,554,557,-32768,646,0,0
3,4,557,518,-32768,647,0,0
3,4,517,988,0,656,0,0
3,4,547,548,-16384,635,0,0
3,4,553,554,16384,640,0,0
3,4,554,547,0,641,1,0
3,4,548,553,-32768,642,0,0
3,4,549,550,-16384,637,0,0
3,4,551,552,16384,638,0,0
3,4,552,549,0,643,0,0
3,4,550,562,-16384,653,0,0
3,4,563,551,16384,654,0,0
3,4,645,563,-32768,767,0,0
3,4,548,549,-16384,636,0,0
3,4,552,553,16384,639,0,0
3,4,553,548,0,642,1,0
3,4,549,552,-32768,643,1,0
3,4,435,436,-16384,504,0,0
3,4,436,989,-32768,505,0,0
3,4,457,955,16384,522,0,0
3,4,464,465,0,527,0,0
3,4,465,466,-16384,528,0,0
3,4,467,468,-16384,529,0,0
3,4,468,435,-32768,530,0,0
3,4,466,514,0,586,0,0
3,4,521,467,-32768,593,0,0
3,4,514,521,-16384,597,0,0
3,4,515,516,0,588,0,0
3,4,519,520,-32768,591,0,0
3,4,520,515,16384,598,0,0
3,4,514,515,0,587,0,0
3,4,520,521,-32768,592,0,0
3,4,521,514,16384,597,1,0
3,4,515,520,-16384,598,1,0
3,4,562,990,0,742,0,0
3,4,641,642,-32768,763,0,0
3,4,638,639,-16384,760,0,0
3,4,639,640,-32768,761,0,0
3,4,640,641,16384,762,0,0
3,4,642,643,-16384,764,0,0
3,4,643,644,-32768,765,0,0
3,4,644,645,16384,766,0,0
3,4,634,635,-16384,756,0,0
3,4,635,636,-32768,757,0,0
3,4,636,637,16384,758,0,0
3,4,991,634,0,785,0,32
3,4,990,619,0,742,0,192
3,4,637,638,-32768,759,0,0
3,4,619,991,0,785,0,0
3,4,661,660,0,788,0,0
3,4,660,662,-16384,789,0,0
3,4,662,663,-32768,790,0,0
3,4,663,661,16384,791,0,0
3,4,636,635,0,757,1,0
3,4,635,660,-16384,786,0,0
3,4,661,636,16384,787,0,0
3,4,660,661,-32768,788,1,0
3,4,581,586,16384,680,0,0
3,4,587,582,16384,681,0,0
3,4,586,588,0,682,0,0
3,4,588,589,-16384,683,0,0
3,4,589,587,-32768,684,0,0
3,4,629,630,-16384,752,0,0
3,4,633,649,-16384,770,0,0
3,4,649,634,-16384,771,0,0
3,4,619,650,16384,772,0,0
3,4,634,619,-32768,785,1,0
3,4,650,949,16384,867,0,0
3,4,951,627,-8192,749,0,45
3,4,627,628,-24576,750,0,0
3,4,628,629,-32768,751,0,0
3,4,630,631,0,753,0,0
3,4,631,632,-16384,754,0,0
3,4,632,633,-32768,755,0,0
3,4,578,579,0,672,0,0
3,4,584,585,-32768,677,0,0
3,4,579,584,-16384,678,0,0
3,4,988,565,0,656,0,104
3,4,565,578,-16384,685,0,0
3,4,555,556,-32768,644,0,0
3,4,556,547,-32768,645,0,0
3,4,585,555,-16384,686,0,0
3,4,580,581,0,674,0,0
3,4,582,583,-32768,675,0,0
3,4,583,580,16384,679,0,0
3,4,579,580,0,673,0,0
3,4,583,584,-32768,676,0,0
3,4,584,579,16384,678,1,0
3,4,580,583,-16384,679,1,0
3,4,926,149,-13343,160,0,66
3,4,149,992,-21112,178,0,0
3,4,905,903,16384,1093,0,0
3,4,903,965,-32768,1092,0,0
3,4,966,905,0,1094,0,8
3,4,179,180,-32768,186,0,0
3,4,181,182,16384,187,0,0
3,4,182,217,8192,236,0,0
3,4,217,218,0,237,0,0
3,4,218,219,-8192,238,0,0
3,4,219,220,-16384,239,0,0
3,4,220,179,-24576,240,0,0
3,4,180,181,24576,241,0,0
3,4,179,220,8192,240,1,0
3,4,219,218,24576,238,1,0
3,4,217,182,-24576,236,1,0
3,4,220,219,16384,239,1,0
3,4,993,994,-16384,1093,1,8
3,4,218,217,-32768,237,1,0
3,4,965,903,0,1092,1,8
3,4,903,993,-16384,1093,1,0
3,4,181,180,-8192,241,1,0
3,4,180,179,0,186,1,0
3,4,994,905,-16384,1093,1,200
3,4,905,966,-32768,1094,1,0
3,4,989,426,-32768,505,0,128
3,4,441,442,0,509,0,0
3,4,995,457,0,521,0,160
3,4,443,479,-32768,548,0,0
3,4,442,443,16384,510,0,0
3,4,479,441,-16384,552,0,0
3,4,489,488,16384,562,0,0
3,4,490,489,-32768,563,0,0
3,4,491,490,-16384,564,0,0
3,4,492,493,16384,565,0,0
3,4,493,534,0,617,0,0
3,4,536,491,0,620,0,0
3,4,534,536,0,623,0,0
3,4,488,487,-32768,561,0,0
3,4,494,492,0,566,0,0
3,4,487,494,16384,600,0,0
3,4,534,535,16384,618,0,0
3,4,537,536,-16384,622,0,0
3,4,536,534,-32768,623,1,0
3,4,535,537,0,624,1,0
3,4,996,927,16384,507,0,336
3,4,449,450,-16384,515,0,0
3,4,450,451,0,516,0,0
3,4,451,452,-16384,517,0,0
3,4,486,453,-32768,559,0,0
3,4,452,495,0,568,0,0
3,4,495,486,-16384,595,0,0
3,4,487,486,-32768,560,0,0
3,4,495,494,0,567,0,0
3,4,486,495,16384,595,1,0
3,4,494,487,-16384,600,1,0
3,4,997,996,16384,507,0,160
3,4,455,456,-16384,520,0,0
3,4,453,454,-16384,518,0,0
3,4,454,455,-32768,519,0,0
3,4,456,995,0,521,0,0
3,4,480,481,-32768,549,0,0
3,4,440,480,16384,551,0,0
3,4,425,437,-32768,506,0,0
3,4,437,998,16384,507,0,0
3,4,439,440,0,508,0,0
3,4,998,997,16384,507,0,96
3,4,481,439,-16384,550,0,0
3,4,748,749,-32768,896,0,0
3,4,805,806,0,948,0,0
3,4,806,748,-16384,959,0,0
3,4,749,999,-16384,897,0,0
3,4,150,151,-27478,161,0,0
3,4,151,975,28799,162,0,0
3,4,974,804,0,946,0,64
3,4,804,805,-16384,947,0,0
3,4,1000,425,16384,493,0,112
3,4,426,427,-16384,494,0,0
3,4,992,150,-21112,178,0,284
3,4,744,745,-32768,892,0,0
3,4,745,746,16384,893,0,0
3,4,811,812,-32768,952,0,0
3,4,1001,811,-16384,975,0,336
3,4,825,826,0,985,0,0
3,4,809,1002,0,951,0,0
3,4,808,809,16384,974,0,0
3,4,830,831,-16384,990,0,0
3,4,831,832,-32768,991,0,0
3,4,832,825,-16384,992,0,0
3,4,1003,1001,-16384,975,0,192
3,4,826,827,16384,986,0,0
3,4,827,828,0,987,0,0
3,4,1004,810,0,951,0,296
3,4,810,1003,-16384,975,0,0
3,4,828,829,16384,988,0,0
3,4,1002,1004,0,951,0,152
3,4,829,830,-32768,989,0,0
3,4,746,747,-32768,894,0,0
3,4,807,808,0,950,0,0
3,4,747,807,16384,960,0,0
3,4,747,748,-32768,895,0,0
3,4,806,807,0,949,0,0
3,4,748,806,16384,959,1,0
3,4,807,747,-16384,960,1,0
3,4,741,742,16384,889,0,0
3,4,814,815,-16384,955,0,0
3,4,742,814,0,957,0,0
3,4,743,744,16384,891,0,0
3,4,812,813,-16384,953,0,0
3,4,813,743,-32768,958,0,0
3,4,742,743,16384,890,0,0
3,4,813,814,-16384,954,0,0
3,4,814,742,-32768,957,1,0
3,4,743,813,0,958,1,0
3,4,415,416,0,484,0,0
3,4,421,422,0,490,0,0
3,4,423,428,-32768,495,0,0
3,4,428,421,16384,503,0,0
3,4,416,423,-16384,703,0,0
3,4,403,404,-16384,471,0,0
3,4,423,403,-16384,492,0,0
3,4,428,423,0,495,1,0
3,4,599,597,16384,698,0,0
3,4,404,599,-32768,699,0,0
3,4,597,593,16384,700,0,0
3,4,593,428,16384,702,0,0
3,4,592,593,0,690,0,0
3,4,597,596,-32768,693,0,0
3,4,596,592,16384,695,0,0
3,4,593,597,-16384,700,1,0
3,4,419,420,-16384,488,0,0
3,4,420,403,-32768,489,0,0
3,4,423,419,0,491,0,0
3,4,403,423,16384,492,1,0
3,4,416,417,0,485,0,0
3,4,417,418,-16384,486,0,0
3,4,418,419,-16384,487,0,0
3,4,419,423,-32768,491,1,0
3,4,423,416,16384,703,1,0
3,4,430,429,16384,498,0,0
3,4,429,431,16384,499,0,0
3,4,431,432,0,500,0,0
3,4,433,434,-32768,501,0,0
3,4,434,430,16384,502,0,0
3,4,432,433,-16384,687,0,0
3,4,419,418,16384,487,1,0
3,4,418,429,0,496,0,0
3,4,430,419,-32768,497,0,0
3,4,429,430,-16384,498,1,0
3,4,408,409,16384,475,0,0
3,4,413,408,-32768,483,0,0
3,4,409,1005,0,542,0,0
3,4,478,413,-24576,546,0,0
3,4,1006,473,-16384,537,0,176
3,4,473,414,-32768,538,0,0
3,4,1005,474,0,542,0,224
3,4,414,478,24576,547,0,0
3,4,414,413,-32768,479,0,0
3,4,413,478,8192,546,1,0
3,4,478,414,-8192,547,1,0
3,4,424,1000,16384,493,0,0
3,4,476,424,-32768,541,0,0
3,4,427,476,-16384,543,0,0
3,4,427,472,0,536,0,0
3,4,472,1007,-16384,537,0,0
3,4,475,476,-32768,540,0,0
3,4,476,427,16384,543,1,0
3,4,1007,1006,-16384,537,0,112
3,4,474,477,8192,544,0,0
3,4,477,475,24576,545,0,0
3,4,474,475,16384,539,0,0
3,4,477,474,-24576,544,1,0
3,4,475,477,-8192,545,1,0
3,4,406,407,16384,473,0,0
3,4,412,410,-16384,477,0,0
3,4,410,406,-32768,481,0,0
3,4,407,412,0,482,0,0
3,4,407,408,16384,474,0,0
3,4,413,412,-16384,478,0,0
3,4,412,407,-32768,482,1,0
3,4,408,413,0,483,1,0
3,4,405,411,0,480,0,0
3,4,422,405,16384,704,0,0
3,4,411,415,-16384,705,0,0
3,4,405,406,16384,472,0,0
3,4,410,411,-16384,476,0,0
3,4,411,405,-32768,480,1,0
3,4,406,410,0,481,1,0
3,4,737,738,-32768,885,0,0
3,4,815,816,0,956,0,0
3,4,817,818,16384,971,0,0
3,4,816,737,-16384,973,0,0
3,4,377,382,16384,437,0,0
3,4,382,383,0,438,0,0
3,4,383,384,-16384,439,0,0
3,4,385,386,-32768,440,0,0
3,4,386,378,16384,441,0,0
3,4,378,377,16384,446,0,0
3,4,384,897,-16384,1085,0,0
3,4,897,385,-16384,1086,0,0
3,4,734,735,-32768,883,0,0
3,4,735,736,16384,884,0,0
3,4,736,817,0,970,0,0
3,4,381,379,16384,436,0,0
3,4,380,387,16384,442,0,0
3,4,388,389,-16384,443,0,0
3,4,389,381,-32768,444,0,0
3,4,379,380,16384,445,0,0
3,4,402,388,-8192,468,0,0
3,4,739,740,16384,887,0,0
3,4,740,741,0,888,0,0
3,4,818,739,-32768,972,0,0
3,4,365,364,16384,414,1,0
3,4,364,369,0,420,0,0
3,4,369,370,-16384,421,0,0
3,4,370,365,-32768,422,0,0
3,4,371,372,16384,425,0,0
3,4,379,371,-32768,434,0,0
3,4,372,380,0,435,0,0
3,4,380,379,-16384,445,1,0
3,4,370,369,16384,421,1,0
3,4,371,370,-32768,423,0,0
3,4,369,372,0,424,0,0
3,4,372,371,-16384,425,1,0
3,4,387,1008,24576,463,0,0
3,4,1009,402,8192,469,0,22
3,4,1010,401,-7246,466,0,10
3,4,401,1011,-24576,470,0,0
3,4,401,402,-8192,467,0,0
3,4,402,1009,-24576,469,1,0
3,4,1011,401,8192,470,1,45
3,4,367,366,16384,416,1,0
3,4,366,373,0,426,0,0
3,4,373,374,-16384,427,0,0
3,4,374,367,-32768,428,0,0
3,4,326,393,-8192,449,0,0
3,4,393,394,-16384,450,0,0
3,4,376,375,16384,431,0,0
3,4,375,377,0,432,0,0
3,4,378,376,-32768,433,0,0
3,4,377,378,-16384,446,1,0
3,4,374,373,16384,427,1,0
3,4,373,375,0,429,0,0
3,4,376,374,-32768,430,0,0
3,4,375,376,-16384,431,1,0
3,4,361,360,-32768,410,0,0
3,4,360,359,16384,461,0,0
3,4,595,361,-16384,696,0,0
3,4,598,590,-16384,697,0,0
3,4,590,595,-16384,701,0,0
3,4,359,728,0,875,0,0
3,4,731,598,0,879,0,0
3,4,590,591,0,688,0,0
3,4,594,595,-32768,691,0,0
3,4,591,594,-16384,694,0,0
3,4,595,590,16384,701,1,0
3,4,591,592,0,689,0,0
3,4,596,594,-32768,692,0,0
3,4,594,591,16384,694,1,0
3,4,592,596,-16384,695,1,0
3,4,728,729,16384,876,0,0
3,4,729,730,0,877,0,0
3,4,730,731,-16384,878,0,0
3,4,733,732,-32768,881,0,0
3,4,732,734,16384,882,0,0
3,4,738,733,-16384,886,0,0
3,4,730,729,-32768,877,1,0
3,4,729,732,16384,880,0,0
3,4,732,733,0,881,1,0
3,4,733,730,-16384,978,0,0
3,4,353,354,0,404,0,0
3,4,355,356,-32768,405,0,0
3,4,356,353,16384,458,1,0
3,4,354,355,-16384,459,0,0
3,4,394,363,-24576,451,0,0
3,4,362,396,-8192,454,0,0
3,4,396,397,-16384,455,0,0
3,4,397,327,-24576,456,0,0
3,4,358,359,0,408,0,0
3,4,360,357,-32768,409,0,0
3,4,357,358,16384,460,0,0
3,4,359,360,-16384,461,1,0
3,4,357,355,-32768,406,0,0
3,4,354,358,0,407,0,0
3,4,355,354,16384,459,1,0
3,4,358,357,-16384,460,1,0
3,4,325,1012,0,367,0,0
3,4,1013,328,-32768,368,0,80
3,4,356,362,-16384,411,0,0
3,4,363,353,-16384,412,0,0
3,4,395,363,-8192,452,0,0
3,4,353,356,-16384,458,0,0
3,4,362,398,-24576,462,0,0
3,4,327,1013,-32768,368,0,0
3,4,398,327,-8192,457,0,0
3,4,327,398,24576,457,1,0
3,4,398,362,8192,462,1,0
3,4,1012,326,0,367,0,752
3,4,326,395,-24576,453,0,0
3,4,363,395,24576,452,1,0
3,4,395,326,8192,453,1,0
3,4,337,333,-16384,377,0,0
3,4,342,337,-7037,386,0,0
3,4,343,1014,20746,388,0,0
3,4,347,343,-24576,393,0,0
3,4,334,347,24576,392,0,0
3,4,334,343,-32768,387,0,0
3,4,347,334,-8192,392,1,0
3,4,343,347,8192,393,1,0
3,4,328,336,-16384,375,0,0
3,4,336,342,-25730,385,0,0
3,4,336,337,-16384,376,0,0
3,4,342,336,7037,385,1,0
3,4,337,342,25730,386,1,0
3,4,329,330,-16384,369,0,0
3,4,333,329,0,371,0,0
3,4,330,334,-32768,372,0,0
3,4,323,324,0,366,0,0
3,4,1015,332,-32768,370,0,160
3,4,1016,323,7246,374,0,100
3,4,324,364,-16384,413,0,0
3,4,364,365,-16384,414,0,0
3,4,365,368,-24576,418,0,0
3,4,331,1015,-32768,370,0,0
3,4,366,367,-16384,416,0,0
3,4,367,331,-16384,417,0,0
3,4,368,366,-8192,419,0,0
3,4,365,366,-16384,415,0,0
3,4,368,365,8192,418,1,0
3,4,366,368,24576,419,1,0
3,4,335,1016,7246,374,0,0
3,4,332,338,-16384,378,0,0
3,4,340,335,8192,382,0,0
3,4,338,341,-24576,383,0,0
3,4,339,325,-16384,380,0,0
3,4,341,339,-8192,384,0,0
3,4,338,339,-16384,379,0,0
3,4,341,338,8192,383,1,0
3,4,339,341,24576,384,1,0
3,4,248,340,-8192,381,0,0
3,4,248,335,0,373,0,0
3,4,340,248,24576,381,1,0
3,4,335,340,-24576,382,1,0
3,4,316,1017,16384,357,0,0
3,4,320,321,-16384,363,0,0
3,4,321,322,-24576,364,0,0
3,4,322,316,23924,365,0,0
3,4,247,1018,16384,280,1,0
3,4,1017,316,-16384,357,1,136
3,4,316,247,-32768,358,0,0
3,4,390,391,16384,447,0,0
3,4,391,392,0,448,0,0
3,4,400,390,24576,465,0,0
3,4,392,1010,-7246,466,0,0
3,4,1011,400,-24576,470,0,56
3,4,1008,399,24576,463,0,79
3,4,399,1009,8192,469,0,0
3,4,399,400,24576,464,0,0
3,4,1009,399,-24576,469,1,79
3,4,400,1011,8192,470,1,0
3,4,754,755,0,901,0,0
3,4,755,756,-16384,902,0,0
3,4,756,757,-32768,903,0,0
3,4,759,760,0,906,0,0
3,4,753,754,-16384,900,0,0
3,4,760,761,16384,907,0,0
3,4,761,753,0,968,0,0
3,4,752,753,-16384,899,0,0
3,4,761,762,16384,908,0,0
3,4,762,752,0,967,1,0
3,4,753,761,-32768,968,1,0
3,4,999,750,-16384,897,0,64
3,4,763,764,-32768,910,0,0
3,4,764,765,16384,911,0,0
3,4,750,751,-32768,977,0,0
3,4,751,752,-16384,898,0,0
3,4,762,763,16384,909,0,0
3,4,752,762,-32768,967,0,0
3,4,1017,315,16384,357,0,56
3,4,315,317,8192,359,0,0
3,4,317,318,-8192,360,0,0
3,4,318,319,-16384,361,0,0
3,4,319,352,-24576,403,0,0
3,4,774,775,-16384,921,0,0
3,4,775,776,-32768,922,0,0
3,4,776,833,16384,993,0,0
3,4,1018,249,16384,280,1,56
3,4,249,315,0,356,0,0
3,4,315,1017,-16384,357,1,0
3,4,352,320,-8192,402,0,0
3,4,319,320,-16384,362,0,0
3,4,320,352,24576,402,1,0
3,4,352,319,8192,403,1,0
3,4,768,769,-16384,915,0,0
3,4,769,770,-32768,916,0,0
3,4,770,771,16384,917,0,0
3,4,840,841,-32768,1004,0,0
3,4,841,842,16384,1005,0,0
3,4,842,839,0,1006,0,0
3,4,839,840,-16384,1012,0,0
3,4,757,758,24576,904,0,0
3,4,758,759,8192,905,0,0
3,4,759,758,-24576,905,1,0
3,4,839,759,0,1002,0,0
3,4,1019,839,16384,1012,1,80
3,4,758,757,-8192,904,1,0
3,4,757,840,-32768,1003,0,0
3,4,840,1019,16384,1012,1,0
3,4,288,289,-16384,325,0,0
3,4,1020,1021,-32768,332,0,240
3,4,295,298,16384,337,0,0
3,4,298,299,16384,338,0,0
3,4,302,295,16384,341,0,0
3,4,314,307,0,355,0,0
3,4,307,308,16384,347,0,0
3,4,308,311,16384,351,0,0
3,4,308,309,-32768,348,0,0
3,4,309,310,16384,349,0,0
3,4,310,311,0,350,0,0
3,4,311,308,-16384,351,1,0
3,4,1022,294,-32768,332,0,424
3,4,294,980,16384,333,0,0
3,4,300,301,-16384,339,0,0
3,4,295,296,-32768,334,0,0
3,4,296,297,16384,335,0,0
3,4,297,298,0,336,0,0
3,4,298,295,-16384,337,1,0
3,4,299,300,-32768,342,0,0
3,4,982,314,-16384,354,0,16
3,4,1021,1022,-32768,332,0,360
3,4,301,302,0,340,0,0
3,4,251,1023,-16384,284,0,0
3,4,263,251,-16384,296,0,0
3,4,275,278,16384,310,0,0
3,4,278,283,16384,319,0,0
3,4,286,275,16384,322,0,0
3,4,253,254,0,285,0,0
3,4,283,284,-32768,327,0,0
3,4,254,978,16384,286,0,0
3,4,979,253,-16384,318,0,32
3,4,284,285,-16384,320,0,0
3,4,287,288,-32768,324,0,0
3,4,275,276,-32768,307,0,0
3,4,276,277,16384,308,0,0
3,4,277,278,0,309,0,0
3,4,278,275,-16384,310,1,0
3,4,285,286,0,321,0,0
3,4,270,271,16384,303,0,0
3,4,271,274,16384,311,0,0
3,4,274,287,16384,323,0,0
3,4,293,290,-16384,331,0,0
3,4,1024,1025,-32768,332,0,104
3,4,1026,252,-16384,284,0,112
3,4,290,291,0,328,0,0
3,4,252,1024,-32768,332,0,0
3,4,1023,1026,-16384,284,0,8
3,4,291,292,16384,329,0,0
3,4,292,293,-32768,330,0,0
3,4,271,272,-32768,304,0,0
3,4,272,273,16384,305,0,0
3,4,273,274,0,306,0,0
3,4,274,271,-16384,311,1,0
3,4,289,270,0,326,0,0
3,4,1025,1020,-32768,332,0,176
3,4,247,248,-16384,279,0,0
3,4,249,247,-16384,280,0,0
3,4,250,249,-7855,281,0,0
3,4,349,246,24576,397,0,0
3,4,345,346,22020,390,0,0
3,4,348,345,24576,395,0,0
3,4,346,349,8192,396,0,0
3,4,346,246,16384,391,0,0
3,4,349,346,-24576,396,1,0
3,4,246,349,-8192,397,1,0
3,4,1014,344,20746,388,0,472
3,4,344,348,8192,394,0,0
3,4,344,345,16384,389,0,0
3,4,348,344,-24576,394,1,0
3,4,345,348,-8192,395,1,0
3,4,243,241,16384,273,0,0
3,4,241,245,3968,276,0,0
3,4,246,243,25730,278,0,0
3,4,977,263,-19286,294,0,116
3,4,240,241,3040,270,0,0
3,4,242,240,16384,271,0,0
3,4,243,242,29727,272,0,0
3,4,241,243,-16384,273,1,0
3,4,240,242,-16384,271,1,0
3,4,242,251,-32768,283,0,0
3,4,263,240,0,292,0,0
3,4,251,263,16384,296,1,0
