episode,mission,vertex_1,vertex_2,angle,line,side,offset
3,5,749,750,16384,920,0,0
3,5,744,749,-32768,929,0,0
3,5,744,745,-8192,915,0,0
3,5,747,748,-32768,918,0,0
3,5,748,749,16384,919,0,0
3,5,749,744,0,929,1,0
3,5,738,739,-32768,909,0,0
3,5,739,740,16384,910,0,0
3,5,755,756,0,926,0,0
3,5,756,738,-16384,928,0,0
3,5,740,755,0,931,0,0
3,5,743,744,-16384,914,0,0
3,5,750,743,0,930,0,0
3,5,745,746,0,916,0,0
3,5,746,747,-16384,917,0,0
3,5,49,53,-32768,51,0,0
3,5,54,55,16384,52,0,0
3,5,56,57,0,53,0,0
3,5,62,63,0,58,0,0
3,5,57,62,0,174,0,0
3,5,763,54,-32768,939,0,0
3,5,55,764,0,940,0,0
3,5,764,771,0,948,0,0
3,5,771,772,0,949,0,0
3,5,772,56,0,950,0,0
3,5,53,775,-32768,956,0,0
3,5,778,763,-32768,961,0,0
3,5,775,778,-32768,962,0,0
3,5,55,54,-16384,52,1,0
3,5,54,738,-32768,908,0,0
3,5,756,55,0,927,0,0
3,5,738,756,16384,928,1,0
3,5,94,95,0,88,0,0
3,5,95,96,-16384,89,0,0
3,5,99,100,-16384,95,0,0
3,5,100,98,-32768,96,0,0
3,5,1132,103,0,99,0,64
3,5,96,99,-16384,171,0,0
3,5,103,94,0,172,0,0
3,5,98,97,-32768,175,0,0
3,5,59,97,16384,92,0,0
3,5,98,60,-16384,93,0,0
3,5,60,59,-32768,122,0,0
3,5,97,98,0,175,1,0
3,5,57,58,16384,54,0,0
3,5,61,62,-16384,57,0,0
3,5,58,61,0,123,0,0
3,5,62,57,-32768,174,1,0
3,5,58,59,16384,55,0,0
3,5,60,61,-16384,56,0,0
3,5,59,60,0,122,1,0
3,5,61,58,-32768,123,1,0
3,5,97,101,-32768,97,0,0
3,5,101,102,16384,98,0,0
3,5,102,1132,0,99,0,0
3,5,765,766,-32768,942,0,0
3,5,766,767,16384,943,0,0
3,5,767,768,0,944,0,0
3,5,768,769,-16384,945,0,0
3,5,769,770,-32768,946,0,0
3,5,770,773,-32768,951,0,0
3,5,773,774,-32768,952,0,0
3,5,774,765,-32768,953,0,0
3,5,764,765,16384,941,0,0
3,5,771,764,-32768,948,1,0
3,5,765,774,0,953,1,0
3,5,774,771,-16384,954,0,0
3,5,772,771,-32768,949,1,0
3,5,774,773,0,952,1,0
3,5,771,774,16384,954,1,0
3,5,773,772,-16384,955,0,0
3,5,770,56,-16384,947,0,0
3,5,56,772,-32768,950,1,0
3,5,773,770,0,951,1,0
3,5,772,773,16384,955,1,0
3,5,740,741,24576,911,0,0
3,5,1133,752,8192,922,0,45
3,5,752,753,0,923,0,0
3,5,753,754,-8192,924,0,0
3,5,754,755,-16384,925,0,0
3,5,755,740,-32768,931,1,0
3,5,742,743,-24576,913,0,0
3,5,750,751,16384,921,0,0
3,5,751,1133,8192,922,0,0
3,5,743,750,-32768,930,1,0
3,5,741,742,-32768,912,0,0
3,5,47,49,16384,45,0,0
3,5,50,48,-16384,46,0,0
3,5,48,47,-32768,310,0,0
3,5,44,47,16384,43,0,0
3,5,48,45,-16384,44,0,0
3,5,47,48,0,310,1,0
3,5,45,44,-32768,311,1,0
3,5,757,758,0,933,0,0
3,5,758,759,-16384,934,0,0
3,5,759,760,-32768,935,0,0
3,5,760,761,16384,936,0,0
3,5,761,762,0,937,0,0
3,5,776,757,0,957,0,0
3,5,777,776,0,959,0,0
3,5,762,777,0,960,0,0
3,5,775,776,-16384,958,0,0
3,5,776,777,-32768,959,1,0
3,5,778,775,0,962,1,0
3,5,777,778,16384,963,0,0
3,5,762,763,16384,938,0,0
3,5,777,762,-32768,960,1,0
3,5,763,778,0,961,1,0
3,5,778,777,-16384,963,1,0
3,5,53,757,-16384,932,0,0
3,5,775,53,0,956,1,0
3,5,757,776,-32768,957,1,0
3,5,776,775,16384,958,1,0
3,5,1134,7,-32768,6,0,448
3,5,7,12,16384,11,0,0
3,5,12,276,-8192,301,0,0
3,5,276,1135,0,302,0,0
3,5,12,33,8192,31,0,0
3,5,276,12,24576,301,1,0
3,5,1135,276,-32768,302,1,16
3,5,33,36,8192,304,0,0
3,5,33,34,24576,32,0,0
3,5,34,35,8192,33,0,0
3,5,35,36,-8192,34,0,0
3,5,36,33,-24576,304,1,0
3,5,36,51,8192,47,0,0
3,5,51,52,0,306,0,0
3,5,51,43,16384,48,0,0
3,5,46,52,-16384,49,0,0
3,5,52,51,-32768,306,1,0
3,5,278,279,0,307,0,0
3,5,43,278,0,308,0,0
3,5,279,46,0,309,0,0
3,5,43,44,16384,41,0,0
3,5,45,46,-16384,42,0,0
3,5,279,278,-32768,307,1,0
3,5,278,43,-32768,308,1,0
3,5,46,279,-32768,309,1,0
3,5,44,45,0,311,0,0
3,5,688,689,-4836,833,0,0
3,5,689,690,-21220,834,0,0
3,5,690,691,27931,835,0,0
3,5,692,693,-4836,836,0,0
3,5,691,692,11547,839,0,0
3,5,696,688,-4836,842,0,0
3,5,693,696,-4836,843,0,0
3,5,68,69,27931,64,0,0
3,5,115,116,-4836,113,0,0
3,5,694,70,27931,838,0,0
3,5,69,695,27931,840,0,0
3,5,695,694,27931,844,0,0
3,5,693,694,11547,837,0,0
3,5,695,696,-21220,841,0,0
3,5,696,693,27931,843,1,0
3,5,694,695,-4836,844,1,0
3,5,69,688,-21220,832,0,0
3,5,695,69,-4836,840,1,0
3,5,696,695,11547,841,1,0
3,5,688,696,27931,842,1,0
3,5,70,71,24576,65,0,0
3,5,71,72,21220,66,0,0
3,5,72,1136,16384,67,0,0
3,5,64,65,-16384,59,0,0
3,5,65,50,-32768,60,0,0
3,5,63,64,-8192,298,0,0
3,5,122,68,-32768,300,0,0
3,5,67,68,16384,63,0,0
3,5,122,123,-16384,119,0,0
3,5,123,67,-32768,177,0,0
3,5,68,122,0,300,1,0
3,5,66,67,16384,62,0,0
3,5,123,124,-16384,120,0,0
3,5,124,66,-32768,176,1,0
3,5,67,123,0,177,1,0
3,5,6,1134,-32768,6,0,0
3,5,281,282,0,313,0,0
3,5,280,281,-10250,312,0,0
3,5,282,283,10250,314,0,0
3,5,281,280,22517,312,1,0
3,5,282,281,-32768,313,1,0
3,5,283,282,-22517,314,1,0
3,5,280,283,0,327,0,0
3,5,283,15,16384,325,0,0
3,5,14,280,-16384,326,0,0
3,5,14,15,0,13,0,0
3,5,15,283,-16384,325,1,0
3,5,280,14,16384,326,1,0
3,5,283,280,-32768,327,1,0
3,5,13,14,-16384,12,0,0
3,5,277,13,8192,303,0,0
3,5,15,16,16384,14,0,0
3,5,16,17,8192,15,0,0
3,5,17,18,0,16,0,0
3,5,18,17,-32768,16,1,0
3,5,17,66,16384,61,0,0
3,5,124,18,-16384,121,0,0
3,5,66,124,0,176,0,0
3,5,1135,277,0,302,0,144
3,5,40,13,-8192,37,0,0
3,5,52,37,-8192,50,0,0
3,5,277,1135,-32768,302,1,0
3,5,13,277,-24576,303,1,0
3,5,37,40,-8192,305,0,0
3,5,37,38,8192,35,0,0
3,5,39,40,-24576,36,0,0
3,5,38,41,-8192,38,0,0
3,5,41,42,-8192,39,0,0
3,5,42,39,-8192,40,0,0
3,5,40,37,24576,305,1,0
3,5,1136,73,16384,67,0,32
3,5,73,74,16384,68,0,0
3,5,79,80,16384,73,0,0
3,5,80,81,0,74,0,0
3,5,112,113,-11547,111,0,0
3,5,74,79,16384,170,0,0
3,5,74,75,-32768,69,0,0
3,5,78,79,0,72,0,0
3,5,75,78,16384,103,0,0
3,5,79,74,-16384,170,1,0
3,5,96,77,0,90,0,0
3,5,77,76,-16384,91,0,0
3,5,76,99,-32768,94,0,0
3,5,99,96,16384,171,1,0
3,5,75,76,-32768,70,0,0
3,5,77,78,0,71,0,0
3,5,76,77,16384,91,1,0
3,5,78,75,-16384,103,1,0
3,5,116,1137,0,342,0,0
3,5,399,400,16384,466,0,0
3,5,400,1138,0,467,0,0
3,5,1139,399,-32768,470,0,8
3,5,110,111,0,109,0,0
3,5,111,112,-16384,110,0,0
3,5,81,110,0,168,0,0
3,5,679,680,24576,820,0,0
3,5,680,681,8192,821,0,0
3,5,681,682,-8192,822,0,0
3,5,682,683,-24576,823,0,0
3,5,683,684,24576,824,0,0
3,5,687,679,24576,829,0,0
3,5,684,687,24576,831,0,0
3,5,464,465,24576,557,0,0
3,5,465,1140,16384,558,0,0
3,5,1141,464,-32768,1348,0,96
3,5,465,464,-8192,557,1,0
3,5,464,701,-32768,855,0,0
3,5,702,703,24576,856,0,0
3,5,704,465,16384,857,0,0
3,5,701,702,24576,858,0,0
3,5,703,704,24576,859,0,0
3,5,685,115,-8192,826,0,0
3,5,686,685,-8192,830,0,0
3,5,684,685,-24576,825,0,0
3,5,686,687,8192,828,0,0
3,5,685,686,24576,830,1,0
3,5,687,684,-8192,831,1,0
3,5,113,114,-8192,112,0,0
3,5,114,686,-8192,827,0,0
3,5,114,679,8192,819,0,0
3,5,686,114,24576,827,1,0
3,5,687,686,-24576,828,1,0
3,5,679,687,-8192,829,1,0
3,5,148,149,16384,146,0,0
3,5,149,150,0,147,0,0
3,5,161,148,16384,167,0,0
3,5,164,165,-32768,181,0,0
3,5,165,161,16384,184,0,0
3,5,150,474,0,568,0,0
3,5,474,475,0,569,0,0
3,5,475,478,-16384,575,0,0
3,5,478,479,-32768,576,0,0
3,5,479,164,-32768,598,0,0
3,5,166,164,16384,182,0,0
3,5,479,480,-16384,577,0,0
3,5,164,479,0,598,1,0
3,5,480,166,-32768,600,0,0
3,5,484,483,0,581,0,0
3,5,482,488,0,585,0,0
3,5,488,489,-16384,586,0,0
3,5,489,490,-32768,587,0,0
3,5,490,486,-32768,594,0,0
3,5,483,482,0,597,0,0
3,5,481,482,-16384,579,0,0
3,5,483,167,16384,580,0,0
3,5,482,483,-32768,597,1,0
3,5,167,481,0,599,0,0
3,5,167,166,16384,183,0,0
3,5,480,481,-16384,578,0,0
3,5,481,167,-32768,599,1,0
3,5,166,480,0,600,1,0
3,5,128,129,16384,127,0,0
3,5,129,130,0,128,0,0
3,5,137,138,0,135,0,0
3,5,139,140,-21798,136,0,0
3,5,140,141,-24576,137,0,0
3,5,138,145,-16384,142,0,0
3,5,160,139,-16384,158,0,0
3,5,130,137,0,163,0,0
3,5,145,160,-16384,164,0,0
3,5,145,146,0,143,0,0
3,5,163,160,-32768,161,0,0
3,5,160,145,16384,164,1,0
3,5,146,163,-16384,165,0,0
3,5,147,148,0,145,0,0
3,5,161,162,-32768,159,0,0
3,5,162,147,16384,166,0,0
3,5,148,161,-16384,167,1,0
3,5,146,147,0,144,0,0
3,5,162,163,-32768,160,0,0
3,5,163,146,16384,165,1,0
3,5,147,162,-16384,166,1,0
3,5,485,484,8192,582,0,0
3,5,486,487,-32768,583,0,0
3,5,487,485,16384,584,0,0
3,5,1142,462,-16384,555,0,64
3,5,462,463,-24576,556,0,0
3,5,463,1143,-32768,1346,0,0
3,5,463,462,8192,556,1,0
3,5,462,705,-16384,860,0,0
3,5,706,707,-24576,861,0,0
3,5,708,463,-32768,862,0,0
3,5,705,706,-24576,863,0,0
3,5,707,708,-24576,864,0,0
3,5,126,127,8192,125,0,0
3,5,127,128,10969,126,0,0
3,5,119,120,-32768,117,0,0
3,5,141,142,-27931,138,0,0
3,5,142,119,-32768,180,0,0
3,5,307,308,0,348,0,0
3,5,308,125,0,349,0,0
3,5,125,126,5414,124,0,0
3,5,1144,397,0,458,0,104
3,5,397,398,-16384,459,0,0
3,5,398,316,-32768,460,0,0
3,5,316,315,-32768,462,0,0
3,5,308,307,-32768,348,1,0
3,5,307,315,16384,356,1,0
3,5,316,308,-16384,357,0,0
3,5,315,316,0,462,1,0
3,5,318,395,-32768,456,0,0
3,5,395,396,16384,457,0,0
3,5,396,1144,0,458,0,0
3,5,315,311,-32768,461,0,0
3,5,321,318,-32768,463,0,0
3,5,322,321,-32768,464,0,0
3,5,311,322,-32768,465,0,0
3,5,1138,401,0,467,0,24
3,5,401,402,-16384,468,0,0
3,5,402,310,-32768,469,0,0
3,5,309,1139,-32768,470,0,0
3,5,312,309,-32768,471,0,0
3,5,313,312,-32768,472,0,0
3,5,314,313,-32768,473,0,0
3,5,310,314,-32768,474,0,0
3,5,1143,1091,-32768,1346,0,144
3,5,1091,1092,-32768,1347,0,0
3,5,1092,1141,-32768,1348,0,0
3,5,1092,1091,0,1347,1,0
3,5,1091,1093,-16384,1349,0,0
3,5,1093,1094,-32768,1350,0,0
3,5,1094,1092,16384,1351,0,0
3,5,121,122,-32768,118,0,0
3,5,294,295,-32768,335,0,0
3,5,295,296,-32768,336,0,0
3,5,296,297,-32768,337,0,0
3,5,297,121,-32768,338,0,0
3,5,1137,301,0,342,0,64
3,5,301,302,0,343,0,0
3,5,302,303,0,344,0,0
3,5,303,304,0,345,0,0
3,5,304,305,0,346,0,0
3,5,306,307,0,347,0,0
3,5,305,317,0,358,0,0
3,5,317,319,0,360,0,0
3,5,319,320,0,361,0,0
3,5,320,306,0,362,0,0
3,5,120,294,-32768,445,0,0
3,5,303,302,-32768,344,1,0
3,5,302,312,16384,353,0,0
3,5,313,303,-16384,354,0,0
3,5,312,313,0,472,1,0
3,5,302,301,-32768,343,1,0
3,5,301,309,16384,350,0,0
3,5,312,302,-16384,353,1,0
3,5,309,312,0,471,1,0
3,5,305,304,-32768,346,1,0
3,5,310,305,-16384,351,0,0
3,5,304,314,16384,355,0,0
3,5,314,310,0,474,1,0
3,5,304,303,-32768,345,1,0
3,5,303,313,16384,354,1,0
3,5,314,304,-16384,355,1,0
3,5,313,314,0,473,1,0
3,5,307,306,-32768,347,1,0
3,5,306,311,16384,352,0,0
3,5,315,307,-16384,356,0,0
3,5,311,315,0,461,1,0
3,5,311,306,-16384,352,1,0
3,5,306,320,-32768,362,1,0
3,5,320,322,16384,364,0,0
3,5,322,311,0,465,1,0
3,5,317,318,16384,359,0,0
3,5,319,317,-32768,360,1,0
3,5,321,319,-16384,363,0,0
3,5,318,321,0,463,1,0
3,5,320,319,-32768,361,1,0
3,5,319,321,16384,363,1,0
3,5,322,320,-16384,364,1,0
3,5,321,322,0,464,1,0
3,5,285,286,0,316,0,0
3,5,10,6,-32768,330,0,0
3,5,5,6,16384,5,0,0
3,5,10,9,-16384,9,0,0
3,5,6,10,0,330,1,0
3,5,9,5,-32768,331,0,0
3,5,2,3,-32768,2,0,0
3,5,3,5,16384,4,0,0
3,5,8,4,-32768,7,0,0
3,5,9,8,-16384,8,0,0
3,5,5,9,0,331,1,0
3,5,4,2,-32768,332,0,0
3,5,0,1,-32768,0,0,0
3,5,1,2,16384,1,0,0
3,5,4,0,-16384,3,0,0
3,5,2,4,0,332,1,0
3,5,284,285,-10250,315,0,0
3,5,286,287,10250,317,0,0
3,5,285,284,22517,315,1,0
3,5,286,285,-32768,316,1,0
3,5,287,286,-22517,317,1,0
3,5,284,287,0,328,0,0
3,5,287,21,16384,323,0,0
3,5,20,284,-16384,324,0,0
3,5,20,21,0,19,0,0
3,5,21,287,-16384,323,1,0
3,5,284,20,16384,324,1,0
3,5,287,284,-32768,328,1,0
3,5,18,19,-8192,17,0,0
3,5,19,20,-16384,18,0,0
3,5,21,22,16384,20,0,0
3,5,22,23,8192,21,0,0
3,5,11,10,-32768,10,0,0
3,5,1145,11,-16384,30,0,288
3,5,289,290,0,319,0,0
3,5,1146,1145,-16384,30,0,264
3,5,290,291,10250,320,0,0
3,5,288,289,-10250,318,0,0
3,5,289,288,22517,318,1,0
3,5,290,289,-32768,319,1,0
3,5,291,290,-22517,320,1,0
3,5,288,291,0,329,0,0
3,5,27,28,16384,26,0,0
3,5,28,29,8192,27,0,0
3,5,31,32,-8192,29,0,0
3,5,32,1146,-16384,30,0,0
3,5,291,27,16384,322,0,0
3,5,29,31,0,593,0,0
3,5,23,24,0,22,0,0
3,5,24,25,-8192,23,0,0
3,5,25,26,-16384,24,0,0
3,5,26,288,-16384,321,0,0
3,5,26,27,0,25,0,0
3,5,288,26,16384,321,1,0
3,5,27,291,-16384,322,1,0
3,5,291,288,-32768,329,1,0
3,5,24,23,-32768,22,1,0
3,5,23,117,16384,114,0,0
3,5,144,24,-16384,141,0,0
3,5,117,144,0,178,0,0
3,5,118,119,16384,116,0,0
3,5,142,143,-16384,139,0,0
3,5,143,118,-32768,179,0,0
3,5,119,142,0,180,1,0
3,5,117,118,16384,115,0,0
3,5,143,144,-16384,140,0,0
3,5,144,117,-32768,178,1,0
3,5,118,143,0,179,1,0
3,5,30,31,-16384,28,0,0
3,5,29,492,16384,590,0,0
3,5,31,29,-32768,593,1,0
3,5,492,30,0,595,0,0
3,5,490,491,-16384,588,0,0
3,5,493,486,16384,592,0,0
3,5,486,490,0,594,1,0
3,5,491,493,-32768,596,0,0
3,5,491,30,-16384,589,0,0
3,5,492,493,16384,591,0,0
3,5,30,492,-32768,595,1,0
3,5,493,491,0,596,1,0
3,5,293,391,0,446,0,0
3,5,391,392,-16384,447,0,0
3,5,392,393,-32768,448,0,0
3,5,393,394,16384,449,0,0
3,5,394,292,0,450,0,0
3,5,299,390,0,451,0,0
3,5,300,299,0,452,0,0
3,5,298,300,0,453,0,0
3,5,292,298,0,454,0,0
3,5,390,293,0,455,0,0
3,5,120,293,-16384,334,0,0
3,5,390,294,16384,444,0,0
3,5,294,120,0,445,1,0
3,5,293,390,-32768,455,1,0
3,5,295,294,0,335,1,0
3,5,299,295,16384,340,0,0
3,5,294,390,-16384,444,1,0
3,5,390,299,-32768,451,1,0
3,5,297,296,0,337,1,0
3,5,298,297,16384,339,0,0
3,5,296,300,-16384,341,0,0
3,5,300,298,-32768,453,1,0
3,5,296,295,0,336,1,0
3,5,295,299,-16384,340,1,0
3,5,300,296,16384,341,1,0
3,5,299,300,-32768,452,1,0
3,5,292,121,16384,333,0,0
3,5,121,297,0,338,1,0
3,5,297,298,-16384,339,1,0
3,5,298,292,-32768,454,1,0
3,5,1011,1016,-16384,1257,0,0
3,5,1125,1011,0,1404,0,0
3,5,1016,1126,-32768,1405,0,0
3,5,1126,1125,16384,1406,0,0
3,5,1017,1010,16384,1259,1,0
3,5,1010,1125,0,1402,0,0
3,5,1126,1017,-32768,1403,0,0
3,5,1125,1126,-16384,1406,1,0
3,5,1147,1035,-16384,1268,0,320
3,5,1035,1013,26634,1276,0,0
3,5,1012,1013,0,1238,0,0
3,5,1014,1015,-32768,1239,0,0
3,5,1015,1012,16384,1258,0,0
3,5,1035,1014,-16384,1272,0,0
3,5,1013,1035,-6133,1276,1,0
3,5,1011,1012,0,1237,0,0
3,5,1015,1016,-32768,1240,0,0
3,5,1016,1011,16384,1257,1,0
3,5,1012,1015,-16384,1258,1,0
3,5,995,1148,16384,1226,0,0
3,5,1009,1010,0,1236,0,0
3,5,1017,1018,-32768,1241,0,0
3,5,1149,996,16384,1246,0,64
3,5,1010,1017,-16384,1259,0,0
3,5,1018,1019,-17681,1242,0,0
3,5,1019,1020,-23881,1243,0,0
3,5,1020,1021,-32768,1244,0,0
3,5,1021,1022,24576,1245,0,0
3,5,1022,1149,16384,1246,0,0
3,5,994,995,0,1222,0,0
3,5,996,997,-32768,1223,0,0
3,5,997,994,16384,1256,0,0
3,5,992,993,0,1220,0,0
3,5,998,990,-32768,1225,0,0
3,5,993,998,-16384,1255,0,0
3,5,1150,992,-11782,1219,0,283
3,5,993,994,0,1221,0,0
3,5,997,998,-32768,1224,0,0
3,5,998,993,16384,1255,1,0
3,5,994,997,-16384,1256,1,0
3,5,477,1151,-27660,573,0,0
3,5,495,496,11547,603,0,0
3,5,562,477,-24576,677,0,0
3,5,990,562,-20985,1217,0,0
3,5,1152,497,16384,604,0,72
3,5,712,713,16384,871,0,0
3,5,713,714,0,872,0,0
3,5,714,715,-16384,873,0,0
3,5,722,723,16384,880,0,0
3,5,723,724,16384,881,0,0
3,5,724,712,16384,882,0,0
3,5,726,722,16384,888,0,0
3,5,730,731,16384,892,0,0
3,5,731,732,16384,893,0,0
3,5,732,726,16384,894,0,0
3,5,734,730,16384,905,0,0
3,5,715,734,-32768,906,0,0
3,5,720,721,-16384,879,0,0
3,5,721,720,16384,879,1,0
3,5,723,722,-16384,880,1,0
3,5,720,723,0,884,0,0
3,5,722,721,-32768,885,0,0
3,5,719,720,-16384,878,0,0
3,5,720,719,16384,878,1,0
3,5,724,723,-16384,881,1,0
3,5,719,724,0,883,0,0
3,5,723,720,-32768,884,1,0
3,5,509,510,-16384,616,0,0
3,5,510,719,-16384,877,0,0
3,5,510,712,0,870,0,0
3,5,719,510,16384,877,1,0
3,5,712,724,-16384,882,1,0
3,5,724,719,-32768,883,1,0
3,5,728,729,-16384,891,0,0
3,5,729,733,-16384,898,0,0
3,5,729,728,16384,891,1,0
3,5,731,730,-16384,892,1,0
3,5,728,731,0,895,0,0
3,5,730,729,-32768,897,0,0
3,5,727,728,-16384,890,0,0
3,5,728,727,16384,890,1,0
3,5,732,731,-16384,893,1,0
3,5,731,728,-32768,895,1,0
3,5,727,732,0,896,0,0
3,5,721,725,-16384,886,0,0
3,5,725,727,-16384,889,0,0
3,5,725,726,0,887,0,0
3,5,727,725,16384,889,1,0
3,5,726,732,-16384,894,1,0
3,5,732,727,-32768,896,1,0
3,5,1025,1024,11547,1250,0,0
3,5,1024,1026,0,1251,0,0
3,5,1026,1027,-16384,1252,0,0
3,5,1027,1028,-23095,1253,0,0
3,5,1028,1025,-32768,1254,0,0
3,5,511,512,-21220,617,0,0
3,5,512,513,-24576,618,0,0
3,5,513,1153,-27931,619,0,0
3,5,512,511,11547,617,1,0
3,5,511,1023,0,1247,0,0
3,5,1023,1024,-16384,1248,0,0
3,5,1025,512,-32768,1249,0,0
3,5,1024,1025,-21220,1250,1,0
3,5,718,511,-16384,876,0,0
3,5,733,718,-16384,901,0,0
3,5,716,717,-16384,874,0,0
3,5,717,718,-32768,875,0,0
3,5,733,734,0,899,0,0
3,5,734,735,-16384,900,0,0
3,5,718,733,16384,901,1,0
3,5,735,716,-16384,907,0,0
3,5,496,1152,16384,604,0,0
3,5,736,716,-32768,902,0,0
3,5,737,736,-16384,903,0,0
3,5,735,737,0,904,0,0
3,5,716,735,16384,907,1,0
3,5,1151,476,-27653,573,0,148
3,5,476,153,-32768,574,0,0
3,5,1154,494,4836,601,0,35
3,5,494,495,8192,602,0,0
3,5,152,153,16384,150,0,0
3,5,473,152,-32768,567,0,0
3,5,476,473,-16384,572,0,0
3,5,153,476,0,574,1,0
3,5,150,151,16384,148,0,0
3,5,151,472,0,566,0,0
3,5,474,150,-32768,568,1,0
3,5,472,474,-16384,570,0,0
3,5,151,152,16384,149,0,0
3,5,472,151,-32768,566,1,0
3,5,152,473,0,567,1,0
3,5,473,472,-16384,571,0,0
3,5,627,628,8192,847,0,0
3,5,586,1155,16384,701,0,0
3,5,634,646,-16384,776,0,0
3,5,646,1156,-16384,788,0,0
3,5,571,569,16384,685,0,0
3,5,582,583,-32768,697,0,0
3,5,585,586,0,700,0,0
3,5,589,590,0,704,0,0
3,5,590,585,-16384,705,0,0
3,5,580,1157,0,695,0,0
3,5,627,657,-32768,790,0,0
3,5,657,1158,-32768,802,0,0
3,5,583,584,-16384,698,0,0
3,5,584,579,-32768,699,0,0
3,5,1157,581,0,695,0,64
3,5,1159,627,-24576,847,1,22
3,5,581,582,16384,696,0,0
3,5,656,628,-16384,787,0,0
3,5,1156,656,-16384,788,0,96
3,5,628,1159,-24576,847,1,0
3,5,620,621,-8192,846,0,0
3,5,572,571,0,686,0,0
3,5,593,591,16384,707,0,0
3,5,594,593,-32768,708,0,0
3,5,592,1160,-16384,711,0,0
3,5,620,668,16384,804,0,0
3,5,668,1161,16384,816,0,0
3,5,596,595,0,710,0,0
3,5,667,621,-32768,801,0,0
3,5,1158,667,-32768,802,0,32
3,5,621,1162,24576,846,1,0
3,5,579,580,-16384,694,0,0
3,5,595,594,16384,709,0,0
3,5,1160,596,-16384,711,0,64
3,5,1162,620,24576,846,1,158
3,5,570,572,-16384,687,0,0
3,5,574,575,16384,689,0,0
3,5,575,576,0,690,0,0
3,5,1163,573,-16384,693,0,16
3,5,678,614,16384,815,0,0
3,5,1161,678,16384,816,0,32
3,5,573,574,0,688,0,0
3,5,591,592,-32768,706,0,0
3,5,569,570,-32768,684,0,0
3,5,570,569,0,684,1,0
3,5,569,571,-16384,685,1,0
3,5,571,572,-32768,686,1,0
3,5,572,570,16384,687,1,0
3,5,623,624,-3355,752,0,0
3,5,624,625,3355,753,0,0
3,5,658,659,-16384,792,0,0
3,5,1164,662,-26634,795,0,38
3,5,662,1165,26634,796,0,0
3,5,665,666,16384,799,0,0
3,5,666,658,0,803,0,0
3,5,1165,663,26634,796,0,77
3,5,663,664,16384,797,0,0
3,5,664,665,11547,798,0,0
3,5,659,660,-11547,793,0,0
3,5,660,661,-16384,794,0,0
3,5,661,1164,-26634,795,0,0
3,5,657,658,-16384,791,0,0
3,5,666,667,16384,800,0,0
3,5,667,657,0,802,1,0
3,5,658,666,-32768,803,1,0
3,5,621,622,-18939,750,0,0
3,5,622,623,-8192,751,0,0
3,5,625,626,8192,754,0,0
3,5,626,627,18939,755,0,0
3,5,647,648,0,778,0,0
3,5,1166,651,-10250,781,0,38
3,5,651,1167,-22517,782,0,0
3,5,654,655,-32768,785,0,0
3,5,655,647,16384,789,0,0
3,5,1167,652,-22517,782,0,77
3,5,652,653,-32768,783,0,0
3,5,653,654,27931,784,0,0
3,5,648,649,4836,779,0,0
3,5,649,650,0,780,0,0
3,5,650,1166,-10250,781,0,0
3,5,646,647,0,777,0,0
3,5,655,656,-32768,786,0,0
3,5,656,646,16384,788,1,0
3,5,647,655,-16384,789,1,0
3,5,514,599,-16384,719,0,0
3,5,599,600,-32768,721,0,0
3,5,628,629,-2555,756,0,0
3,5,629,630,8192,757,0,0
3,5,598,461,-32768,718,0,0
3,5,600,598,-16384,722,0,0
3,5,158,159,-16384,156,0,0
3,5,159,134,-32768,157,0,0
3,5,133,598,-32768,717,0,0
3,5,599,471,-16384,720,0,0
3,5,600,599,0,721,1,0
3,5,598,600,16384,722,1,0
3,5,134,133,-32768,1203,1,0
3,5,471,158,-16384,1204,1,0
3,5,130,131,16384,129,0,0
3,5,136,137,-16384,134,0,0
3,5,131,136,0,162,0,0
3,5,137,130,-32768,163,1,0
3,5,132,133,16384,131,0,0
3,5,134,135,-16384,132,0,0
3,5,135,132,-32768,299,0,0
3,5,133,134,0,1203,0,0
3,5,131,132,16384,130,0,0
3,5,135,136,-16384,133,0,0
3,5,136,131,-32768,162,1,0
3,5,132,135,0,299,1,0
3,5,461,1142,-16384,555,0,0
3,5,153,154,-32768,151,0,0
3,5,154,155,16384,152,0,0
3,5,155,467,16384,563,0,0
3,5,155,156,-32768,153,0,0
3,5,469,467,0,560,0,0
3,5,467,155,-16384,563,1,0
3,5,156,469,16384,565,0,0
3,5,157,158,-32768,155,0,0
3,5,471,470,0,562,0,0
3,5,470,157,-16384,564,0,0
3,5,158,471,16384,1204,0,0
3,5,156,157,-32768,154,0,0
3,5,470,469,0,561,0,0
3,5,157,470,16384,564,1,0
3,5,469,156,-16384,565,1,0
3,5,467,468,16384,559,0,0
3,5,468,1154,4836,601,0,0
3,5,1153,514,-27931,619,0,107
3,5,630,631,13028,758,0,0
3,5,631,632,19739,759,0,0
3,5,331,332,-16384,373,0,0
3,5,377,360,16384,419,0,0
3,5,360,403,16384,491,0,0
3,5,403,413,16384,492,0,0
3,5,325,326,0,367,0,0
3,5,326,327,8192,368,0,0
3,5,328,329,24576,370,0,0
3,5,329,330,-32768,371,0,0
3,5,330,331,-24576,372,0,0
3,5,332,325,-8192,374,0,0
3,5,359,378,-16384,428,0,0
3,5,1168,384,16384,431,0,160
3,5,384,385,0,432,0,0
3,5,385,359,-16384,433,0,0
3,5,404,414,-16384,481,0,0
3,5,414,415,-32768,482,0,0
3,5,415,1169,16384,483,0,0
3,5,412,404,-16384,486,0,0
3,5,359,360,0,401,0,0
3,5,360,377,-16384,419,1,0
3,5,377,378,-32768,420,1,0
3,5,378,359,16384,428,1,0
3,5,403,404,-32768,475,0,0
3,5,412,413,0,480,0,0
3,5,404,412,16384,486,1,0
3,5,413,403,-16384,492,1,0
3,5,381,358,-16384,424,0,0
3,5,380,381,-16384,425,0,0
3,5,379,380,-16384,426,0,0
3,5,378,379,-16384,427,0,0
3,5,358,382,-16384,429,0,0
3,5,382,383,-32768,430,0,0
3,5,383,1168,16384,431,0,0
3,5,1170,324,-32768,366,0,288
3,5,324,357,16384,399,0,0
3,5,357,374,16384,415,0,0
3,5,357,358,-32768,400,0,0
3,5,374,357,-16384,415,1,0
3,5,381,374,0,423,0,0
3,5,358,381,16384,424,1,0
3,5,374,375,16384,416,0,0
3,5,375,374,-16384,416,1,0
3,5,380,375,0,422,0,0
3,5,374,381,-32768,423,1,0
3,5,381,380,16384,425,1,0
3,5,375,376,16384,417,0,0
3,5,376,375,-16384,417,1,0
3,5,379,376,0,421,0,0
3,5,375,380,-32768,422,1,0
3,5,380,379,16384,426,1,0
3,5,376,377,16384,418,0,0
3,5,377,376,-16384,418,1,0
3,5,378,377,0,420,0,0
3,5,376,379,-32768,421,1,0
3,5,379,378,16384,427,1,0
3,5,1169,416,16384,483,0,64
3,5,416,417,0,484,0,0
3,5,417,405,-16384,485,0,0
3,5,410,412,-16384,487,0,0
3,5,408,410,-16384,488,0,0
3,5,406,408,-16384,489,0,0
3,5,405,406,-16384,490,0,0
3,5,413,411,16384,493,0,0
3,5,410,411,0,479,0,0
3,5,413,412,-32768,480,1,0
3,5,412,410,16384,487,1,0
3,5,411,413,-16384,493,1,0
3,5,411,409,16384,494,0,0
3,5,408,409,0,478,0,0
3,5,411,410,-32768,479,1,0
3,5,410,408,16384,488,1,0
3,5,409,411,-16384,494,1,0
3,5,409,407,16384,495,0,0
3,5,406,407,0,477,0,0
3,5,409,408,-32768,478,1,0
3,5,408,406,16384,489,1,0
3,5,407,409,-16384,495,1,0
3,5,361,1171,16384,402,0,0
3,5,407,361,16384,496,0,0
3,5,405,361,0,476,0,0
3,5,407,406,-32768,477,1,0
3,5,406,405,16384,490,1,0
3,5,361,407,-16384,496,1,0
3,5,347,348,-16384,389,0,0
3,5,1171,362,16384,402,0,32
3,5,362,366,16384,406,0,0
3,5,366,367,16384,407,0,0
3,5,188,189,-16384,202,0,0
3,5,343,344,16384,385,0,0
3,5,341,342,0,383,0,0
3,5,342,343,8192,384,0,0
3,5,344,345,24576,386,0,0
3,5,345,346,-32768,387,0,0
3,5,346,347,-24576,388,0,0
3,5,348,341,-8192,390,0,0
3,5,1172,238,-11547,255,0,35
3,5,238,239,-22517,256,0,0
3,5,239,240,22517,257,0,0
3,5,240,1173,11547,258,0,0
3,5,363,386,-16384,434,0,0
3,5,386,387,-32768,435,0,0
3,5,387,1174,16384,436,0,0
3,5,373,363,-16384,439,0,0
3,5,372,373,-16384,440,0,0
3,5,362,363,-32768,403,0,0
3,5,366,362,-16384,406,1,0
3,5,373,366,0,414,0,0
3,5,363,373,16384,439,1,0
3,5,367,366,-16384,407,1,0
3,5,372,367,0,413,0,0
3,5,366,373,-32768,414,1,0
3,5,373,372,16384,440,1,0
3,5,669,670,-32768,806,0,0
3,5,1175,673,22517,809,0,38
3,5,673,1176,10250,810,0,0
3,5,676,677,0,813,0,0
3,5,677,669,-16384,817,0,0
3,5,1176,674,10250,810,0,77
3,5,674,675,0,811,0,0
3,5,675,676,-4836,812,0,0
3,5,670,671,-27931,807,0,0
3,5,671,672,-32768,808,0,0
3,5,672,1175,22517,809,0,0
3,5,668,669,-32768,805,0,0
3,5,677,678,0,814,0,0
3,5,678,668,-16384,816,1,0
3,5,669,677,16384,817,1,0
3,5,602,172,16384,726,0,0
3,5,603,602,-32768,727,0,0
3,5,618,619,-8192,748,0,0
3,5,619,620,2555,749,0,0
3,5,466,601,-32768,723,0,0
3,5,601,603,16384,728,0,0
3,5,84,85,-32768,78,0,0
3,5,85,86,16384,79,0,0
3,5,601,107,-32768,724,0,0
3,5,171,602,16384,725,0,0
3,5,602,603,0,727,1,0
3,5,603,601,-16384,728,1,0
3,5,86,171,16384,729,1,0
3,5,107,84,-32768,1205,1,0
3,5,81,82,16384,75,0,0
3,5,109,110,-16384,108,0,0
3,5,110,81,-32768,168,1,0
3,5,82,109,0,169,0,0
3,5,83,84,16384,77,0,0
3,5,107,108,-16384,106,0,0
3,5,108,83,-32768,239,0,0
3,5,84,107,0,1205,0,0
3,5,82,83,16384,76,0,0
3,5,108,109,-16384,107,0,0
3,5,109,82,-32768,169,1,0
3,5,83,108,0,239,1,0
3,5,1140,466,16384,558,0,192
3,5,191,192,-4836,205,0,0
3,5,192,168,-16384,206,0,0
3,5,168,89,-16384,207,0,0
3,5,327,328,16384,369,0,0
3,5,336,337,24576,378,0,0
3,5,333,334,0,375,0,0
3,5,334,335,8192,376,0,0
3,5,335,336,16384,377,0,0
3,5,337,338,-32768,379,0,0
3,5,338,339,-24576,380,0,0
3,5,339,340,-16384,381,0,0
3,5,340,333,-8192,382,0,0
3,5,88,89,-32768,82,0,0
3,5,168,169,0,185,0,0
3,5,89,168,16384,207,1,0
3,5,169,88,-16384,208,0,0
3,5,86,87,-32768,80,0,0
3,5,170,171,0,187,0,0
3,5,87,170,16384,209,0,0
3,5,171,86,-16384,729,0,0
3,5,87,88,-32768,81,0,0
3,5,169,170,0,186,0,0
3,5,88,169,16384,208,1,0
3,5,170,87,-16384,209,1,0
3,5,172,173,27931,188,0,0
3,5,173,174,24576,189,0,0
3,5,174,175,21220,190,0,0
3,5,175,176,16384,191,0,0
3,5,617,618,-13828,747,0,0
3,5,709,177,16384,865,0,0
3,5,176,709,16384,869,0,0
3,5,616,617,-18939,746,0,0
3,5,190,191,-8192,204,0,0
3,5,189,190,-11547,203,0,0
3,5,176,710,-32768,866,0,0
3,5,710,711,16384,867,0,0
3,5,711,709,0,868,0,0
3,5,709,176,-16384,869,1,0
3,5,89,90,-16384,83,0,0
3,5,90,91,-32768,84,0,0
3,5,91,106,-32768,173,0,0
3,5,106,323,-32768,365,0,0
3,5,323,1170,-32768,366,0,0
3,5,91,92,-16384,85,0,0
3,5,105,106,16384,102,0,0
3,5,92,105,-32768,105,0,0
3,5,106,91,0,173,1,0
3,5,93,94,-16384,87,0,0
3,5,103,104,16384,100,0,0
3,5,104,93,0,104,0,0
3,5,94,103,-32768,172,1,0
3,5,92,93,-16384,86,0,0
3,5,104,105,16384,101,0,0
3,5,93,104,-32768,104,1,0
3,5,105,92,0,105,1,0
3,5,505,506,-16384,712,0,0
3,5,597,505,0,714,0,0
3,5,632,633,24576,760,0,0
3,5,633,1177,-30212,761,0,0
3,5,504,505,-16384,612,0,0
3,5,521,522,0,624,0,0
3,5,551,552,0,654,0,0
3,5,552,533,-16384,655,0,0
3,5,505,597,-32768,714,1,0
3,5,597,521,16384,715,1,0
3,5,533,504,-16384,716,1,0
3,5,522,551,0,1202,1,0
3,5,1178,507,-6133,613,0,77
3,5,507,508,-8192,614,0,0
3,5,508,509,-11547,615,0,0
3,5,497,498,21220,605,0,0
3,5,1179,561,-5414,676,0,103
3,5,561,991,-8192,1218,0,0
3,5,991,1150,-11782,1219,0,0
3,5,499,500,27931,607,0,0
3,5,500,501,16384,608,0,0
3,5,536,537,16384,639,0,0
3,5,537,538,0,640,0,0
3,5,501,536,16384,656,0,0
3,5,538,554,0,659,0,0
3,5,554,1179,-5414,676,0,0
3,5,498,499,24576,606,0,0
3,5,1148,999,16384,1226,0,32
3,5,503,504,-32768,611,0,0
3,5,533,534,0,636,0,0
3,5,534,503,-16384,661,0,0
3,5,504,533,16384,716,0,0
3,5,501,502,-32768,609,0,0
3,5,535,536,0,638,0,0
3,5,536,501,-16384,656,1,0
3,5,502,535,16384,662,0,0
3,5,502,503,-32768,610,0,0
3,5,534,535,0,637,0,0
3,5,503,534,16384,661,1,0
3,5,535,502,-16384,662,1,0
3,5,506,1178,-6133,613,0,0
3,5,999,1000,8192,1227,0,0
3,5,1007,1008,-8886,1234,0,0
3,5,1000,1007,0,1397,0,0
3,5,1000,1180,16384,1228,0,0
3,5,1181,1007,-16384,1233,0,40
3,5,1007,1000,-32768,1397,1,0
3,5,1121,1122,0,1398,0,0
3,5,1006,1181,-16384,1233,0,0
3,5,1182,1006,0,1267,0,48
3,5,1122,1123,16384,1399,0,0
3,5,1183,1001,16384,1228,0,32
3,5,1001,1182,0,1267,0,0
3,5,1123,1124,-32768,1400,0,0
3,5,1180,1183,16384,1228,0,24
3,5,1124,1121,-16384,1401,0,0
3,5,1122,1121,-32768,1398,1,0
3,5,1123,1122,-16384,1399,1,0
3,5,1124,1123,0,1400,1,0
3,5,1121,1124,16384,1401,1,0
3,5,1001,1002,16384,1229,0,0
3,5,1005,1006,-16384,1232,0,0
3,5,1002,1005,0,1265,0,0
3,5,1006,1001,-32768,1267,1,0
3,5,1002,1003,16384,1230,0,0
3,5,1004,1005,-16384,1231,0,0
3,5,1005,1002,-32768,1265,1,0
3,5,1003,1004,0,1266,1,0
3,5,1029,1004,-24576,1260,0,0
3,5,1030,1031,0,1261,0,0
3,5,1031,1029,-16384,1264,0,0
3,5,1062,1030,16384,1308,0,0
3,5,1032,1033,16384,1262,0,0
3,5,1003,1032,24576,1263,0,0
3,5,1033,1061,0,1306,0,0
3,5,1061,1063,-16384,1310,0,0
3,5,1004,1003,-32768,1266,0,0
3,5,1063,1062,0,1309,0,0
3,5,1061,1030,0,1307,0,0
3,5,1030,1062,-16384,1308,1,0
3,5,1062,1063,-32768,1309,1,0
3,5,1063,1061,16384,1310,1,0
3,5,1047,1046,-16384,1285,0,0
3,5,1048,1049,-32768,1286,0,0
3,5,1049,1050,16384,1287,0,0
3,5,1050,1051,0,1288,0,0
3,5,1051,1047,-16384,1301,0,0
3,5,1046,1048,-16384,1302,0,0
3,5,1045,1044,-16384,1282,0,0
3,5,1044,1046,-32768,1283,0,0
3,5,1047,1045,0,1284,0,0
3,5,1046,1047,16384,1285,1,0
3,5,1043,1042,-16384,1279,0,0
3,5,1042,1044,-32768,1280,0,0
3,5,1045,1043,0,1281,0,0
3,5,1044,1045,16384,1282,1,0
3,5,1065,1066,0,1312,0,0
3,5,1067,1065,16384,1313,0,0
3,5,1066,1068,-16384,1314,0,0
3,5,1068,1067,-32768,1315,0,0
3,5,1184,1064,-8192,1311,0,181
3,5,1068,1066,16384,1314,1,0
3,5,1185,1038,8192,1270,0,181
3,5,1038,1039,0,1271,0,0
3,5,1039,1184,-8192,1311,0,0
3,5,1066,1065,-32768,1312,1,0
3,5,1037,1185,8192,1270,0,0
3,5,1041,1037,16384,1274,0,0
3,5,1186,1041,16384,1275,0,256
3,5,1065,1067,-16384,1313,1,0
3,5,1034,1147,-16384,1268,0,0
3,5,1013,1036,16384,1269,0,0
3,5,1187,1068,0,1315,1,128
3,5,1036,1040,-32768,1273,0,0
3,5,1040,1186,16384,1275,0,0
3,5,1067,1187,0,1315,1,0
3,5,1008,1009,-15086,1235,0,0
3,5,1037,1041,-16384,1274,1,0
3,5,1041,1042,-32768,1277,0,0
3,5,1043,1037,0,1278,0,0
3,5,1042,1043,16384,1279,1,0
3,5,1071,1072,16384,1319,0,0
3,5,1072,1073,11547,1320,0,0
3,5,1073,1074,0,1321,0,0
3,5,1074,1075,-16384,1322,0,0
3,5,1075,1076,-32768,1323,0,0
3,5,1076,1077,21220,1324,0,0
3,5,1077,1078,16384,1325,0,0
3,5,1078,1071,16384,1330,0,0
3,5,1064,1069,0,1316,0,0
3,5,1069,1070,-16384,1317,0,0
3,5,1079,1080,-16384,1327,0,0
3,5,1080,1034,-32768,1328,0,0
3,5,1070,1079,-16384,1329,0,0
3,5,1070,1071,0,1318,0,0
3,5,1078,1079,-32768,1326,0,0
3,5,1079,1070,16384,1329,1,0
3,5,1071,1078,-16384,1330,1,0
3,5,555,541,-32768,660,0,0
3,5,568,555,-32768,683,0,0
3,5,1188,568,-16384,818,0,473
3,5,540,541,16384,643,0,0
3,5,541,555,0,660,1,0
3,5,559,540,-32768,668,0,0
3,5,555,559,-16384,672,0,0
3,5,538,539,16384,641,0,0
3,5,554,538,-32768,659,1,0
3,5,539,558,0,667,0,0
3,5,558,554,-16384,673,0,0
3,5,539,540,16384,642,0,0
3,5,558,539,-32768,667,1,0
3,5,540,559,0,668,1,0
3,5,559,558,-16384,675,0,0
3,5,541,542,-32768,644,0,0
3,5,542,543,16384,645,0,0
3,5,543,553,16384,658,0,0
3,5,553,1189,16384,682,0,0
3,5,543,544,-32768,646,0,0
3,5,553,543,-16384,658,1,0
3,5,544,557,16384,666,0,0
3,5,557,553,0,671,0,0
3,5,544,545,-32768,647,0,0
3,5,545,556,16384,665,1,0
3,5,557,544,-16384,666,1,0
3,5,556,557,0,674,0,0
3,5,525,526,-32768,628,0,0
3,5,526,527,16384,629,0,0
3,5,546,547,-16384,649,0,0
3,5,547,548,-32768,650,0,0
3,5,548,525,-32768,657,0,0
3,5,560,546,-16384,669,0,0
3,5,563,560,-16384,678,0,0
3,5,564,563,-13193,679,0,0
3,5,1190,564,-4362,1069,0,70
3,5,545,546,-32768,648,0,0
3,5,556,545,-16384,665,0,0
3,5,546,560,16384,669,1,0
3,5,560,556,0,670,0,0
3,5,522,523,16384,625,0,0
3,5,550,551,-16384,653,0,0
3,5,523,550,0,663,0,0
3,5,551,522,-32768,1202,0,0
3,5,524,525,16384,627,0,0
3,5,548,549,-16384,651,0,0
3,5,525,548,0,657,1,0
3,5,549,524,-32768,664,0,0
3,5,523,524,16384,626,0,0
3,5,549,550,-16384,652,0,0
3,5,550,523,-32768,663,1,0
3,5,524,549,0,664,1,0
3,5,566,1191,0,681,0,0
3,5,1189,566,16384,682,0,262
3,5,988,986,-16384,1207,0,0
3,5,1192,567,0,681,0,448
3,5,567,1188,-16384,818,0,0
3,5,987,989,16384,1208,0,0
3,5,1191,1192,0,681,0,384
3,5,989,988,-32768,1209,0,0
3,5,986,987,0,1206,0,0
3,5,987,986,-32768,1206,1,0
3,5,986,988,16384,1207,1,0
3,5,989,987,-16384,1208,1,0
3,5,988,989,0,1209,1,0
3,5,1055,1056,16384,1292,0,0
3,5,1056,1057,0,1293,0,0
3,5,1057,1058,-16384,1294,0,0
3,5,1058,1054,-32768,1299,0,0
3,5,1054,1055,-32768,1303,0,0
3,5,1053,1054,16384,1291,0,0
3,5,1058,1059,-16384,1295,0,0
3,5,1054,1058,0,1299,1,0
3,5,1059,1053,-32768,1300,0,0
3,5,1052,1053,16384,1290,0,0
3,5,1059,1060,-16384,1296,0,0
3,5,1060,1052,-32768,1298,0,0
3,5,1053,1059,0,1300,1,0
3,5,1039,1038,-32768,1271,1,0
3,5,1038,1052,16384,1289,0,0
3,5,1060,1039,-16384,1297,0,0
3,5,1052,1060,0,1298,1,0
3,5,1097,1098,0,1356,0,0
3,5,1098,1099,-16384,1357,0,0
3,5,1099,1100,-32768,1358,0,0
3,5,1100,1097,16384,1360,0,0
3,5,1101,1102,0,1363,0,0
3,5,1102,1103,-16384,1364,0,0
3,5,1103,1104,-32768,1365,0,0
3,5,1104,1101,16384,1367,0,0
3,5,1105,1106,0,1370,0,0
3,5,1106,1107,-16384,1371,0,0
3,5,1107,1108,-32768,1372,0,0
3,5,1108,1105,16384,1374,0,0
3,5,891,962,0,1176,0,0
3,5,963,964,-32768,1177,0,0
3,5,962,963,-16384,1368,0,0
3,5,965,966,0,1179,0,0
3,5,966,967,-16384,1180,0,0
3,5,967,968,-32768,1181,0,0
3,5,969,970,0,1183,0,0
3,5,971,972,-32768,1184,0,0
3,5,970,971,-16384,1361,0,0
3,5,967,966,16384,1180,1,0
3,5,966,1097,0,1355,0,0
3,5,1100,967,-32768,1359,0,0
3,5,1097,1100,-16384,1360,1,0
3,5,971,970,16384,1361,1,0
3,5,970,1101,0,1362,0,0
3,5,1104,971,-32768,1366,0,0
3,5,1101,1104,-16384,1367,1,0
3,5,963,962,16384,1368,1,0
3,5,962,1105,0,1369,0,0
3,5,1108,963,-32768,1373,0,0
3,5,1105,1108,-16384,1374,1,0
3,5,879,880,-32768,1080,0,0
3,5,880,881,16384,1081,0,0
3,5,882,883,0,1082,0,0
3,5,889,890,0,1088,0,0
3,5,890,891,-16384,1089,0,0
3,5,892,893,-32768,1090,0,0
3,5,883,899,0,1095,0,0
3,5,900,889,0,1098,0,0
3,5,893,901,-32768,1099,0,0
3,5,902,879,-32768,1102,0,0
3,5,951,882,16384,1167,0,0
3,5,955,953,16384,1170,0,0
3,5,959,957,16384,1173,0,0
3,5,964,965,-16384,1178,0,0
3,5,968,969,-16384,1182,0,0
3,5,972,892,-16384,1185,0,0
3,5,888,874,-32768,1086,0,0
3,5,887,976,-32768,1189,0,0
3,5,974,977,0,1190,0,0
3,5,976,974,16384,1304,0,0
3,5,977,888,-16384,1305,0,0
3,5,977,978,0,1191,0,0
3,5,978,979,-16384,1192,0,0
3,5,979,888,-32768,1193,0,0
3,5,888,977,16384,1305,1,0
3,5,973,974,0,1186,0,0
3,5,975,973,16384,1187,0,0
3,5,976,975,-32768,1188,0,0
3,5,974,976,-16384,1304,1,0
3,5,874,875,-16384,1076,0,0
3,5,886,887,16384,1085,0,0
3,5,899,886,16384,1096,0,0
3,5,875,900,-16384,1097,0,0
3,5,883,884,16384,1083,0,0
3,5,884,885,0,1084,0,0
3,5,899,883,-32768,1095,1,0
3,5,886,899,-16384,1096,1,0
3,5,885,886,0,1213,0,0
3,5,872,873,0,1075,0,0
3,5,873,889,-16384,1087,0,0
3,5,900,875,16384,1097,1,0
3,5,889,900,-32768,1098,1,0
3,5,875,872,0,1214,0,0
3,5,901,896,-16384,1100,0,0
3,5,876,902,16384,1101,0,0
3,5,896,876,-32768,1407,1,0
3,5,877,878,-32768,1078,0,0
3,5,878,879,16384,1079,0,0
3,5,902,876,-16384,1101,1,0
3,5,879,902,0,1102,1,0
3,5,876,877,-32768,1216,0,0
3,5,893,894,-16384,1091,0,0
3,5,894,895,-32768,1092,0,0
3,5,901,893,0,1099,1,0
3,5,896,901,16384,1100,1,0
3,5,895,896,-32768,1215,0,0
3,5,867,868,-32768,1071,0,0
3,5,868,876,16384,1077,0,0
3,5,896,897,-16384,1093,0,0
3,5,897,898,-32768,1094,0,0
3,5,898,867,-32768,1212,1,0
3,5,876,896,0,1407,0,0
3,5,878,877,0,1078,1,0
3,5,1095,878,16384,1352,0,0
3,5,1096,1095,-32768,1353,0,0
3,5,877,1096,-16384,1354,0,0
3,5,903,867,16384,1104,0,0
3,5,898,904,-16384,1105,0,0
3,5,904,909,-32768,1111,0,0
3,5,909,910,-32768,1112,0,0
3,5,910,911,-32768,1113,0,0
3,5,911,912,-32768,1114,0,0
3,5,912,903,-32768,1115,0,0
3,5,867,898,0,1212,0,0
3,5,866,903,16384,1103,0,0
3,5,905,866,-32768,1107,1,0
3,5,903,912,0,1115,1,0
3,5,912,905,-16384,1116,0,0
3,5,912,911,0,1114,1,0
3,5,905,912,16384,1116,1,0
3,5,911,906,-16384,1117,0,0
3,5,906,905,-32768,1396,1,0
3,5,907,906,-32768,1108,1,0
3,5,911,910,0,1113,1,0
3,5,906,911,16384,1117,1,0
3,5,910,907,-16384,1118,0,0
3,5,908,907,-32768,1109,1,0
3,5,910,909,0,1112,1,0
3,5,907,910,16384,1118,1,0
3,5,909,908,-16384,1119,0,0
3,5,904,871,-16384,1106,0,0
3,5,871,908,-32768,1110,1,0
3,5,909,904,0,1111,1,0
3,5,908,909,16384,1119,1,0
3,5,865,866,11547,1070,0,0
3,5,871,870,-9297,1074,0,0
3,5,866,905,0,1107,0,0
3,5,906,907,0,1108,0,0
3,5,907,908,0,1109,0,0
3,5,908,871,0,1110,0,0
3,5,916,917,-32768,1123,0,0
3,5,919,920,-32768,1125,0,0
3,5,920,918,-32768,1126,0,0
3,5,917,919,-32768,1127,0,0
3,5,905,906,0,1396,0,0
3,5,1127,1129,-32768,1411,0,0
3,5,1129,1130,16384,1412,0,0
3,5,1130,1131,0,1413,0,0
3,5,1131,1128,-16384,1414,0,0
3,5,1128,1127,-24576,1415,0,0
3,5,863,865,8192,1408,0,0
3,5,865,863,-24576,1408,1,0
3,5,863,1127,24576,1409,0,0
3,5,1128,865,-8192,1410,0,0
3,5,1127,1128,8192,1415,1,0
3,5,529,530,-32768,632,0,0
3,5,1193,862,8192,1065,0,90
3,5,1194,1190,-4362,1069,0,59
3,5,913,914,0,1121,0,0
3,5,921,915,0,1129,0,0
3,5,914,921,0,1131,0,0
3,5,870,869,-16384,1073,0,0
3,5,915,916,16384,1122,0,0
3,5,864,1194,-4362,1069,0,0
3,5,869,864,0,1072,0,0
3,5,862,863,3968,1066,0,0
3,5,918,913,-16384,1124,0,0
3,5,920,919,0,1125,1,0
3,5,919,917,0,1127,1,0
3,5,914,920,16384,1128,0,0
3,5,917,921,-16384,1130,0,0
3,5,921,914,-32768,1131,1,0
3,5,605,515,0,733,0,0
3,5,606,605,16384,735,0,0
3,5,610,611,-29412,741,0,0
3,5,515,516,16384,620,0,0
3,5,516,517,8192,621,0,0
3,5,517,1087,0,1340,0,0
3,5,1087,1088,0,1341,0,0
3,5,1088,1087,-32768,1341,1,0
3,5,1087,1089,16384,1343,0,0
3,5,1089,1090,0,1344,0,0
3,5,1090,1088,-16384,1345,0,0
3,5,517,516,-24576,621,1,0
3,5,516,697,16384,849,0,0
3,5,697,698,8192,850,0,0
3,5,698,517,0,851,0,0
3,5,530,531,-24576,633,0,0
3,5,531,532,-19739,634,0,0
3,5,518,519,-8192,622,0,0
3,5,519,520,-16384,623,0,0
3,5,1088,518,0,1342,0,0
3,5,520,521,0,713,0,0
3,5,521,1195,-16384,715,0,0
3,5,519,518,24576,622,1,0
3,5,518,699,0,852,0,0
3,5,699,700,-8192,853,0,0
3,5,700,519,-16384,854,0,0
3,5,527,528,17976,630,0,0
3,5,528,529,24576,631,0,0
3,5,614,1196,30212,744,0,0
3,5,613,614,-24576,845,0,0
3,5,1177,634,-30212,761,0,66
3,5,634,607,24576,848,0,0
3,5,587,588,-32768,702,0,0
3,5,635,607,0,762,0,0
3,5,1197,635,0,775,0,32
3,5,607,1198,-8192,848,1,0
3,5,1155,587,16384,701,0,64
3,5,1198,634,-8192,848,1,158
3,5,576,577,16384,691,0,0
3,5,588,589,-16384,703,0,0
3,5,577,578,-32768,692,0,0
3,5,613,637,0,764,0,0
3,5,637,1197,0,775,0,0
3,5,1199,613,8192,845,1,22
3,5,578,1163,-16384,693,0,0
3,5,614,1199,8192,845,1,0
3,5,609,610,29412,740,0,0
3,5,638,639,16384,766,0,0
3,5,1200,642,6133,769,0,38
3,5,642,1201,-6133,770,0,0
3,5,645,636,-16384,773,0,0
3,5,636,638,-32768,774,0,0
3,5,1201,643,-6133,770,0,77
3,5,643,644,-16384,771,0,0
3,5,644,645,-21220,772,0,0
3,5,639,640,21220,767,0,0
3,5,640,641,16384,768,0,0
3,5,641,1200,6133,769,0,0
3,5,636,635,-16384,763,0,0
3,5,637,638,16384,765,0,0
3,5,638,636,0,774,1,0
3,5,635,637,-32768,775,1,0
3,5,611,612,-24576,742,0,0
3,5,612,613,-13828,743,0,0
3,5,1195,597,-16384,715,0,21
3,5,607,608,13828,738,0,0
3,5,608,609,24576,739,0,0
3,5,208,209,16384,224,0,0
3,5,209,210,0,225,0,0
3,5,354,355,-24576,396,0,0
3,5,365,193,16384,405,0,0
3,5,355,356,-16384,397,0,0
3,5,367,368,16384,408,0,0
3,5,368,369,16384,409,0,0
3,5,369,365,16384,410,0,0
3,5,187,188,-21220,201,0,0
3,5,350,351,8192,392,0,0
3,5,349,350,0,391,0,0
3,5,351,352,16384,393,0,0
3,5,352,353,24576,394,0,0
3,5,353,354,-32768,395,0,0
3,5,356,349,-8192,398,0,0
3,5,210,211,16384,226,0,0
3,5,1202,982,-16384,1196,0,96
3,5,211,212,-32768,227,0,0
3,5,1203,215,16384,230,0,112
3,5,215,216,0,231,0,0
3,5,212,213,-16384,228,0,0
3,5,213,214,-32768,229,0,0
3,5,214,1203,16384,230,0,0
3,5,216,217,16384,232,0,0
3,5,1204,981,0,1195,0,128
3,5,981,1202,-16384,1196,0,0
3,5,217,218,-32768,233,0,0
3,5,218,980,16384,1194,0,0
3,5,980,1204,0,1195,0,0
3,5,219,220,0,234,0,0
3,5,221,1205,0,235,0,0
3,5,220,221,0,551,0,0
3,5,984,985,-32768,1199,0,0
3,5,985,219,16384,1200,0,0
3,5,982,983,0,1197,0,0
3,5,983,984,16384,1198,0,0
3,5,220,457,16384,545,0,0
3,5,459,221,-16384,548,0,0
3,5,221,220,-32768,551,1,0
3,5,457,459,0,552,0,0
3,5,457,458,16384,546,0,0
3,5,460,459,-16384,549,0,0
3,5,459,457,-32768,552,1,0
3,5,458,460,0,553,1,0
3,5,180,604,16384,730,0,0
3,5,604,606,0,734,0,0
3,5,1196,615,30212,744,0,198
3,5,615,616,-24576,745,0,0
3,5,420,421,16384,498,0,0
3,5,421,422,0,499,0,0
3,5,604,181,16384,731,0,0
3,5,444,605,0,732,0,0
3,5,606,604,-32768,734,1,0
3,5,605,606,-16384,735,1,0
3,5,181,420,16384,736,1,0
3,5,422,444,0,737,1,0
3,5,422,423,16384,500,0,0
3,5,443,444,-16384,532,0,0
3,5,423,443,0,537,0,0
3,5,444,422,-32768,737,0,0
3,5,423,424,16384,501,0,0
3,5,445,443,-16384,533,0,0
3,5,443,423,-32768,537,1,0
3,5,424,445,0,538,1,0
3,5,418,184,-16384,521,0,0
3,5,183,184,-32768,197,0,0
3,5,418,419,0,497,0,0
3,5,184,418,16384,521,1,0
3,5,419,183,-16384,523,0,0
3,5,181,182,-32768,195,0,0
3,5,442,420,0,519,0,0
3,5,182,442,16384,522,0,0
3,5,420,181,-16384,736,0,0
3,5,182,183,-32768,196,0,0
3,5,419,442,0,520,0,0
3,5,442,182,-16384,522,1,0
3,5,183,419,16384,523,1,0
3,5,177,178,11547,192,0,0
3,5,178,179,8192,193,0,0
3,5,179,180,5177,194,0,0
3,5,184,185,-16384,198,0,0
3,5,185,186,-27931,199,0,0
3,5,186,187,-24576,200,0,0
3,5,1205,222,0,235,0,64
3,5,435,436,0,513,0,0
3,5,436,418,-16384,514,0,0
3,5,222,435,0,524,0,0
3,5,222,223,16384,236,0,0
3,5,434,435,-16384,512,0,0
3,5,435,222,-32768,524,1,0
3,5,223,434,0,525,0,0
3,5,223,224,16384,237,0,0
3,5,433,434,-16384,511,0,0
3,5,434,223,-32768,525,1,0
3,5,224,433,0,526,1,0
3,5,242,243,-21220,259,0,0
3,5,243,244,-32768,260,0,0
3,5,244,245,16384,261,0,0
3,5,245,246,4836,262,0,0
3,5,237,1172,-11547,255,0,0
3,5,1173,241,11547,258,0,35
3,5,241,269,24576,286,0,0
3,5,269,242,-32768,287,0,0
3,5,232,233,-4836,251,0,0
3,5,233,234,-16384,252,0,0
3,5,234,235,-32768,253,0,0
3,5,235,236,21220,254,0,0
3,5,236,266,-32768,280,0,0
3,5,266,237,-24576,281,0,0
3,5,246,247,16384,263,0,0
3,5,250,251,16384,266,0,0
3,5,248,270,-24576,288,0,0
3,5,270,271,-32768,289,0,0
3,5,272,273,24576,290,0,0
3,5,273,274,8192,291,0,0
3,5,274,275,0,292,0,0
3,5,275,249,-8192,293,0,0
3,5,271,272,-32768,1201,0,0
3,5,249,250,4836,265,0,0
3,5,247,248,27931,264,0,0
3,5,256,257,21220,271,0,0
3,5,257,258,10250,272,0,0
3,5,258,259,-10250,273,0,0
3,5,259,260,-21220,274,0,0
3,5,260,267,-8192,282,0,0
3,5,267,261,0,283,0,0
3,5,261,262,11547,275,0,0
3,5,262,263,0,276,0,0
3,5,263,264,-16384,277,0,0
3,5,264,265,-27931,278,0,0
3,5,251,252,27931,267,0,0
3,5,252,253,16384,268,0,0
3,5,253,254,0,269,0,0
3,5,254,255,-11547,270,0,0
3,5,255,268,0,284,0,0
3,5,268,256,8192,285,0,0
3,5,226,231,-16384,249,0,0
3,5,231,232,-16384,250,0,0
3,5,265,226,-16384,279,0,0
3,5,226,227,0,241,0,0
3,5,230,231,-32768,246,0,0
3,5,227,230,-16384,248,0,0
3,5,231,226,16384,249,1,0
3,5,201,200,-16384,240,1,0
3,5,228,201,0,243,0,0
3,5,200,229,-32768,244,0,0
3,5,229,228,16384,247,0,0
3,5,227,228,0,242,0,0
3,5,229,230,-32768,245,0,0
3,5,228,229,-16384,247,1,0
3,5,230,227,16384,248,1,0
3,5,197,198,-27931,214,0,0
3,5,198,199,-32768,215,0,0
3,5,199,200,27931,216,0,0
3,5,201,202,4836,217,0,0
3,5,202,203,0,218,0,0
3,5,203,204,-5826,219,0,0
3,5,200,201,16384,240,0,0
3,5,204,197,-16384,294,0,0
3,5,194,195,-32768,211,0,0
3,5,206,207,0,222,0,0
3,5,207,194,-16384,295,1,0
3,5,195,206,16384,296,0,0
3,5,196,197,-32768,213,0,0
3,5,204,205,0,220,0,0
3,5,197,204,16384,294,1,0
3,5,205,196,-16384,297,0,0
3,5,195,196,-32768,212,0,0
3,5,205,206,0,221,0,0
3,5,206,195,-16384,296,1,0
3,5,196,205,16384,297,1,0
3,5,193,194,27931,210,0,0
3,5,207,208,5826,223,0,0
3,5,194,207,16384,295,0,0
3,5,1174,388,16384,436,0,96
3,5,388,389,0,437,0,0
3,5,389,364,-16384,438,0,0
3,5,371,372,-16384,441,0,0
3,5,370,371,-16384,442,0,0
3,5,364,370,-16384,443,0,0
3,5,368,367,-16384,408,1,0
3,5,371,368,0,412,0,0
3,5,367,372,-32768,413,1,0
3,5,372,371,16384,441,1,0
3,5,369,368,-16384,409,1,0
3,5,370,369,0,411,0,0
3,5,368,371,-32768,412,1,0
3,5,371,370,16384,442,1,0
3,5,364,365,0,404,0,0
3,5,365,369,-16384,410,1,0
3,5,369,370,-32768,411,1,0
3,5,370,364,16384,443,1,0
3,5,788,789,-32768,974,0,0
3,5,804,805,-16384,991,0,0
3,5,805,806,-16384,992,0,0
3,5,806,807,-16384,993,0,0
3,5,807,788,-16384,994,0,0
3,5,789,808,24576,999,0,0
3,5,787,788,-32768,973,0,0
3,5,794,787,-16384,979,1,0
3,5,788,807,16384,994,1,0
3,5,807,794,0,998,0,0
3,5,795,794,-16384,980,1,0
3,5,807,806,16384,993,1,0
3,5,806,795,0,997,0,0
3,5,794,807,-32768,998,1,0
3,5,796,795,-16384,981,1,0
3,5,806,805,16384,992,1,0
3,5,805,796,0,996,0,0
3,5,795,806,-32768,997,1,0
3,5,797,796,-16384,982,1,0
3,5,805,804,16384,991,1,0
3,5,796,805,-32768,996,1,0
3,5,804,797,0,1210,0,0
3,5,808,809,16384,1000,0,0
3,5,811,790,-16384,1003,0,0
3,5,809,810,-32768,1001,0,0
3,5,810,1206,19102,1002,0,0
3,5,803,804,-16384,990,0,0
3,5,798,797,-16384,983,1,0
3,5,804,803,16384,990,1,0
3,5,803,798,0,995,0,0
3,5,797,804,-32768,1210,1,0
3,5,802,803,-16384,989,0,0
3,5,799,798,-16384,984,1,0
3,5,803,802,16384,989,1,0
3,5,798,803,-32768,995,1,0
3,5,802,799,0,1120,0,0
3,5,801,802,-16384,988,0,0
3,5,800,799,-16384,985,1,0
3,5,802,801,16384,988,1,0
3,5,799,802,-32768,1120,1,0
3,5,801,800,0,1211,0,0
3,5,791,801,-16384,987,0,0
3,5,791,792,0,976,0,0
3,5,792,800,-16384,986,1,0
3,5,801,791,16384,987,1,0
3,5,800,801,-32768,1211,1,0
3,5,790,791,-8192,975,0,0
3,5,1207,811,-32768,1004,0,40
3,5,926,927,-16384,1142,0,0
3,5,928,926,-8192,1143,0,0
3,5,929,928,0,1144,0,0
3,5,927,929,24576,1145,0,0
3,5,926,928,24576,1143,1,0
3,5,1208,785,-32768,970,0,64
3,5,785,786,16384,971,0,0
3,5,929,927,-8192,1145,1,0
3,5,780,784,-16384,969,0,0
3,5,784,1208,-32768,970,0,0
3,5,927,926,16384,1142,1,0
3,5,786,787,-32768,972,0,0
3,5,787,794,16384,979,0,0
3,5,794,795,16384,980,0,0
3,5,795,796,16384,981,0,0
3,5,796,797,16384,982,0,0
3,5,797,798,16384,983,0,0
3,5,798,799,16384,984,0,0
3,5,850,851,-32768,1052,0,0
3,5,851,852,16384,1053,0,0
3,5,852,853,0,1054,0,0
3,5,853,850,-16384,1138,1,0
3,5,829,813,-16384,1058,0,0
3,5,852,851,-16384,1053,1,0
3,5,851,813,-32768,1056,0,0
3,5,829,852,0,1057,0,0
3,5,813,829,16384,1058,1,0
3,5,792,793,0,977,0,0
3,5,799,800,16384,985,0,0
3,5,800,792,16384,986,0,0
3,5,928,929,-32768,1144,1,0
3,5,781,1209,0,966,0,0
3,5,793,781,16384,978,0,0
3,5,812,1207,-32768,1004,0,0
3,5,813,812,-16384,1005,0,0
3,5,425,426,-32768,503,0,0
3,5,426,427,16384,504,0,0
3,5,427,438,16384,531,0,0
3,5,447,446,-32768,535,0,0
3,5,446,425,-32768,536,0,0
3,5,532,447,-16384,635,0,0
3,5,438,565,16384,680,0,0
3,5,565,845,11547,1047,0,0
3,5,861,1210,8192,1065,0,0
3,5,845,861,8192,1067,0,0
3,5,424,425,16384,502,0,0
3,5,446,445,-16384,534,0,0
3,5,425,446,0,536,1,0
3,5,445,424,-32768,538,0,0
3,5,429,430,-32768,507,0,0
3,5,440,439,0,517,0,0
3,5,430,440,16384,528,1,0
3,5,439,429,-16384,529,0,0
3,5,427,428,-32768,505,0,0
3,5,437,438,0,515,0,0
3,5,428,437,16384,530,0,0
3,5,438,427,-16384,531,1,0
3,5,428,429,-32768,506,0,0
3,5,439,437,0,516,0,0
3,5,429,439,16384,529,1,0
3,5,437,428,-16384,530,1,0
3,5,846,847,-24576,1049,0,0
3,5,859,860,-24576,1063,0,0
3,5,860,846,-24576,1068,0,0
3,5,845,846,24576,1048,0,0
3,5,860,861,-8192,1064,0,0
3,5,861,845,-24576,1067,1,0
3,5,846,860,8192,1068,1,0
3,5,779,780,-32768,965,0,0
3,5,1209,782,0,966,0,256
3,5,782,783,-16384,967,0,0
3,5,922,923,0,1133,0,0
3,5,924,925,-32768,1136,0,0
3,5,925,922,16384,1140,0,0
3,5,923,924,-16384,1141,1,0
3,5,853,922,0,1132,0,0
3,5,925,850,-32768,1137,0,0
3,5,850,853,16384,1138,0,0
3,5,922,925,-16384,1140,1,0
3,5,847,848,-32768,1050,0,0
3,5,848,849,16384,1051,0,0
3,5,849,854,16384,1139,0,0
3,5,923,854,0,1134,0,0
3,5,849,924,-32768,1135,0,0
3,5,854,849,-16384,1139,1,0
3,5,924,923,16384,1141,0,0
3,5,430,431,-16384,508,0,0
3,5,431,432,-32768,509,0,0
3,5,441,440,-16384,518,0,0
3,5,432,225,-32768,527,0,0
3,5,440,430,-16384,528,0,0
3,5,225,448,-32768,539,0,0
3,5,449,450,-32768,540,0,0
3,5,448,449,-32768,554,0,0
3,5,450,779,16384,964,0,0
3,5,783,441,0,968,0,0
3,5,224,225,16384,238,0,0
3,5,432,433,-16384,510,0,0
3,5,433,224,-32768,526,0,0
3,5,225,432,0,527,1,0
3,5,458,449,16384,547,0,0
3,5,448,460,-16384,550,0,0
3,5,460,458,-32768,553,0,0
3,5,449,448,0,554,1,0
3,5,1109,1110,-32768,1377,0,0
3,5,1110,1111,16384,1378,0,0
3,5,1111,1112,0,1379,0,0
3,5,1112,1109,-16384,1381,0,0
3,5,1113,1114,-32768,1384,0,0
3,5,1114,1115,16384,1385,0,0
3,5,1115,1116,0,1386,0,0
3,5,1116,1113,-16384,1388,0,0
3,5,1117,1118,-32768,1391,0,0
3,5,1118,1119,16384,1392,0,0
3,5,1119,1120,0,1393,0,0
3,5,1120,1117,-16384,1395,0,0
3,5,952,951,0,1168,0,0
3,5,953,954,-32768,1169,0,0
3,5,954,952,16384,1389,0,0
3,5,956,955,0,1171,0,0
3,5,957,958,-32768,1172,0,0
3,5,958,956,16384,1382,0,0
3,5,960,959,0,1174,0,0
3,5,881,961,-32768,1175,0,0
3,5,961,960,16384,1375,0,0
3,5,960,961,-16384,1375,1,0
3,5,961,1109,-32768,1376,0,0
3,5,1112,960,0,1380,0,0
3,5,1109,1112,16384,1381,1,0
3,5,956,958,-16384,1382,1,0
3,5,958,1113,-32768,1383,0,0
3,5,1116,956,0,1387,0,0
3,5,1113,1116,16384,1388,1,0
3,5,952,954,-16384,1389,1,0
3,5,954,1117,-32768,1390,0,0
3,5,1120,952,0,1394,0,0
3,5,1117,1120,16384,1395,1,0
3,5,818,819,16384,1010,0,0
3,5,819,820,0,1011,0,0
3,5,820,821,-16384,1012,0,0
3,5,821,822,-32768,1013,0,0
3,5,822,823,16384,1014,0,0
3,5,823,826,16384,1019,0,0
3,5,826,827,16384,1020,0,0
3,5,827,818,16384,1021,0,0
3,5,842,841,16384,1043,0,0
3,5,841,843,0,1044,0,0
3,5,843,844,-16384,1045,0,0
3,5,844,842,-32768,1046,0,0
3,5,831,832,16384,1027,0,0
3,5,832,833,0,1028,0,0
3,5,833,834,-16384,1029,0,0
3,5,834,835,-32768,1030,0,0
3,5,835,836,16384,1031,0,0
3,5,836,839,16384,1036,0,0
3,5,839,840,16384,1037,0,0
3,5,840,831,16384,1038,0,0
3,5,854,855,16384,1055,0,0
3,5,855,856,0,1059,0,0
3,5,856,857,0,1060,0,0
3,5,857,858,0,1061,0,0
3,5,858,859,-16384,1062,0,0
3,5,1210,1193,8192,1065,0,45
3,5,817,818,0,1009,0,0
3,5,824,817,16384,1016,1,0
3,5,818,827,-16384,1021,1,0
3,5,827,824,-32768,1022,0,0
3,5,825,824,16384,1017,1,0
3,5,827,826,-16384,1020,1,0
3,5,824,827,0,1022,1,0
3,5,826,825,-32768,1023,0,0
3,5,823,816,-32768,1015,0,0
3,5,816,825,16384,1018,1,0
3,5,826,823,-16384,1019,1,0
3,5,825,826,0,1023,1,0
3,5,830,831,0,1026,0,0
3,5,837,830,16384,1033,1,0
3,5,831,840,-16384,1038,1,0
3,5,840,837,-32768,1039,0,0
3,5,815,814,16384,1006,1,0
3,5,814,841,0,1041,0,0
3,5,842,815,-32768,1042,0,0
3,5,841,842,-16384,1043,1,0
3,5,838,837,16384,1034,1,0
3,5,840,839,-16384,1037,1,0
3,5,837,840,0,1039,1,0
3,5,839,838,-32768,1040,0,0
3,5,836,828,-32768,1032,0,0
3,5,828,838,16384,1035,1,0
3,5,839,836,-16384,1036,1,0
3,5,838,839,0,1040,1,0
3,5,1206,1211,19105,1002,0,99
3,5,814,815,-16384,1006,0,0
3,5,816,814,-16384,1007,0,0
3,5,817,824,-16384,1016,0,0
3,5,824,825,-16384,1017,0,0
3,5,825,816,-16384,1018,0,0
3,5,828,829,-16384,1024,0,0
3,5,815,830,-16384,1025,0,0
3,5,830,837,-16384,1033,0,0
3,5,837,838,-16384,1034,0,0
3,5,838,828,-16384,1035,0,0
3,5,943,934,0,1158,0,0
3,5,454,455,-7391,543,0,0
3,5,455,456,-13828,544,0,0
3,5,456,1212,-16384,1008,0,0
3,5,946,947,24576,1161,0,0
3,5,1081,454,14325,1331,0,0
3,5,1212,817,-16384,1008,0,96
3,5,936,937,16384,1152,0,0
3,5,934,935,9231,1150,0,0
3,5,935,936,0,1151,0,0
3,5,950,943,-16384,1165,0,0
3,5,1213,941,-8192,1156,0,67
3,5,941,942,-20746,1157,0,0
3,5,942,950,-32768,1166,0,0
3,5,930,931,0,1146,0,0
3,5,937,938,-32768,1153,0,0
3,5,938,939,27478,1154,0,0
3,5,1214,1215,8530,1160,0,15
3,5,939,940,-24576,1155,0,0
3,5,945,1214,8465,1160,0,0
3,5,940,1213,-8192,1156,0,0
3,5,931,932,16384,1147,0,0
3,5,932,933,-32768,1148,0,0
3,5,1216,946,8507,1160,0,55
3,5,933,930,-16384,1149,0,0
3,5,1215,1216,8507,1160,0,44
3,5,947,1217,-24239,1162,0,0
3,5,1218,452,16384,541,0,110
3,5,452,453,11547,542,0,0
3,5,1217,948,-24239,1162,0,166
3,5,948,949,25521,1163,0,0
3,5,453,1082,-14325,1333,0,0
3,5,451,1219,16384,541,0,0
3,5,1211,451,19099,1002,0,281
3,5,944,945,-7391,1159,0,0
3,5,1219,1218,16384,541,0,98
3,5,949,944,-24576,1164,0,0
3,5,1082,1081,0,1332,0,0
3,5,1220,1082,-32768,1332,1,80
3,5,1082,453,18442,1333,1,0
3,5,453,1083,0,1336,0,0
3,5,1083,1085,-16384,1337,0,0
3,5,454,1081,-18442,1331,1,0
3,5,1081,1221,-32768,1332,1,0
3,5,1084,454,0,1335,0,0
3,5,1086,1084,16384,1339,0,0
3,5,1221,1220,-32768,1332,1,16
3,5,1085,1086,0,1338,0,0
3,5,1083,1084,0,1334,0,0
3,5,1085,1083,16384,1337,1,0
3,5,1086,1085,-32768,1338,1,0
3,5,1084,1086,-16384,1339,1,0
