episode,mission,vertex_1,vertex_2,angle,line,side,offset
3,6,364,363,-8192,439,1,0
3,6,363,398,-24576,494,0,0
3,6,401,364,13828,498,0,0
3,6,398,401,-32768,499,0,0
3,6,400,401,16384,497,0,0
3,6,401,398,0,499,1,0
3,6,164,550,-32768,197,0,0
3,6,551,552,-8504,404,0,502
3,6,553,348,-24576,425,0,34
3,6,348,349,24576,426,0,0
3,6,349,554,8192,427,0,0
3,6,398,399,-16384,495,0,0
3,6,399,400,-32768,496,0,0
3,6,555,19,-32768,15,0,784
3,6,497,499,6558,624,0,0
3,6,19,556,0,15,1,0
3,6,557,19,11943,16,1,458
3,6,421,422,27931,575,0,0
3,6,20,557,11943,16,1,0
3,6,422,423,-16384,520,0,0
3,6,558,20,29016,534,0,726
3,6,423,424,4836,521,0,0
3,6,559,558,29016,534,0,453
3,6,467,466,-4680,571,0,0
3,6,468,469,16384,572,0,0
3,6,470,468,-28087,573,0,0
3,6,466,470,-16384,577,0,0
3,6,469,495,16384,614,0,0
3,6,495,467,16384,615,0,0
3,6,466,461,0,570,0,0
3,6,460,470,-32768,574,0,0
3,6,461,460,-16384,576,1,0
3,6,470,466,16384,577,1,0
3,6,560,561,-13342,523,0,334
3,6,436,559,29016,534,0,0
3,6,562,427,5415,524,0,125
3,6,427,563,24857,644,0,0
3,6,457,456,0,578,0,0
3,6,456,493,-7832,611,0,0
3,6,493,564,-27319,612,0,0
3,6,565,457,16384,613,0,53
3,6,455,456,-16384,558,0,0
3,6,457,458,21220,559,0,0
3,6,456,457,-32768,578,1,0
3,6,458,455,0,579,1,0
3,6,566,327,-24576,401,0,554
3,6,431,567,16384,528,0,0
3,6,327,551,-8504,404,0,0
3,6,556,555,0,15,1,200
3,6,568,433,-32768,529,0,56
3,6,451,452,-22020,552,0,0
3,6,569,570,11285,568,0,23
3,6,429,430,10747,526,0,0
3,6,430,429,-22020,526,1,0
3,6,451,430,-8192,550,0,0
3,6,429,452,24576,551,0,0
3,6,452,451,10747,552,1,0
3,6,570,465,11285,568,0,401
3,6,465,451,-10250,673,0,0
3,6,430,431,0,527,0,0
3,6,448,449,-24576,547,0,0
3,6,571,451,-31470,549,0,73
3,6,465,448,-867,580,0,0
3,6,451,465,22517,673,1,0
3,6,449,450,-8192,548,0,0
3,6,450,571,-31470,549,0,0
3,6,567,431,-16384,528,1,56
3,6,449,448,8192,547,1,0
3,6,450,449,24576,548,1,0
3,6,431,450,25730,582,0,0
3,6,448,572,7037,581,0,0
3,6,433,573,-21392,530,0,0
3,6,573,433,11375,530,1,35
3,6,465,569,-21482,568,1,0
3,6,433,465,-6133,569,0,0
3,6,573,420,-21392,530,0,397
3,6,464,569,11285,568,0,0
3,6,420,573,11375,530,1,0
3,6,464,420,29412,567,0,0
3,6,569,464,-21482,568,1,402
3,6,420,421,-32768,519,0,0
3,6,428,429,22874,525,0,0
3,6,453,454,-8192,554,0,0
3,6,454,574,-9883,556,0,0
3,6,459,460,-32768,561,0,0
3,6,461,462,0,563,0,0
3,6,462,463,-3355,565,0,0
3,6,460,461,16384,576,0,0
3,6,463,575,11547,566,0,0
3,6,421,420,0,519,1,0
3,6,461,421,16384,562,0,0
3,6,462,461,-32768,563,1,0
3,6,420,462,-21220,564,0,0
3,6,575,464,11547,566,0,9
3,6,424,425,0,522,0,0
3,6,425,560,-13343,523,0,0
3,6,574,455,-9894,556,0,39
3,6,458,459,21984,560,0,0
3,6,455,458,-32768,579,0,0
3,6,576,453,-24575,553,0,19
3,6,452,576,-24576,553,0,0
3,6,429,428,-9893,525,1,0
3,6,454,429,8192,555,0,0
3,6,455,454,22874,556,1,0
3,6,428,455,-24576,557,0,0
3,6,563,428,24857,644,0,186
3,6,19,20,-20824,16,0,0
3,6,500,503,-26829,625,0,0
3,6,500,499,0,619,0,0
3,6,497,503,16384,623,0,0
3,6,499,497,-26209,624,1,0
3,6,503,500,5938,625,1,0
3,6,577,578,11790,3,0,1454
3,6,496,497,-10250,616,0,0
3,6,503,502,23500,622,0,0
3,6,578,579,11790,3,0,2334
3,6,498,496,-25730,617,0,0
3,6,499,498,27509,618,0,0
3,6,501,500,-5781,620,0,0
3,6,502,501,6809,621,0,0
3,6,580,164,22602,196,0,257
3,6,581,582,22463,2,0,1397
3,6,6,7,-14819,6,0,0
3,6,260,23,27353,309,0,0
3,6,7,583,0,310,0,0
3,6,583,584,-32768,310,1,72
3,6,262,585,-16384,311,1,0
3,6,260,262,-16384,318,0,0
3,6,269,270,8192,327,0,0
3,6,7,6,17948,6,1,0
3,6,6,586,6258,18,1,0
3,6,584,7,-32768,310,1,680
3,6,268,269,-8192,326,0,0
3,6,586,23,6293,18,1,23
3,6,23,587,-5418,309,1,0
3,6,267,268,-24576,325,0,0
3,6,587,260,-5407,309,1,328
3,6,270,271,16384,328,0,0
3,6,271,267,24576,329,0,0
3,6,268,267,8192,325,1,0
3,6,269,268,24576,326,1,0
3,6,270,269,-24576,327,1,0
3,6,271,270,-16384,328,1,0
3,6,267,271,-8192,329,1,0
3,6,588,22,-16384,17,0,215
3,6,22,254,-16384,303,0,0
3,6,254,260,27353,314,0,0
3,6,259,589,-16384,308,0,0
3,6,585,262,16384,311,0,72
3,6,262,259,5414,317,0,0
3,6,263,255,0,315,0,0
3,6,257,264,-32768,316,0,0
3,6,255,257,-16384,320,1,0
3,6,264,263,16384,321,0,0
3,6,257,259,-16384,313,0,0
3,6,264,257,0,316,1,0
3,6,259,590,-27353,317,1,0
3,6,263,264,-16384,321,1,0
3,6,265,266,16384,322,0,0
3,6,266,263,0,323,0,0
3,6,264,265,-32768,324,0,0
3,6,590,591,-27353,317,1,73
3,6,265,264,0,324,1,0
3,6,591,262,-27353,317,1,146
3,6,262,592,16384,318,1,0
3,6,266,265,-16384,322,1,0
3,6,254,255,-16384,312,0,0
3,6,260,254,-5414,314,1,0
3,6,255,263,-32768,315,1,0
3,6,592,260,16384,318,1,320
3,6,263,266,-32768,323,1,0
3,6,21,588,-16384,17,0,0
3,6,435,21,0,532,0,0
3,6,478,471,27931,589,0,0
3,6,582,3,22463,2,0,2582
3,6,3,593,11790,3,0,0
3,6,594,6,-15202,665,0,450
3,6,23,6,-26476,18,0,0
3,6,473,474,-4554,585,0,0
3,6,6,595,17565,665,1,0
3,6,471,472,-27131,584,0,0
3,6,548,549,6711,685,0,0
3,6,474,475,4836,586,0,0
3,6,477,476,-16384,591,0,0
3,6,479,477,0,592,0,0
3,6,480,479,16384,593,0,0
3,6,476,480,-32768,594,0,0
3,6,472,473,-16384,663,0,0
3,6,475,478,16384,590,0,0
3,6,475,476,-32768,587,0,0
3,6,477,478,0,588,0,0
3,6,478,475,-16384,590,1,0
3,6,476,477,16384,591,1,0
3,6,549,435,23095,686,0,0
3,6,595,596,17568,665,1,660
3,6,544,545,-1722,681,0,0
3,6,545,546,-9672,682,0,0
3,6,546,547,6711,683,0,0
3,6,547,548,-2058,684,0,0
3,6,546,545,23095,682,1,0
3,6,547,546,-26056,683,1,0
3,6,596,594,17511,665,1,880
3,6,434,544,-23095,680,0,0
3,6,434,437,0,535,0,0
3,6,437,435,0,583,0,0
3,6,597,434,9672,680,1,5
3,6,548,547,30709,684,1,0
3,6,549,548,-26056,685,1,0
3,6,435,549,-9672,686,1,0
3,6,544,597,9671,680,1,0
3,6,545,544,31045,681,1,0
3,6,439,440,0,538,0,0
3,6,441,442,-32768,539,0,0
3,6,447,441,-24576,546,0,0
3,6,442,443,-24576,540,0,0
3,6,444,445,16384,543,0,0
3,6,445,446,0,544,0,0
3,6,446,447,-16384,545,0,0
3,6,440,444,8192,542,0,0
3,6,490,482,24576,605,0,0
3,6,491,490,-25521,606,0,0
3,6,445,481,-32768,595,0,0
3,6,484,485,0,597,0,0
3,6,485,445,-16384,600,0,0
3,6,487,484,0,601,0,0
3,6,481,492,-32768,608,0,0
3,6,492,487,16384,609,0,0
3,6,446,445,-32768,544,1,0
3,6,485,486,0,598,0,0
3,6,486,446,-16384,599,0,0
3,6,445,485,16384,600,1,0
3,6,482,483,16384,596,0,0
3,6,489,488,-7246,603,0,0
3,6,483,489,8192,604,0,0
3,6,488,491,-16384,610,0,0
3,6,488,487,0,602,0,0
3,6,492,491,-32768,607,0,0
3,6,487,492,-16384,609,1,0
3,6,491,488,16384,610,1,0
3,6,593,577,11790,3,0,707
3,6,536,594,-15201,665,0,0
3,6,20,536,-32768,666,0,0
3,6,20,434,-16384,531,0,0
3,6,594,536,17566,665,1,893
3,6,536,20,0,666,1,0
3,6,437,438,16384,536,0,0
3,6,438,439,8192,537,0,0
3,6,443,435,-16384,541,0,0
3,6,435,437,-32768,583,1,0
3,6,483,482,-16384,596,1,0
3,6,482,540,-32768,674,0,0
3,6,540,541,16384,675,0,0
3,6,541,483,0,676,0,0
3,6,598,256,16384,306,0,456
3,6,256,253,16384,319,0,0
3,6,255,253,0,304,0,0
3,6,256,257,-32768,305,0,0
3,6,253,256,-16384,319,1,0
3,6,257,255,16384,320,0,0
3,6,253,252,16384,302,0,0
3,6,561,426,-13346,523,0,547
3,6,22,21,16384,17,1,0
3,6,252,22,-32768,301,0,0
3,6,21,436,16384,533,0,0
3,6,550,165,-32768,197,0,21
3,6,426,562,5413,524,0,0
3,6,564,494,-27319,612,0,239
3,6,494,565,16384,613,0,0
3,6,161,599,-10155,194,0,0
3,6,600,161,11547,213,0,339
3,6,601,580,22602,196,0,224
3,6,165,166,-22441,198,0,0
3,6,602,159,22517,191,0,109
3,6,159,160,10250,192,0,0
3,6,160,161,0,193,0,0
3,6,161,600,-21220,213,1,0
3,6,166,603,-10326,199,0,0
3,6,604,1,-22484,0,0,3185
3,6,1,605,-32768,1,0,0
3,6,38,39,0,31,0,0
3,6,606,604,-22484,0,0,1899
3,6,39,40,13828,32,0,0
3,6,30,31,6133,25,0,0
3,6,45,38,-13524,38,0,0
3,6,41,42,-18939,34,0,0
3,6,42,43,-32768,35,0,0
3,6,43,44,19286,36,0,0
3,6,44,41,0,40,0,0
3,6,40,45,-32768,39,0,0
3,6,40,41,-27931,33,0,0
3,6,44,45,27931,37,0,0
3,6,45,40,0,39,1,0
3,6,41,44,-32768,40,1,0
3,6,605,2,-32768,1,0,2764
3,6,2,607,22463,2,0,0
3,6,28,29,-16384,23,0,0
3,6,32,33,-32768,27,0,0
3,6,26,34,2058,189,0,0
3,6,27,28,-23775,22,0,0
3,6,29,30,-3004,24,0,0
3,6,31,32,20419,26,0,0
3,6,33,27,-30709,202,0,0
3,6,28,27,8992,22,1,0
3,6,29,28,16384,23,1,0
3,6,30,29,29763,24,1,0
3,6,31,30,-26634,25,1,0
3,6,32,31,-12348,26,1,0
3,6,33,32,0,27,1,0
3,6,27,33,2058,202,1,0
3,6,261,24,-8862,330,0,0
3,6,8,9,-3190,7,0,0
3,6,9,24,-21392,19,0,0
3,6,24,608,23905,330,1,0
3,6,9,8,29577,7,1,0
3,6,8,609,16384,306,0,0
3,6,258,8,0,307,0,0
3,6,608,610,23901,330,1,618
3,6,611,258,-16384,308,0,160
3,6,261,585,16384,311,0,0
3,6,610,261,23909,330,1,767
3,6,607,581,22463,2,0,746
3,6,583,261,0,310,0,632
3,6,261,583,-32768,310,1,0
3,6,585,261,-16384,311,1,160
3,6,24,9,11375,19,1,0
3,6,9,37,0,188,0,0
3,6,64,37,-16384,58,0,0
3,6,37,9,-32768,188,1,0
3,6,133,134,-32768,143,0,0
3,6,134,129,-32768,147,1,0
3,6,111,133,-24576,149,0,0
3,6,129,136,8192,150,0,0
3,6,136,137,0,153,0,0
3,6,137,111,-3742,182,0,0
3,6,612,111,-24576,120,0,203
3,6,137,613,16384,156,0,0
3,6,111,137,29025,182,1,0
3,6,128,129,16384,139,0,0
3,6,134,130,-16384,144,0,0
3,6,130,128,-24576,145,1,0
3,6,129,134,0,147,0,0
3,6,63,64,-24576,57,0,0
3,6,64,63,8192,57,1,0
3,6,129,64,24576,140,0,0
3,6,136,129,-24576,150,1,0
3,6,63,136,-8192,151,0,0
3,6,11,614,12496,9,0,0
3,6,37,36,-23500,30,1,0
3,6,10,11,-2074,8,0,0
3,6,36,37,9267,30,0,0
3,6,37,10,0,59,0,0
3,6,11,36,-31668,184,1,0
3,6,11,10,30693,8,1,0
3,6,615,11,-20271,9,1,918
3,6,614,615,-20271,9,1,369
3,6,47,52,8192,181,0,0
3,6,46,47,0,41,0,0
3,6,65,46,16384,61,0,0
3,6,616,115,8192,125,0,67
3,6,116,117,-16384,128,0,0
3,6,117,118,-32768,129,0,0
3,6,118,119,-32768,130,0,0
3,6,119,120,-32768,131,0,0
3,6,120,121,-32768,132,0,0
3,6,121,122,-32768,133,0,0
3,6,47,48,16384,42,0,0
3,6,51,52,0,45,0,0
3,6,48,51,8192,62,0,0
3,6,52,47,-24576,181,1,0
3,6,617,49,-24576,63,0,22
3,6,49,116,-32768,127,0,0
3,6,48,49,24576,43,0,0
3,6,51,48,-24576,62,1,0
3,6,49,617,8192,63,1,0
3,6,10,65,7738,60,0,0
3,6,114,616,8192,125,0,0
3,6,122,123,-32768,134,0,0
3,6,618,114,8192,148,0,101
3,6,123,124,-16384,135,0,0
3,6,125,126,-16384,136,0,0
3,6,126,127,-25270,137,0,0
3,6,131,132,16384,142,0,0
3,6,127,131,16384,146,0,0
3,6,135,618,8192,148,0,0
3,6,132,135,8192,152,0,0
3,6,124,125,-16384,155,0,0
3,6,127,128,-32768,138,0,0
3,6,130,131,0,141,0,0
3,6,128,130,8192,145,0,0
3,6,131,127,-16384,146,1,0
3,6,34,35,20434,28,0,0
3,6,35,36,16384,29,0,0
3,6,36,11,1099,184,0,0
3,6,36,35,-16384,29,1,0
3,6,24,25,-16384,20,0,0
3,6,25,26,-12587,21,0,0
3,6,25,24,16384,20,1,0
3,6,26,25,20180,21,1,0
3,6,35,34,-12333,28,1,0
3,6,34,26,-30709,189,1,0
3,6,614,619,12496,9,0,773
3,6,619,614,-20270,9,1,86
3,6,52,53,16384,46,0,0
3,6,53,54,0,47,0,0
3,6,66,67,-32768,64,0,0
3,6,68,66,-16384,66,0,0
3,6,69,68,-16384,67,0,0
3,6,70,69,-16384,68,0,0
3,6,620,70,-16384,82,0,24
3,6,50,617,-24576,63,0,0
3,6,67,50,-16384,65,0,0
3,6,50,51,-8192,44,0,0
3,6,617,50,8192,63,1,67
3,6,54,621,8192,48,0,0
3,6,82,83,-24576,80,0,0
3,6,90,91,16384,87,0,0
3,6,83,90,16384,95,1,0
3,6,91,82,-6711,97,0,0
3,6,622,82,-24576,79,0,56
3,6,91,623,0,88,0,0
3,6,82,91,26056,97,1,0
3,6,71,106,-4223,183,0,0
3,6,624,72,16384,69,0,56
3,6,72,73,8192,70,0,0
3,6,73,625,8192,71,0,0
3,6,626,97,-16384,93,0,8
3,6,97,86,-32768,94,0,0
3,6,71,624,16384,69,0,0
3,6,86,87,-16384,84,0,0
3,6,87,106,-32768,111,0,0
3,6,106,71,28544,183,1,0
3,6,627,57,-24576,105,0,34
3,6,625,73,-24576,71,1,34
3,6,57,627,8192,105,1,0
3,6,73,57,24576,114,0,0
3,6,83,84,-32768,81,0,0
3,6,84,85,-32768,83,0,0
3,6,88,89,0,85,0,0
3,6,89,90,0,86,0,0
3,6,90,83,-16384,95,0,0
3,6,107,88,0,116,0,0
3,6,628,107,8192,117,0,158
3,6,106,629,-24576,118,0,0
3,6,85,620,-16384,82,0,0
3,6,630,62,-15272,55,0,160
3,6,62,63,-32768,56,0,0
3,6,613,139,16384,156,0,16
3,6,151,152,-16384,169,0,0
3,6,139,151,0,174,0,0
3,6,139,140,16384,157,0,0
3,6,150,151,-16384,168,0,0
3,6,151,139,-32768,174,1,0
3,6,140,150,0,175,0,0
3,6,140,141,16384,158,0,0
3,6,149,150,-16384,167,0,0
3,6,150,140,-32768,175,1,0
3,6,141,149,0,176,0,0
3,6,631,630,-15265,55,0,58
3,6,141,142,16384,159,0,0
3,6,148,149,-16384,166,0,0
3,6,149,141,-32768,176,1,0
3,6,142,148,0,177,0,0
3,6,142,143,16384,160,0,0
3,6,147,148,-16384,165,0,0
3,6,148,142,-32768,177,1,0
3,6,143,147,0,178,0,0
3,6,143,138,16384,161,0,0
3,6,146,147,-16384,164,0,0
3,6,147,143,-32768,178,1,0
3,6,138,146,0,179,0,0
3,6,102,632,8192,108,0,0
3,6,138,102,16384,154,0,0
3,6,145,146,-16384,163,0,0
3,6,146,138,-32768,179,1,0
3,6,108,628,8192,117,0,0
3,6,112,108,8192,121,0,0
3,6,113,112,8192,122,0,0
3,6,115,113,8192,126,0,0
3,6,104,71,8192,109,0,0
3,6,629,109,-24576,118,0,79
3,6,109,110,-24576,119,0,0
3,6,110,612,-24576,120,0,0
3,6,110,109,8192,119,1,0
3,6,108,112,-24576,121,1,0
3,6,112,110,24576,123,0,0
3,6,109,108,-8192,124,0,0
3,6,58,59,-16384,52,0,0
3,6,59,633,31470,53,0,0
3,6,57,58,-24576,51,0,0
3,6,105,155,0,173,0,0
3,6,155,104,-4223,180,0,0
3,6,156,105,16384,187,0,0
3,6,152,153,0,170,0,0
3,6,153,154,16384,171,0,0
3,6,154,156,5208,186,0,0
3,6,632,103,8192,108,0,90
3,6,103,105,0,110,0,0
3,6,144,145,-32768,162,0,0
3,6,156,634,-27559,186,1,0
3,6,105,156,-16384,187,1,0
3,6,154,144,16384,172,0,0
3,6,634,154,-27559,186,1,150
3,6,184,181,24576,221,0,0
3,6,552,331,-8504,404,0,973
3,6,181,182,-19739,218,0,0
3,6,183,184,3355,220,0,0
3,6,177,178,-8192,214,0,0
3,6,178,179,-29577,215,0,0
3,6,179,180,24576,216,0,0
3,6,180,177,13193,217,0,0
3,6,180,179,-8192,216,1,0
3,6,183,182,24576,219,1,0
3,6,182,180,0,222,0,0
3,6,179,183,-16384,223,0,0
3,6,329,635,8192,403,0,0
3,6,635,329,-24576,403,1,486
3,6,329,332,24576,407,0,0
3,6,332,333,24576,408,0,0
3,6,333,636,16384,409,0,0
3,6,331,329,8192,405,0,0
3,6,333,332,-8192,408,1,0
3,6,342,333,0,417,0,0
3,6,343,342,8192,418,0,0
3,6,344,343,24576,419,0,0
3,6,332,344,-24576,420,0,0
3,6,633,60,31470,53,0,394
3,6,162,163,6469,195,0,0
3,6,182,183,-8192,219,0,0
3,6,599,162,-10155,194,0,28
3,6,163,601,22602,196,0,0
3,6,60,61,-24576,54,0,0
3,6,168,157,16384,201,0,0
3,6,61,60,8192,54,1,0
3,6,102,61,-32768,106,0,0
3,6,60,103,-16384,107,0,0
3,6,103,102,-24576,108,1,0
3,6,603,167,-10326,199,0,196
3,6,157,158,-32768,190,0,0
3,6,158,600,11547,213,0,0
3,6,158,602,22517,191,0,0
3,6,600,158,-21220,213,1,89
3,6,167,168,0,200,0,0
3,6,169,170,-8192,203,0,0
3,6,609,598,16384,306,0,320
3,6,589,611,-16384,308,0,88
3,6,61,631,-15270,55,0,0
3,6,170,171,13028,204,0,0
3,6,171,172,24576,205,0,0
3,6,172,169,-29412,206,0,0
3,6,173,174,3190,207,0,0
3,6,174,175,-8192,208,0,0
3,6,175,176,-19574,209,0,0
3,6,176,173,24576,210,0,0
3,6,172,171,-8192,205,1,0
3,6,175,174,24576,208,1,0
3,6,174,172,16384,211,0,0
3,6,171,175,-32768,212,0,0
3,6,384,385,24576,462,0,0
3,6,385,381,8192,469,0,0
3,6,392,384,-24576,470,1,0
3,6,381,392,-8192,473,0,0
3,6,385,384,-8192,462,1,0
3,6,375,374,24576,486,0,0
3,6,361,362,24576,437,0,0
3,6,362,374,8192,449,1,0
3,6,375,361,-24576,450,0,0
3,6,374,375,-8192,486,1,0
3,6,340,339,-8192,414,0,0
3,6,339,340,24576,414,1,0
3,6,340,351,16384,429,0,0
3,6,351,352,8192,430,0,0
3,6,352,353,-8192,431,0,0
3,6,353,339,-24576,432,0,0
3,6,334,335,24576,410,0,0
3,6,335,334,-8192,410,1,0
3,6,334,553,-24576,425,0,0
3,6,554,350,8192,427,0,101
3,6,350,335,0,428,0,0
3,6,356,357,-32768,434,0,0
3,6,384,392,8192,470,0,0
3,6,392,393,-8192,474,0,0
3,6,393,356,-24576,475,0,0
3,6,358,359,-16384,435,0,0
3,6,359,360,-24576,436,0,0
3,6,361,375,8192,450,1,0
3,6,360,361,24576,459,0,0
3,6,335,340,8192,664,0,0
3,6,335,336,16384,411,0,0
3,6,341,340,0,415,0,0
3,6,354,355,8192,433,0,0
3,6,336,354,8192,478,0,0
3,6,355,341,8192,479,0,0
3,6,340,335,-24576,664,1,0
3,6,383,384,24576,460,0,0
3,6,357,383,-24576,480,0,0
3,6,384,383,-8192,460,1,0
3,6,383,387,-24576,463,0,0
3,6,387,375,24576,487,0,0
3,6,387,358,-24576,481,0,0
3,6,375,387,-8192,487,1,0
3,6,355,354,-24576,433,1,0
3,6,387,383,8192,463,1,0
3,6,354,387,24576,476,0,0
3,6,383,355,-8192,477,0,0
3,6,330,635,-24576,403,1,0
3,6,636,334,16384,409,0,16
3,6,337,338,-8192,412,0,0
3,6,339,337,0,413,0,0
3,6,338,330,-8192,416,0,0
3,6,338,337,24576,412,1,0
3,6,337,345,16384,421,0,0
3,6,345,346,8192,422,0,0
3,6,346,347,-8192,423,0,0
3,6,347,338,-24576,424,0,0
3,6,637,17,22389,13,0,751
3,6,17,637,-10378,13,1,0
3,6,638,17,0,14,1,864
3,6,328,639,25512,402,0,0
3,6,640,18,0,15,1,1320
3,6,18,641,-24576,401,0,0
3,6,380,381,-8192,454,0,0
3,6,385,386,24576,461,0,0
3,6,386,380,8192,468,0,0
3,6,381,385,-24576,469,1,0
3,6,379,380,-8192,453,0,0
3,6,391,379,8192,467,0,0
3,6,380,386,-24576,468,1,0
3,6,389,390,8192,466,0,0
3,6,379,391,-24576,467,1,0
3,6,390,379,-8192,471,0,0
3,6,391,389,24576,484,1,0
3,6,388,378,8192,465,0,0
3,6,390,389,-24576,466,1,0
3,6,378,390,-8192,472,0,0
3,6,389,388,24576,483,1,0
3,6,376,377,-8192,451,0,0
3,6,377,378,-8192,452,0,0
3,6,382,376,8192,464,0,0
3,6,378,388,-24576,465,1,0
3,6,388,382,24576,482,1,0
3,6,18,638,0,14,1,0
3,6,639,18,25512,402,0,522
3,6,394,395,8192,489,0,0
3,6,395,396,-8192,490,0,0
3,6,396,397,-24576,491,0,0
3,6,397,394,24576,493,0,0
3,6,380,379,24576,453,1,0
3,6,379,394,8192,488,0,0
3,6,397,380,-24576,492,0,0
3,6,394,397,-8192,493,1,0
3,6,555,640,0,15,1,936
3,6,432,568,-32768,529,0,0
3,6,641,566,-24576,401,0,282
3,6,567,432,16384,528,0,72
3,6,432,567,-16384,528,1,0
3,6,572,432,7037,581,0,11
3,6,366,367,24576,442,0,0
3,6,367,368,24576,443,0,0
3,6,368,369,8192,444,0,0
3,6,370,366,-24576,445,0,0
3,6,369,370,-8192,458,0,0
3,6,369,382,8192,455,0,0
3,6,370,369,24576,458,1,0
3,6,382,388,-8192,482,0,0
3,6,365,366,24576,441,0,0
3,6,366,370,8192,445,1,0
3,6,371,365,-24576,446,0,0
3,6,370,371,-8192,457,0,0
3,6,371,370,24576,457,1,0
3,6,388,389,-8192,483,0,0
3,6,364,365,24576,440,0,0
3,6,365,371,8192,446,1,0
3,6,372,364,-24576,447,0,0
3,6,371,372,-8192,456,0,0
3,6,372,371,24576,456,1,0
3,6,389,391,-8192,484,0,0
3,6,363,364,24576,439,0,0
3,6,364,372,8192,447,1,0
3,6,373,363,-24576,448,0,0
3,6,386,385,-8192,461,1,0
3,6,374,373,24576,485,0,0
3,6,362,363,24576,438,0,0
3,6,363,373,8192,448,1,0
3,6,374,362,-24576,449,0,0
3,6,373,374,-8192,485,1,0
3,6,5,642,-11085,5,0,0
3,6,643,5,9324,505,1,802
3,6,526,527,-32768,651,0,0
3,6,525,526,16384,650,0,0
3,6,527,520,-16384,652,0,0
3,6,521,522,16384,646,0,0
3,6,522,523,0,647,0,0
3,6,523,524,-16384,648,0,0
3,6,524,521,-32768,654,0,0
3,6,520,525,0,653,0,0
3,6,520,521,8192,645,0,0
3,6,524,525,-8192,649,0,0
3,6,525,520,-32768,653,1,0
3,6,521,524,0,654,1,0
3,6,404,402,-32768,501,0,0
3,6,644,645,-23444,505,0,574
3,6,528,529,0,655,0,0
3,6,645,643,-23442,505,0,861
3,6,537,405,4156,669,0,0
3,6,402,403,-24122,500,0,0
3,6,405,404,24122,502,0,0
3,6,407,537,0,668,0,0
3,6,537,407,-32768,668,1,0
3,6,538,539,0,670,0,0
3,6,539,537,-16384,671,0,0
3,6,407,538,16384,672,0,0
3,6,406,407,4587,503,0,0
3,6,406,403,24239,504,1,0
3,6,646,406,-16384,643,0,64
3,6,403,402,8645,500,1,0
3,6,402,647,0,501,1,0
3,6,519,646,-16384,643,0,0
3,6,647,404,0,501,1,32
3,6,518,519,-32768,642,0,0
3,6,404,518,-16384,667,0,0
3,6,648,5,0,4,0,1688
3,6,5,644,-23443,505,0,0
3,6,529,530,16384,656,0,0
3,6,649,648,0,4,0,584
3,6,530,531,-32768,657,0,0
3,6,531,528,-16384,658,0,0
3,6,532,533,14903,659,0,0
3,6,534,535,-14903,660,0,0
3,6,535,532,-32768,661,0,0
3,6,533,534,0,662,0,0
3,6,650,651,0,657,1,43
3,6,534,533,-32768,662,1,0
3,6,530,652,-16384,656,1,0
3,6,651,530,0,657,1,84
3,6,535,534,17864,660,1,0
3,6,529,653,-32768,655,1,0
3,6,652,529,-16384,656,1,248
3,6,532,535,0,661,1,0
3,6,653,528,-32768,655,1,121
3,6,531,650,0,657,1,0
3,6,528,531,16384,658,1,0
3,6,533,532,-17864,659,1,0
3,6,654,18,-32768,14,0,1118
3,6,18,555,-32768,15,0,0
3,6,655,408,-10200,506,1,893
3,6,511,512,8192,633,0,0
3,6,579,656,11790,3,0,3191
3,6,509,510,-16384,631,0,0
3,6,510,511,-3355,632,0,0
3,6,513,514,-32768,635,0,0
3,6,514,515,16384,636,0,0
3,6,515,516,0,637,0,0
3,6,516,513,-16384,641,0,0
3,6,512,517,16384,640,0,0
3,6,512,513,-32768,634,0,0
3,6,516,517,0,638,0,0
3,6,517,512,-16384,640,1,0
3,6,513,516,16384,641,1,0
3,6,656,4,11790,3,0,3466
3,6,4,657,-10201,506,1,0
3,6,508,509,-29412,630,0,0
3,6,657,655,-10201,506,1,785
3,6,517,508,24576,639,0,0
3,6,4,649,0,4,0,0
3,6,658,4,22567,506,0,1225
3,6,505,506,-16384,627,0,0
3,6,403,406,-8528,504,0,0
3,6,411,412,-32768,509,0,0
3,6,507,504,16384,629,0,0
3,6,504,505,-32768,626,0,0
3,6,506,507,0,628,0,0
3,6,505,504,0,626,1,0
3,6,506,505,16384,627,1,0
3,6,507,506,-32768,628,1,0
3,6,504,507,-16384,629,1,0
3,6,643,408,-23443,505,0,1650
3,6,408,659,22567,506,0,0
3,6,409,410,0,507,0,0
3,6,659,658,22567,506,0,1070
3,6,412,409,-16384,510,0,0
3,6,410,411,16384,508,0,0
3,6,413,414,16384,511,0,0
3,6,414,415,0,513,0,0
3,6,660,413,-32768,516,0,56
3,6,415,419,-16384,517,0,0
3,6,417,418,-16384,514,0,0
3,6,418,660,-32768,516,0,0
3,6,419,417,0,518,0,0
3,6,415,416,0,512,0,0
3,6,416,417,-16384,515,0,0
3,6,419,415,16384,517,1,0
3,6,417,419,-32768,518,1,0
3,6,661,662,-32768,507,1,8
3,6,413,418,0,516,1,0
3,6,662,409,-32768,507,1,120
3,6,409,663,16384,510,1,0
3,6,414,413,-16384,511,1,0
3,6,410,661,-32768,507,1,0
3,6,664,410,-16384,508,1,8
3,6,418,417,16384,514,1,0
3,6,417,416,16384,515,1,0
3,6,411,664,-16384,508,1,0
3,6,412,411,0,509,1,0
3,6,663,412,16384,510,1,120
3,6,416,415,-32768,512,1,0
3,6,415,414,-32768,513,1,0
3,6,17,654,-32768,14,0,0
3,6,408,643,9324,505,1,0
3,6,12,665,13109,185,0,0
3,6,666,190,-20501,228,0,277
3,6,190,185,-12021,229,0,0
3,6,190,666,12266,228,1,0
3,6,185,190,20746,229,1,0
3,6,194,195,-16384,233,0,0
3,6,191,194,-16384,300,0,0
3,6,187,186,-20746,225,1,0
3,6,667,187,-12021,226,1,280
3,6,200,201,16384,239,0,0
3,6,201,204,16384,251,0,0
3,6,191,192,0,230,0,0
3,6,192,193,-16384,231,0,0
3,6,193,194,-32768,232,0,0
3,6,194,191,16384,300,1,0
3,6,211,212,-16384,260,0,0
3,6,668,669,16384,271,0,8
3,6,212,239,-32768,281,0,0
3,6,242,243,0,284,0,0
3,6,201,202,-32768,240,0,0
3,6,202,203,16384,241,0,0
3,6,203,204,0,242,0,0
3,6,204,201,-16384,251,1,0
3,6,203,202,-16384,241,1,0
3,6,211,203,0,253,0,0
3,6,202,212,-32768,254,0,0
3,6,212,211,16384,260,1,0
3,6,185,186,0,224,0,0
3,6,186,185,-32768,224,1,0
3,6,195,196,0,234,0,0
3,6,199,200,0,238,0,0
3,6,196,199,0,252,0,0
3,6,670,215,-16384,257,0,48
3,6,215,216,-32768,258,0,0
3,6,216,217,16384,259,0,0
3,6,236,237,0,277,0,0
3,6,239,236,-16384,280,0,0
3,6,237,238,16384,278,0,0
3,6,238,213,0,279,0,0
3,6,212,213,-16384,255,0,0
3,6,213,238,-32768,279,1,0
3,6,671,212,0,281,1,8
3,6,237,236,-32768,277,1,0
3,6,238,237,-16384,278,1,0
3,6,236,239,16384,280,1,0
3,6,239,671,0,281,1,0
3,6,213,214,0,256,0,0
3,6,214,670,-16384,257,0,0
3,6,672,230,0,272,0,40
3,6,233,234,-32768,274,0,0
3,6,235,233,-16384,275,0,0
3,6,234,247,16384,290,0,0
3,6,231,672,0,272,0,0
3,6,232,231,16384,273,0,0
3,6,247,232,-32768,291,0,0
3,6,234,246,-32768,288,0,0
3,6,246,232,16384,289,0,0
3,6,247,234,-16384,290,1,0
3,6,232,247,0,291,1,0
3,6,230,668,16384,271,0,0
3,6,196,197,16384,235,0,0
3,6,197,198,0,236,0,0
3,6,198,199,-16384,237,0,0
3,6,199,196,-32768,252,1,0
3,6,217,235,-32768,276,0,0
3,6,665,15,13109,185,0,513
3,6,189,666,-20501,228,0,0
3,6,188,667,-12021,226,1,0
3,6,204,205,16384,243,0,0
3,6,188,189,-32768,227,0,0
3,6,189,673,0,227,1,0
3,6,674,189,12266,228,1,242
3,6,675,210,-32768,248,0,8
3,6,226,250,0,296,0,0
3,6,250,224,-16384,297,0,0
3,6,224,251,-32768,298,0,0
3,6,251,226,16384,299,0,0
3,6,224,223,-16384,267,0,0
3,6,251,224,0,298,1,0
3,6,666,674,12266,228,1,34
3,6,210,191,-16384,249,0,0
3,6,227,228,16384,269,0,0
3,6,229,227,-32768,270,0,0
3,6,228,249,0,294,0,0
3,6,676,251,-16384,299,1,40
3,6,225,226,0,268,0,0
3,6,249,225,16384,295,0,0
3,6,226,676,-16384,299,1,0
3,6,228,248,16384,292,0,0
3,6,248,225,0,293,0,0
3,6,249,228,-32768,294,1,0
3,6,225,249,-16384,295,1,0
3,6,669,229,16384,271,0,72
3,6,673,188,0,227,1,192
3,6,205,206,-32768,244,0,0
3,6,209,675,-32768,248,0,0
3,6,206,209,-32768,250,0,0
3,6,218,211,-16384,261,0,0
3,6,677,678,0,264,0,96
3,6,243,244,16384,285,0,0
3,6,219,218,-32768,262,0,0
3,6,220,219,-16384,263,0,0
3,6,678,220,0,264,0,112
3,6,240,241,0,282,0,0
3,6,241,242,-16384,283,0,0
3,6,242,241,16384,283,1,0
3,6,243,242,-32768,284,1,0
3,6,679,243,-16384,285,1,8
3,6,221,677,0,264,0,0
3,6,680,221,16384,265,0,8
3,6,244,245,-32768,286,0,0
3,6,222,680,16384,265,0,0
3,6,245,240,-16384,287,0,0
3,6,241,240,-32768,282,1,0
3,6,244,679,-16384,285,1,0
3,6,245,244,0,286,1,0
3,6,240,245,16384,287,1,0
3,6,206,207,-16384,245,0,0
3,6,207,208,-32768,246,0,0
3,6,208,209,16384,247,0,0
3,6,209,206,0,250,1,0
3,6,223,222,0,266,0,0
3,6,681,682,-11085,5,0,1979
3,6,187,188,20746,226,0,0
3,6,0,606,-22484,0,0,0
3,6,682,0,-11085,5,0,3593
3,6,186,187,12021,225,0,0
3,6,683,14,-32768,11,1,432
3,6,14,56,-32768,50,0,0
3,6,289,283,0,368,0,0
3,6,287,283,-16384,347,0,0
3,6,289,290,16384,349,0,0
3,6,283,289,-32768,368,1,0
3,6,290,287,0,369,0,0
3,6,290,305,16384,366,0,0
3,6,306,287,-16384,367,0,0
3,6,287,290,-32768,369,1,0
3,6,305,306,0,370,0,0
3,6,306,305,-32768,370,1,0
3,6,307,308,0,371,0,0
3,6,305,307,16384,391,0,0
3,6,308,306,-16384,392,0,0
3,6,308,307,-32768,371,1,0
3,6,309,310,0,372,0,0
3,6,307,309,16384,387,1,0
3,6,310,308,-16384,388,1,0
3,6,310,309,-32768,372,1,0
3,6,303,304,0,374,0,0
3,6,309,303,16384,389,1,0
3,6,304,310,-16384,390,1,0
3,6,15,684,16384,12,0,0
3,6,15,683,-32768,11,1,0
3,6,684,15,-16384,12,1,168
3,6,284,285,11547,345,0,0
3,6,283,284,0,344,0,0
3,6,285,286,16384,346,0,0
3,6,284,283,-32768,344,1,0
3,6,285,284,-21220,345,1,0
3,6,286,285,-16384,346,1,0
3,6,283,287,16384,347,1,0
3,6,304,286,0,364,0,0
3,6,287,306,16384,367,1,0
3,6,308,310,16384,388,0,0
3,6,310,304,16384,390,0,0
3,6,306,308,16384,392,1,0
3,6,56,99,-32768,102,0,0
3,6,99,100,-32768,103,0,0
3,6,292,288,-11547,351,0,0
3,6,635,685,8192,403,0,11
3,6,288,289,0,348,0,0
3,6,291,292,-16384,350,0,0
3,6,289,288,-32768,348,1,0
3,6,290,289,-16384,349,1,0
3,6,292,291,16384,350,1,0
3,6,288,292,21220,351,1,0
3,6,291,303,0,363,0,0
3,6,305,290,-16384,366,1,0
3,6,309,307,-16384,387,0,0
3,6,303,309,-16384,389,0,0
3,6,307,305,-16384,391,1,0
3,6,686,76,0,73,0,16
3,6,76,77,0,74,0,0
3,6,77,78,0,75,0,0
3,6,78,79,-16384,76,0,0
3,6,79,80,-16384,77,0,0
3,6,77,76,-32768,74,1,0
3,6,99,56,0,102,1,0
3,6,56,77,-16384,112,0,0
3,6,76,99,16384,113,0,0
3,6,12,13,24576,10,0,0
3,6,14,15,0,11,0,0
3,6,13,55,16384,49,0,0
3,6,98,14,16384,98,0,0
3,6,55,98,16384,99,0,0
3,6,15,12,-19658,185,1,0
3,6,80,79,16384,77,1,0
3,6,98,55,-16384,99,1,0
3,6,55,80,-32768,100,0,0
3,6,79,98,0,101,0,0
3,6,625,74,8192,71,0,147
3,6,74,75,8192,72,0,0
3,6,75,686,0,73,0,0
3,6,95,96,-32768,92,0,0
3,6,93,94,-32768,90,0,0
3,6,94,95,16384,91,0,0
3,6,96,626,-16384,93,0,0
3,6,100,101,-24576,104,0,0
3,6,101,627,-24576,105,0,0
3,6,74,625,-24576,71,1,0
3,6,627,101,8192,105,1,147
3,6,101,74,-8192,115,0,0
3,6,619,12,12496,9,0,1056
3,6,12,619,-20271,9,1,0
3,6,13,12,-8192,10,1,0
3,6,621,13,8192,48,0,192
3,6,81,622,-24576,79,0,0
3,6,623,92,0,88,0,88
3,6,92,81,0,96,0,0
3,6,80,81,-16384,78,0,0
3,6,92,93,16384,89,0,0
3,6,81,92,-32768,96,1,0
3,6,295,296,-16384,354,0,0
3,6,296,291,-16384,365,0,0
3,6,685,330,8192,403,0,169
3,6,330,328,8192,406,0,0
3,6,314,315,16384,378,0,0
3,6,315,316,0,393,0,0
3,6,325,314,-32768,398,0,0
3,6,293,294,-32768,352,0,0
3,6,294,295,-21220,353,0,0
3,6,294,293,0,352,1,0
3,6,295,294,11547,353,1,0
3,6,296,295,16384,354,1,0
3,6,301,296,-32768,359,0,0
3,6,293,301,-16384,360,0,0
3,6,687,293,-32768,373,0,8
3,6,316,317,16384,379,0,0
3,6,317,318,0,380,0,0
3,6,318,319,-16384,381,0,0
3,6,324,311,-32768,386,0,0
3,6,311,542,16384,677,0,0
3,6,542,543,0,678,0,0
3,6,543,324,-16384,679,0,0
3,6,543,542,-32768,678,1,0
3,6,304,303,-32768,374,1,0
3,6,303,311,16384,375,0,0
3,6,324,304,-16384,385,0,0
3,6,311,324,0,386,1,0
3,6,311,312,-32768,396,0,0
3,6,312,325,16384,397,0,0
3,6,542,311,-16384,677,1,0
3,6,312,313,-32768,376,0,0
3,6,313,314,16384,377,0,0
3,6,325,312,-16384,397,1,0
3,6,314,325,0,398,1,0
3,6,684,16,16384,12,0,504
3,6,16,684,-16384,12,1,0
3,6,637,16,-10378,13,1,335
3,6,298,299,21220,356,0,0
3,6,299,300,-32768,357,0,0
3,6,300,687,-32768,373,0,0
3,6,297,298,16384,355,0,0
3,6,298,297,-16384,355,1,0
3,6,299,298,-11547,356,1,0
3,6,300,299,0,357,1,0
3,6,302,300,16384,361,0,0
3,6,297,302,-32768,362,0,0
3,6,286,297,16384,358,0,0
3,6,320,321,-16384,382,0,0
3,6,319,320,0,394,0,0
3,6,321,326,-32768,399,0,0
3,6,323,324,-32768,395,0,0
3,6,326,323,-16384,400,0,0
3,6,324,543,16384,679,1,0
3,6,321,322,-16384,383,0,0
3,6,322,323,-32768,384,0,0
3,6,326,321,0,399,1,0
3,6,323,326,16384,400,1,0
3,6,16,688,22390,13,0,0
3,6,272,273,0,331,0,0
3,6,688,689,22387,13,0,343
3,6,278,272,-16384,343,0,0
3,6,279,280,0,338,0,0
3,6,280,281,-16384,339,0,0
3,6,281,282,-32768,341,0,0
3,6,282,279,16384,342,0,0
3,6,278,279,0,337,0,0
3,6,279,282,-16384,342,1,0
3,6,690,278,16384,343,1,64
3,6,273,272,-32768,331,1,0
3,6,281,273,-16384,340,0,0
3,6,282,281,0,341,1,0
3,6,272,690,16384,343,1,0
3,6,689,637,22389,13,0,572
3,6,277,278,-24576,336,0,0
3,6,276,277,-32768,335,0,0
3,6,642,681,-11085,5,0,1705
3,6,274,275,16384,333,0,0
3,6,273,274,8192,332,0,0
3,6,275,276,24576,334,0,0
