episode,mission,partition_x,partition_y,partition_x_diff,partition_y_diff,rbox_top,rbox_bottom,rbox_left,rbox_right,lbox_top,lbox_bottom,lbox_left,lbox_right,rchild,lchild
1,3,440,-1584,-8,0,-1584,-1584,432,440,-1584,-1616,432,440,32771,32772
1,3,440,-1616,0,32,-1472,-1616,440,552,-1584,-1616,432,440,32770,0
1,3,432,-1584,0,-32,-1472,-1616,304,432,-1472,-1616,432,552,32769,1
1,3,432,-1616,8,0,-1616,-1920,304,552,-1472,-1616,304,552,32768,2
1,3,576,-1568,0,-64,-1568,-1632,552,576,-1568,-1632,576,592,32773,32774
1,3,552,-1472,0,-24,-1472,-1920,304,552,-1568,-1632,552,592,3,4
1,3,616,-1568,0,56,-1472,-1760,616,672,-1568,-1632,592,616,32775,32776
1,3,736,-1696,-64,0,-1616,-1696,672,736,-1696,-1760,672,736,32778,32779
1,3,712,-1616,0,32,-1584,-1616,712,712,-1584,-1616,704,712,32782,32783
1,3,704,-1584,0,-32,-1584,-1616,704,704,-1584,-1616,704,712,32781,8
1,3,712,-1584,-8,0,-1472,-1584,672,736,-1584,-1616,704,712,32780,9
1,3,704,-1616,8,0,-1616,-1760,672,736,-1472,-1616,672,736,7,10
1,3,736,-1760,0,64,-1472,-1760,736,792,-1472,-1760,672,736,32777,11
1,3,672,-1696,0,-64,-1472,-1760,592,672,-1472,-1760,672,792,6,12
1,3,592,-1568,0,-64,-1472,-1920,304,592,-1472,-1760,592,792,5,13
1,3,32,-1536,0,-128,-1536,-1664,0,32,-1536,-1664,32,64,32785,32786
1,3,96,-1536,0,-128,-1536,-1664,64,96,-1536,-1664,96,128,32787,32788
1,3,64,-1536,0,-128,-1536,-1664,0,64,-1536,-1664,64,128,15,16
1,3,32,-1664,-32,0,-1536,-1664,0,128,-1696,-1696,0,128,17,32789
1,3,160,-1536,0,-128,-1536,-1664,128,160,-1536,-1664,160,192,32791,32792
1,3,192,-1536,88,0,-1536,-1664,192,304,-1520,-1536,280,304,32793,32794
1,3,280,-1664,-88,0,-1520,-1664,192,304,-1664,-1680,280,304,20,32795
1,3,192,-1536,0,-128,-1536,-1664,128,192,-1520,-1680,192,304,19,21
1,3,128,-1696,160,0,-1696,-1728,128,288,-1520,-1680,128,304,32790,22
1,3,128,-1536,0,-128,-1536,-1696,0,128,-1520,-1728,128,304,18,23
1,3,288,-1504,-288,0,-1472,-1504,0,288,-1520,-1728,0,304,32784,24
1,3,-256,-1536,32,0,-1536,-1664,-256,-224,-1504,-1504,-256,-224,32799,32800
1,3,-256,-1696,32,0,-1696,-1696,-256,-224,-1504,-1664,-256,-224,32798,26
1,3,-224,-1696,0,32,-1504,-1696,-224,-192,-1504,-1696,-256,-224,32797,27
1,3,-256,-1664,0,-32,-1472,-1728,-512,-256,-1504,-1696,-256,-192,32796,28
1,3,-128,-1536,0,-128,-1536,-1664,-192,-128,-1536,-1664,-128,-96,32801,32802
1,3,-96,-1536,0,-128,-1536,-1664,-192,-96,-1536,-1664,-96,-64,30,32803
1,3,-32,-1536,0,-128,-1536,-1664,-64,-32,-1536,-1664,-32,0,32804,32805
1,3,-64,-1536,0,-128,-1536,-1664,-192,-64,-1536,-1664,-64,0,31,32
1,3,-96,-1664,-32,0,-1536,-1664,-192,0,-1696,-1696,-192,0,33,32806
1,3,-128,-1536,32,0,-1536,-1696,-192,0,-1504,-1504,-192,0,34,32807
1,3,-192,-1504,0,-32,-1472,-1728,-512,-192,-1504,-1696,-192,0,29,35
1,3,0,-1664,0,128,-1472,-1728,0,304,-1472,-1728,-512,0,25,36
1,3,192,-1888,-256,0,-1760,-1888,-64,192,-1888,-1888,-64,192,32808,32809
1,3,-64,-1760,256,0,-1760,-1888,-64,192,-1760,-1760,-64,192,38,32810
1,3,-320,-1920,-128,192,-1728,-1920,-448,-64,-1920,-1920,-328,-320,32811,32812
1,3,-64,-1888,0,128,-1760,-1888,-64,192,-1728,-1920,-448,-64,39,40
1,3,288,-1728,0,-192,-1728,-1920,192,288,-1728,-1920,288,304,32813,32814
1,3,192,-1760,0,-128,-1728,-1920,-448,192,-1728,-1920,192,304,41,42
1,3,-448,-1728,-64,0,-1472,-1728,-512,304,-1728,-1920,-448,304,37,43
1,3,304,-1680,0,160,-1472,-1920,304,792,-1472,-1920,-512,304,14,44
1,3,192,-1440,-256,0,-1312,-1440,-64,192,-1440,-1440,-64,192,32815,32816
1,3,192,-1312,0,-128,-1312,-1440,-64,192,-1312,-1472,192,288,46,32817
1,3,-64,-1312,256,0,-1312,-1472,-64,288,-1216,-1312,-64,288,47,32818
1,3,-128,-1280,64,64,-1216,-1440,-128,-64,-1280,-1472,-448,-128,32819,32820
1,3,-64,-1440,0,128,-1216,-1472,-64,288,-1216,-1472,-448,-64,48,49
1,3,304,-1472,0,192,-1280,-1472,304,552,-1280,-1472,288,304,32821,32822
1,3,288,-1280,0,-192,-1216,-1472,-448,288,-1280,-1472,288,552,50,51
1,3,-448,-640,0,-256,-640,-896,-512,-448,-640,-896,-448,-384,32823,32824
1,3,-448,-896,-64,0,-640,-896,-512,-384,-896,-992,-512,-384,53,32825
1,3,-512,-640,64,0,-640,-992,-512,-384,-416,-640,-512,-384,54,32826
1,3,-512,-416,128,-32,-416,-992,-512,-384,-352,-448,-512,-384,55,32827
1,3,-128,-832,-64,0,-824,-832,-192,-128,-832,-896,-192,-128,32832,32833
1,3,-128,-896,0,64,-824,-896,-128,-120,-824,-896,-192,-128,32831,57
1,3,-192,-832,0,-64,-824,-896,-200,-192,-824,-896,-192,-120,32830,58
1,3,-200,-824,0,-72,-824,-896,-320,-200,-824,-896,-200,-120,32829,59
1,3,-120,-896,0,72,-824,-896,-120,0,-824,-896,-320,-120,32828,60
1,3,-320,-648,112,0,-648,-824,-320,-208,-632,-648,-320,-208,32835,32836
1,3,-208,-632,-112,0,-512,-632,-320,-208,-632,-824,-320,-208,32834,62
1,3,-208,-648,16,0,-648,-824,-208,0,-512,-648,-192,0,32837,32838
1,3,-208,-632,0,-16,-512,-824,-320,-208,-512,-824,-208,0,63,64
1,3,-64,-384,0,-24,-384,-512,-192,-64,-448,-512,-64,0,32839,32840
1,3,-312,-480,-32,32,-352,-480,-384,-64,-448,-448,-384,-344,32841,32842
1,3,-192,-480,128,96,-384,-512,-192,0,-352,-480,-384,-64,66,67
1,3,-320,-512,112,0,-512,-824,-320,0,-352,-512,-384,0,65,68
1,3,-200,-824,80,0,-824,-896,-320,0,-352,-824,-384,0,61,69
1,3,-384,-448,0,-544,-352,-992,-512,-384,-352,-896,-384,0,56,70
1,3,-64,-1216,288,0,-1216,-1472,-448,552,-352,-992,-512,0,52,71
1,3,-512,-1472,64,0,-1472,-1920,-512,792,-352,-1472,-512,552,45,72
1,3,-1440,-1624,96,-40,-1624,-1792,-1440,-1280,-1592,-1664,-1440,-1344,32845,32846
1,3,-1344,-1664,64,-128,-1592,-1792,-1440,-1280,-1624,-1792,-1363,-1248,74,32847
1,3,-1328,-1640,-112,48,-1472,-1640,-1440,-1328,-1592,-1792,-1440,-1248,32844,75
1,3,-1248,-1792,-80,152,-1472,-1792,-1416,-1184,-1472,-1792,-1440,-1248,32843,76
1,3,-1696,-1728,32,64,-1624,-1728,-1696,-1440,-1664,-1728,-1696,-1664,32849,32850
1,3,-1680,-1640,-16,-30,-1640,-1670,-1696,-1680,-1592,-1670,-1696,-1568,32852,32853
1,3,-1568,-1592,-112,-48,-1592,-1640,-1680,-1568,-1592,-1670,-1696,-1568,32851,79
1,3,-1664,-1664,96,40,-1624,-1728,-1696,-1440,-1592,-1670,-1696,-1568,78,80
1,3,-1440,-1592,-128,0,-1472,-1592,-1696,-1440,-1592,-1728,-1696,-1440,32848,81
1,3,-1440,-1624,0,32,-1472,-1792,-1440,-1184,-1472,-1728,-1696,-1440,77,82
1,3,-1248,-1792,-32,0,-1472,-1792,-1696,-1184,-1792,-1920,-1696,-1280,83,32854
1,3,-808,-1792,168,168,-1624,-1888,-904,-536,-1792,-1888,-1048,-808,32856,32857
1,3,-768,-1920,-32,32,-1888,-1920,-800,-768,-1888,-1920,-1048,-960,32858,32859
1,3,-960,-1888,-88,0,-1624,-1888,-1048,-536,-1888,-1920,-1048,-768,85,86
1,3,-536,-1728,-128,-128,-1624,-1920,-1048,-536,-1856,-1920,-664,-664,87,32860
1,3,-1024,-1536,-128,0,-1472,-1536,-1152,-1024,-1624,-1920,-1048,-536,32855,88
1,3,-640,-1624,104,-104,-1472,-1920,-1152,-536,-1472,-1728,-640,-512,89,32861
1,3,-1216,-1536,32,-240,-1472,-1920,-1696,-1184,-1472,-1920,-1152,-512,84,90
1,3,-1664,-1216,0,-128,-960,-1344,-1696,-1664,-960,-1216,-1664,-1600,32862,32863
1,3,-1120,-1296,64,0,-1296,-1344,-1152,-1024,-1120,-1296,-1120,-1056,32865,32866
1,3,-1056,-1120,-64,0,-960,-1120,-1504,-704,-1120,-1344,-1152,-1024,32864,93
1,3,-1600,-960,0,-192,-960,-1344,-1696,-1600,-960,-1344,-1504,-704,92,94
1,3,-1056,-1456,8,0,-1456,-1456,-1056,-1048,-1424,-1456,-1056,-1048,32870,32871
1,3,-1048,-1424,-8,0,-1344,-1424,-1056,-1048,-1424,-1456,-1056,-1048,32869,96
1,3,-1048,-1456,0,32,-1344,-1472,-1048,-1024,-1344,-1456,-1056,-1048,32868,97
1,3,-1056,-1424,0,-32,-1344,-1472,-1152,-1056,-1344,-1472,-1056,-1024,32867,98
1,3,-1152,-1408,0,64,-1344,-1472,-1152,-1024,-1408,-1472,-1176,-1152,99,32872
1,3,-1344,-1456,-128,0,-1408,-1456,-1520,-1192,-1456,-1472,-1344,-1192,32873,32874
1,3,-1216,-1408,24,0,-1408,-1472,-1520,-1192,-1392,-1408,-1536,-1216,101,32875
1,3,-1536,-1472,0,80,-1392,-1472,-1536,-1472,-1344,-1376,-1696,-1664,32876,32877
1,3,-1472,-1456,-64,64,-1392,-1472,-1536,-1192,-1344,-1472,-1696,-1472,102,103
1,3,-1192,-1408,0,-64,-1344,-1472,-1696,-1192,-1408,-1472,-1192,-1176,104,32878
1,3,-1176,-1472,0,64,-1344,-1472,-1176,-1024,-1344,-1472,-1696,-1176,100,105
1,3,-1024,-1344,-128,0,-960,-1344,-1696,-704,-1344,-1472,-1696,-1024,95,106
1,3,-1600,-1472,64,0,-1472,-1920,-1696,-512,-960,-1472,-1696,-704,91,107
1,3,-704,-704,-96,0,-576,-704,-864,-704,-704,-736,-800,-704,32880,32881
1,3,-1408,-704,-128,0,-576,-704,-1536,-1344,-704,-704,-1536,-1408,32882,32883
1,3,-992,-672,-232,0,-672,-672,-1224,-992,-672,-736,-1312,-896,32888,32889
1,3,-896,-736,-96,64,-576,-736,-1092,-800,-672,-736,-1312,-896,32887,111
1,3,-1224,-672,-88,-64,-576,-736,-1408,-1092,-576,-736,-1312,-800,32886,112
1,3,-1216,-576,-128,-64,-576,-640,-1344,-1216,-576,-736,-1408,-800,32885,113
1,3,-864,-640,-128,64,-576,-640,-992,-864,-576,-736,-1408,-800,32884,114
1,3,-1344,-640,-64,-64,-576,-704,-1536,-1344,-576,-736,-1408,-800,110,115
1,3,-800,-704,-64,64,-576,-736,-864,-704,-576,-736,-1536,-800,109,116
1,3,-992,-576,-224,0,-416,-576,-1504,-704,-576,-736,-1536,-704,32879,117
1,3,-800,-832,96,0,-832,-960,-864,-704,-736,-832,-800,-704,32890,32891
1,3,-1216,-864,224,0,-864,-864,-1216,-992,-800,-864,-1312,-896,32896,32897
1,3,-1312,-800,96,-64,-800,-960,-1408,-1136,-800,-864,-1312,-896,32895,120
1,3,-992,-864,96,64,-800,-960,-1136,-800,-800,-960,-1408,-896,32894,121
1,3,-992,-960,128,64,-896,-960,-992,-864,-800,-960,-1408,-800,32893,122
1,3,-1344,-896,128,-64,-896,-960,-1344,-1216,-800,-960,-1408,-800,32892,123
1,3,-896,-800,0,64,-736,-800,-896,-896,-736,-800,-1280,-896,32898,32899
1,3,-1312,-800,0,64,-736,-800,-1312,-1280,-736,-800,-1312,-1312,32900,32901
1,3,-1280,-800,0,64,-736,-800,-1280,-896,-736,-800,-1312,-1280,125,126
1,3,-1312,-800,32,0,-800,-960,-1408,-800,-736,-800,-1312,-896,124,127
1,3,-864,-896,64,64,-736,-960,-864,-704,-736,-960,-1408,-800,119,128
1,3,-1280,-736,-32,0,-416,-736,-1536,-704,-736,-960,-1408,-704,118,129
1,3,-1536,-832,0,128,-704,-832,-1536,-1408,-704,-832,-1696,-1536,32902,32903
1,3,-1664,-896,64,-64,-896,-960,-1664,-1600,-832,-896,-1664,-1664,32905,32906
1,3,-1536,-856,0,24,-832,-960,-1536,-1344,-832,-960,-1664,-1600,32904,132
1,3,-1536,-832,-128,0,-704,-832,-1696,-1408,-832,-960,-1664,-1344,131,133
1,3,-1344,-896,-64,64,-416,-960,-1536,-704,-704,-960,-1696,-1344,130,134
1,3,-576,-896,-64,0,-640,-896,-640,-576,-896,-960,-640,-576,32907,32908
1,3,-640,-896,0,256,-640,-960,-640,-576,-640,-960,-704,-640,136,32909
1,3,-640,-640,64,0,-640,-960,-704,-576,-576,-640,-704,-576,137,32910
1,3,-576,-832,64,0,-832,-896,-576,-512,-640,-704,-576,-512,32911,32912
1,3,-576,-704,0,-128,-576,-960,-704,-576,-640,-896,-576,-512,138,139
1,3,-704,-704,0,-128,-416,-960,-1696,-704,-576,-960,-704,-512,135,140
1,3,-1216,-960,224,0,-960,-1920,-1696,-512,-416,-960,-1696,-512,108,141
1,3,-512,-992,0,96,-352,-1920,-512,792,-416,-1920,-1696,-512,73,142
1,3,-1552,-2128,96,0,-2128,-2392,-1552,-1456,-1984,-2128,-1616,-1392,32913,32914
1,3,-1616,-1984,224,0,-1984,-2080,-1616,-1392,-1960,-1984,-1616,-1392,32916,32917
1,3,-1392,-1960,-224,0,-1920,-1960,-1696,-1392,-1960,-2080,-1616,-1392,32915,145
1,3,-1616,-2080,224,96,-1984,-2392,-1616,-1392,-1920,-2080,-1696,-1392,144,146
1,3,-1368,-2080,0,96,-1984,-2080,-1368,-1248,-1984,-2080,-1392,-1368,32919,32920
1,3,-1328,-1960,-64,0,-1920,-1960,-1392,-1280,-1984,-2080,-1392,-1248,32918,148
1,3,-1344,-2304,0,192,-2096,-2304,-1344,-1248,-2112,-2304,-1376,-1344,32921,32922
1,3,-1368,-2080,-24,0,-1920,-2080,-1392,-1248,-2096,-2304,-1376,-1248,149,150
1,3,-1120,-2192,-16,16,-1920,-2192,-1136,-768,-2176,-2192,-1136,-1120,32923,32924
1,3,-1136,-2176,0,24,-1920,-2192,-1136,-768,-2152,-2176,-1136,-1136,152,32925
1,3,-960,-1992,16,72,-1920,-1992,-960,-880,-1920,-2152,-1248,-944,32926,32927
1,3,-1136,-2152,176,160,-1920,-2192,-1136,-768,-1920,-2152,-1248,-880,153,154
1,3,-768,-2112,-88,-80,-1920,-2192,-1248,-768,-2112,-2192,-856,-768,155,32928
1,3,-856,-2192,-264,0,-1920,-2192,-1248,-768,-2192,-2304,-1248,-768,156,32929
1,3,-1248,-1984,0,-96,-1920,-2304,-1392,-1248,-1920,-2304,-1248,-768,151,157
1,3,-1280,-2376,0,16,-2304,-2376,-1280,-1160,-2304,-2360,-1328,-1280,32931,32932
1,3,-1160,-2360,0,-16,-2304,-2376,-1328,-1160,-2304,-2360,-1160,-1104,159,32933
1,3,-1160,-2376,-120,0,-2304,-2376,-1328,-1104,-2376,-2392,-1280,-1160,160,32934
1,3,-1072,-2336,0,32,-2304,-2336,-1072,-816,-2304,-2392,-1328,-1104,32930,161
1,3,-1328,-2304,-16,0,-1920,-2304,-1392,-768,-2304,-2392,-1328,-816,158,162
1,3,-1392,-1984,0,-96,-1920,-2392,-1696,-1392,-1920,-2392,-1392,-768,147,163
1,3,-1440,-3264,0,64,-3200,-3264,-1440,-1344,-3200,-3264,-1568,-1440,32937,32938
1,3,-1568,-3264,128,0,-3264,-3392,-1568,-1344,-3200,-3264,-1568,-1344,32936,165
1,3,-1568,-3200,0,-64,-3200,-3392,-1664,-1568,-3200,-3392,-1568,-1344,32935,166
1,3,-1344,-3392,-128,0,-3200,-3392,-1664,-1344,-3392,-3408,-1536,-1472,167,32939
1,3,-1664,-3200,96,0,-3200,-3408,-1664,-1344,-3184,-3200,-1568,-1440,168,32940
1,3,-1552,-2640,-48,-304,-2640,-2944,-1632,-1552,-2640,-2944,-1600,-1408,32941,32942
1,3,-1696,-2624,96,0,-2624,-2640,-1696,-1600,-2432,-2624,-1696,-1600,32943,32944
1,3,-1600,-2640,48,0,-2640,-2944,-1632,-1408,-2432,-2640,-1696,-1600,170,171
1,3,-1600,-3008,0,64,-2944,-3008,-1600,-1408,-2944,-3008,-1696,-1632,32945,32946
1,3,-1664,-3008,-32,0,-2944,-3008,-1696,-1408,-3008,-3184,-1696,-1297,173,32947
1,3,-1408,-2944,-192,0,-2432,-2944,-1696,-1408,-2944,-3184,-1696,-1297,172,174
1,3,-1568,-3184,128,0,-3184,-3408,-1664,-1344,-2432,-3184,-1696,-1297,169,175
1,3,-1408,-2624,128,0,-2624,-2944,-1408,-1280,-2432,-2624,-1408,-1280,32948,32949
1,3,-1280,-3008,-64,0,-2944,-3008,-1376,-1280,-3008,-3177,-1376,-1280,32950,32951
1,3,-1376,-2944,-32,0,-2432,-2944,-1408,-1280,-2944,-3177,-1376,-1280,177,178
1,3,-1216,-2624,-64,0,-2624,-2624,-1280,-1216,-2672,-2688,-1280,-1264,32954,32955
1,3,-1264,-2688,48,0,-2688,-2944,-1264,-1216,-2624,-2688,-1280,-1216,32953,180
1,3,-1280,-3008,64,0,-3008,-3176,-1280,-1216,-2944,-2960,-1280,-1264,32956,32957
1,3,-1216,-2944,-48,0,-2624,-2944,-1280,-1216,-2944,-3176,-1280,-1216,181,182
1,3,-1216,-3008,0,64,-2432,-3173,-1216,-1024,-2624,-3176,-1280,-1216,32952,183
1,3,-1280,-2960,0,-48,-2432,-3177,-1408,-1280,-2432,-3176,-1280,-1024,179,184
1,3,-1136,-2416,-168,0,-2392,-2416,-1304,-1136,-2416,-2432,-1304,-1136,32958,32959
1,3,-1344,-2432,40,0,-2432,-3177,-1408,-1024,-2392,-2432,-1304,-1136,185,186
1,3,-1408,-2944,-48,304,-2640,-2944,-1456,-1408,-2640,-2944,-1552,-1408,32960,32961
1,3,-1552,-2640,96,0,-2640,-2944,-1552,-1408,-2392,-2640,-1552,-1456,188,32962
1,3,-1408,-2640,0,16,-2392,-3177,-1408,-1024,-2392,-2944,-1552,-1408,187,189
1,3,-1552,-2640,144,-304,-2432,-3408,-1696,-1297,-2392,-3177,-1552,-1024,176,190
1,3,-1160,-2392,-120,0,-1920,-2392,-1696,-768,-2392,-3408,-1696,-1024,164,191
1,3,-592,-2176,0,64,-2080,-2176,-592,-128,-2112,-2176,-616,-592,32963,32964
1,3,-96,-2080,64,-16,-2080,-2176,-192,0,-1920,-1984,-120,0,32965,32966
1,3,-192,-2080,64,-96,-2080,-2176,-616,-128,-1920,-2176,-192,0,193,194
1,3,-768,-2112,16,0,-2112,-2176,-768,-640,-2080,-2112,-752,-664,32967,32968
1,3,-640,-2112,0,-64,-2080,-2176,-768,-640,-2112,-2176,-640,-616,196,32969
1,3,-752,-2048,0,112,-1920,-2048,-752,-664,-1920,-1936,-768,-752,32970,32971
1,3,-664,-2048,-88,0,-1920,-2048,-768,-664,-2048,-2080,-752,-664,198,32972
1,3,-752,-2080,88,0,-2080,-2176,-768,-616,-1920,-2080,-768,-664,197,199
1,3,-616,-2176,0,64,-1920,-2176,-616,0,-1920,-2176,-768,-616,195,200
1,3,-128,-2176,0,-192,-2176,-2368,-416,-128,-2176,-2368,-128,0,32973,32974
1,3,-480,-2264,-112,24,-2240,-2264,-592,-416,-2240,-2264,-632,-480,32975,32976
1,3,-416,-2264,-64,0,-2240,-2264,-632,-416,-2264,-2288,-632,-480,203,32977
1,3,-528,-2320,-136,24,-2264,-2320,-664,-512,-2296,-2344,-672,-528,32978,32979
1,3,-512,-2288,-120,24,-2240,-2288,-632,-416,-2264,-2344,-672,-512,204,205
1,3,-680,-2240,-88,-64,-2176,-2304,-768,-640,-2176,-2240,-592,-592,32980,32981
1,3,-632,-2264,40,24,-2240,-2344,-672,-416,-2176,-2304,-768,-592,206,207
1,3,-528,-2344,-144,8,-2176,-2344,-768,-416,-2336,-2368,-672,-528,208,32982
1,3,-416,-2368,0,104,-2176,-2368,-416,0,-2176,-2368,-768,-416,202,209
1,3,-520,-2400,-144,-40,-2384,-2440,-672,-520,-2400,-2472,-664,-512,32984,32985
1,3,-528,-2384,-144,-16,-2368,-2400,-672,-528,-2384,-2472,-672,-512,32983,211
1,3,-504,-2408,-72,-88,-2408,-2496,-632,-504,-2408,-2496,-576,-504,32986,32987
1,3,-504,-2408,88,0,-2408,-2496,-504,-7,-2368,-2408,-416,0,32988,32989
1,3,-504,-2408,0,-88,-2408,-2496,-632,-504,-2368,-2496,-504,0,213,214
1,3,-512,-2408,-120,-64,-2368,-2472,-672,-512,-2368,-2496,-632,0,212,215
1,3,-528,-2368,-144,0,-2176,-2368,-768,0,-2368,-2496,-672,0,210,216
1,3,-592,-2176,-24,0,-1920,-2176,-768,0,-2176,-2496,-768,0,201,217
1,3,192,-2048,256,0,-2048,-2208,128,480,-1920,-1984,128,288,32990,32991
1,3,320,-2224,16,0,-2224,-2400,256,480,-2208,-2224,336,464,32993,32994
1,3,232,-2208,-40,-64,-2208,-2272,128,232,-2208,-2400,256,480,32992,220
1,3,320,-2208,-88,0,-1920,-2208,128,480,-2208,-2400,128,480,219,221
1,3,32,-2208,0,-64,-2208,-2272,0,32,-2208,-2272,32,64,32995,32996
1,3,32,-2208,32,0,-2208,-2272,0,64,-1984,-1984,0,64,223,32997
1,3,96,-2208,0,-64,-2208,-2272,64,96,-2208,-2272,96,128,32998,32999
1,3,64,-2208,32,0,-2208,-2272,64,128,-1984,-1984,64,128,225,33000
1,3,64,-2208,0,-64,-1984,-2272,0,64,-1984,-2272,64,128,224,226
1,3,128,-2272,0,64,-1920,-2400,128,480,-1984,-2272,0,128,222,227
1,3,320,-2496,32,-32,-2496,-2848,160,480,-2528,-2656,352,480,33002,33003
1,3,320,-2496,-64,0,-2464,-2496,256,320,-2496,-2848,160,480,33001,229
1,3,480,-2528,0,-32,-2464,-2848,160,480,-2464,-2848,480,928,230,33004
1,3,800,-2912,-192,-192,-2848,-3232,32,818,-2912,-3104,608,800,33005,33006
1,3,608,-3104,-576,-128,-2848,-3232,32,818,-3104,-3232,32,736,232,33007
1,3,480,-2848,-32,0,-2464,-2848,160,928,-2848,-3232,32,818,231,233
1,3,928,-2464,-128,-448,-2464,-3232,32,928,-2464,-3136,736,928,234,33008
1,3,160,-2560,96,64,-2464,-3232,32,928,-2464,-2496,256,304,235,33009
1,3,320,-2432,-64,0,-2400,-2432,256,320,-2432,-2464,256,320,33010,33011
1,3,256,-2464,64,0,-2464,-3232,32,928,-2400,-2464,256,320,236,237
1,3,320,-2400,-64,0,-1920,-2400,0,480,-2400,-3232,32,928,228,238
1,3,0,-2208,0,-64,-1920,-2496,-768,0,-1920,-3232,0,928,218,239
1,3,-768,-1952,0,-160,-1920,-3408,-1696,-768,-1920,-3232,-768,928,192,240
1,3,-1280,-1920,-416,0,-352,-1920,-1696,792,-1920,-3408,-1696,928,143,241
1,3,-1792,-2944,0,256,-2688,-2944,-1792,-1744,-2688,-2944,-1984,-1792,33012,33013
1,3,-1696,-3008,-32,0,-2960,-3008,-1728,-1696,-3008,-3178,-1728,-1696,33015,33016
1,3,-1792,-2944,0,-64,-2944,-3173,-1984,-1792,-3008,-3176,-1792,-1728,33017,33018
1,3,-1728,-3008,0,48,-2960,-3178,-1728,-1696,-2944,-3176,-1984,-1728,244,245
1,3,-1728,-2960,-16,16,-2944,-2960,-1744,-1728,-2944,-3178,-1984,-1696,33014,246
1,3,-1744,-2944,-48,0,-2688,-2944,-1984,-1744,-2944,-3178,-1984,-1696,243,247
1,3,-1728,-2672,0,48,-2624,-2672,-1728,-1696,-2624,-2688,-1984,-1792,33021,33022
1,3,-1728,-2624,-64,0,-2432,-2624,-1968,-1696,-2624,-2688,-1984,-1696,33020,249
1,3,-1744,-2688,16,16,-2672,-2688,-1744,-1728,-2432,-2688,-1984,-1696,33019,250
1,3,-1792,-2688,48,0,-2688,-3178,-1984,-1696,-2432,-2688,-1984,-1696,248,251
1,3,-1936,-2576,88,88,-2488,-2584,-1936,-1840,-2472,-2576,-1952,-1848,33023,33024
1,3,-1984,-2640,56,56,-2432,-3178,-1984,-1696,-2472,-2584,-1952,-1840,252,253
1,3,-1888,-2176,128,0,-2176,-2208,-1888,-1760,-2144,-2176,-1888,-1760,33026,33027
1,3,-1888,-2208,128,0,-2208,-2368,-1888,-1760,-2144,-2208,-1888,-1760,33025,255
1,3,-2016,-2304,-16,64,-2240,-2304,-2032,-1888,-2304,-2320,-2032,-2016,33028,33029
1,3,-1920,-2216,-112,0,-2144,-2216,-2032,-1904,-2216,-2240,-2032,-1920,33030,33031
1,3,-1920,-2240,32,0,-2240,-2320,-2032,-1888,-2144,-2240,-2032,-1904,257,258
1,3,-1888,-2240,0,32,-2144,-2368,-1888,-1760,-2144,-2320,-2032,-1888,256,259
1,3,-1864,-2440,-120,-120,-2368,-2608,-2032,-1792,-2440,-2560,-1984,-1864,33032,33033
1,3,-1760,-2368,-32,0,-2144,-2368,-2032,-1760,-2368,-2608,-2032,-1792,260,261
1,3,-1952,-2560,88,88,-2432,-3178,-1984,-1696,-2144,-2608,-2032,-1760,254,262
1,3,-2016,-1952,0,-96,-1952,-2048,-2032,-2016,-1952,-2048,-2016,-2000,33034,33035
1,3,-1984,-1952,0,-96,-1952,-2048,-2000,-1984,-1952,-2048,-1984,-1968,33036,33037
1,3,-2000,-1952,0,-96,-1952,-2048,-2032,-2000,-1952,-2048,-2000,-1968,264,265
1,3,-1968,-2048,-16,0,-1952,-2048,-2032,-1968,-2088,-2088,-2032,-1968,266,33038
1,3,-1888,-2112,128,0,-2112,-2144,-1888,-1760,-1952,-2112,-1888,-1760,33039,33040
1,3,-1952,-1952,0,-96,-1952,-2048,-1968,-1952,-1952,-2048,-1952,-1936,33041,33042
1,3,-1920,-1952,0,-96,-1952,-2048,-1936,-1920,-1952,-2048,-1920,-1888,33043,33044
1,3,-1936,-1952,0,-96,-1952,-2048,-1968,-1936,-1952,-2048,-1936,-1888,269,270
1,3,-1968,-2088,64,0,-2088,-2144,-1968,-1904,-2072,-2088,-1968,-1904,33045,33046
1,3,-1888,-2048,-32,0,-1952,-2048,-1968,-1888,-2072,-2144,-1968,-1904,271,272
1,3,-1888,-2144,0,32,-1952,-2144,-1888,-1760,-1952,-2144,-1968,-1888,268,273
1,3,-1968,-1952,0,-96,-1952,-2088,-2032,-1968,-1952,-2144,-1968,-1760,267,274
1,3,-1904,-1952,0,32,-1832,-1952,-1904,-1792,-1832,-1920,-1984,-1904,33047,33048
1,3,-1792,-1920,32,-32,-1920,-1952,-1792,-1760,-1832,-1896,-1792,-1760,33049,33050
1,3,-1760,-1832,0,-64,-1832,-1952,-1792,-1760,-1832,-1896,-1760,-1744,277,33051
1,3,-1792,-1832,0,-64,-1832,-1952,-1984,-1792,-1832,-1952,-1792,-1744,276,278
1,3,-1728,-1920,32,0,-1920,-1952,-1728,-1696,-1896,-1920,-1728,-1696,33052,33053
1,3,-1728,-1920,0,24,-1896,-1952,-1728,-1696,-1832,-1896,-1736,-1728,280,33054
1,3,-1736,-1896,0,64,-1832,-1952,-1736,-1696,-1832,-1896,-1744,-1736,281,33055
1,3,-1744,-1832,0,-64,-1832,-1952,-1984,-1744,-1832,-1952,-1744,-1696,279,282
1,3,-1920,-1952,16,0,-1952,-2144,-2032,-1760,-1832,-1952,-1984,-1696,275,283
1,3,-1888,-2144,128,0,-2144,-3178,-2032,-1696,-1832,-2144,-2032,-1696,263,284
1,3,-2208,-2272,64,64,-2208,-2368,-2208,-2048,-2184,-2272,-2232,-2144,33056,33057
1,3,-2256,-2224,64,64,-2160,-2248,-2256,-2168,-2136,-2224,-2280,-2192,33058,33059
1,3,-2232,-2248,64,64,-2184,-2368,-2232,-2048,-2136,-2248,-2280,-2168,286,287
1,3,-2048,-2048,0,-40,-2048,-2088,-2048,-2048,-1952,-2048,-2048,-2032,33061,33062
1,3,-2048,-2088,16,0,-2088,-2216,-2204,-2032,-1952,-2088,-2048,-2032,33060,289
1,3,-2216,-2136,24,-24,-2136,-2368,-2280,-2048,-1952,-2216,-2204,-2032,288,290
1,3,-2133,-2394,21,-5,-2394,-2400,-2133,-2112,-2304,-2384,-2112,-2032,33064,33065
1,3,-2112,-2400,16,16,-2320,-2400,-2112,-2032,-2304,-2400,-2133,-2032,33063,292
1,3,-2048,-2304,-64,-64,-1952,-2368,-2280,-2032,-2304,-2400,-2133,-2032,291,293
1,3,-2072,-1912,0,-40,-1912,-2124,-2216,-2072,-1952,-1952,-2072,-2032,33066,33067
1,3,-2072,-1896,-144,0,-1832,-1896,-2216,-2054,-1896,-1912,-2216,-2072,33068,33069
1,3,-2216,-1912,144,0,-1912,-2124,-2216,-2032,-1832,-1912,-2216,-2054,295,296
1,3,-2344,-2136,-72,24,-2000,-2136,-2416,-2280,-2136,-2200,-2344,-2248,33070,33071
1,3,-2304,-2000,24,-72,-2000,-2200,-2416,-2248,-2072,-2168,-2280,-2216,298,33072
1,3,-2440,-2088,112,112,-1976,-2112,-2440,-2304,-1952,-2088,-2464,-2328,33073,33074
1,3,-2352,-1952,24,-24,-1952,-2112,-2464,-2304,-1832,-1896,-2233,-2216,300,33075
1,3,-2464,-2064,112,112,-1832,-2112,-2464,-2216,-1928,-2064,-2488,-2352,301,33076
1,3,-2416,-2112,112,112,-2000,-2200,-2416,-2216,-1832,-2112,-2488,-2216,299,302
1,3,-2216,-2112,0,200,-1832,-2124,-2216,-2032,-1832,-2200,-2488,-2216,297,303
1,3,-2280,-2200,64,64,-1952,-2400,-2280,-2032,-1832,-2200,-2488,-2032,294,304
1,3,-2560,-2584,0,256,-2246,-2584,-2560,-2432,-2328,-2328,-2584,-2560,33078,33079
1,3,-2584,-2328,-104,-56,-2232,-2412,-2860,-2432,-2246,-2584,-2584,-2432,33077,306
1,3,-2368,-2432,0,-64,-2432,-2496,-2368,-2368,-2432,-2496,-2368,-2304,33083,33084
1,3,-2304,-2432,-64,0,-2352,-2432,-2432,-2304,-2432,-2496,-2368,-2304,33082,308
1,3,-2304,-2496,0,64,-2352,-2496,-2304,-2200,-2352,-2496,-2432,-2304,33081,309
1,3,-2368,-2496,64,0,-2496,-2584,-2432,-2200,-2352,-2496,-2432,-2200,33080,310
1,3,-2432,-2232,0,-120,-2232,-2584,-2860,-2432,-2352,-2584,-2432,-2200,307,311
1,3,-2176,-2656,0,128,-2384,-2656,-2176,-2032,-2384,-2528,-2200,-2176,33085,33086
1,3,-2200,-2384,0,-144,-2232,-2584,-2860,-2200,-2384,-2656,-2200,-2032,312,313
1,3,-2440,-2088,-24,24,-1832,-2400,-2488,-2032,-2232,-2656,-2860,-2032,305,314
1,3,-3064,-2040,-96,96,-1920,-2040,-3160,-3040,-1944,-2080,-3200,-3064,33089,33090
1,3,-3024,-2080,24,24,-2056,-2176,-3024,-2904,-1920,-2080,-3200,-3040,33088,316
1,3,-2904,-2152,-96,96,-1832,-2152,-3192,-2832,-1920,-2176,-3200,-2904,33087,317
1,3,-2896,-2288,72,8,-2280,-2288,-2896,-2824,-2232,-2280,-2824,-2680,33091,33092
1,3,-2696,-2232,16,0,-2232,-2288,-2896,-2680,-2136,-2232,-2904,-2728,319,33093
1,3,-2904,-2152,-24,-24,-1832,-2176,-3200,-2832,-2136,-2288,-2904,-2680,318,320
1,3,-2512,-1840,-8,8,-1832,-1840,-2520,-2512,-1840,-2032,-2832,-2576,33095,33096
1,3,-2576,-1904,64,64,-1840,-2136,-2728,-2512,-1832,-2032,-2832,-2512,33094,322
1,3,-2936,-1832,-48,-48,-1832,-1880,-2984,-2936,-1832,-1920,-2904,-2728,33097,33098
1,3,-2832,-2032,192,192,-1832,-2136,-2832,-2512,-1832,-1920,-2984,-2728,323,324
1,3,-2336,-1840,-64,-64,-1832,-2080,-2624,-2336,-1904,-2040,-2512,-2376,33099,33100
1,3,-2624,-2032,-104,-104,-1832,-2136,-2984,-2512,-1832,-2080,-2624,-2336,325,326
1,3,-2984,-1880,152,-152,-1832,-2288,-3200,-2680,-1832,-2136,-2984,-2336,321,327
1,3,-2880,-2416,-16,128,-2288,-2416,-2896,-2860,-2288,-2416,-2912,-2880,33101,33102
1,3,-2912,-2416,0,128,-2288,-2416,-2912,-2860,-2288,-2416,-2944,-2912,329,33103
1,3,-2976,-2416,16,136,-2280,-2416,-2976,-2936,-2272,-2416,-3008,-2960,33104,33105
1,3,-2944,-2416,8,128,-2288,-2416,-2944,-2860,-2272,-2416,-3008,-2936,330,331
1,3,-3040,-2392,40,128,-2264,-2408,-3040,-2984,-2256,-2392,-3072,-3000,33106,33107
1,3,-3104,-2360,64,112,-2248,-2376,-3104,-3024,-2240,-2360,-3136,-3040,33108,33109
1,3,-3136,-2344,80,104,-2240,-2376,-3136,-3024,-2232,-2344,-3168,-3056,334,33110
1,3,-3072,-2376,48,120,-2256,-2408,-3072,-2984,-2232,-2376,-3168,-3024,333,335
1,3,-3008,-2408,24,136,-2272,-2416,-3008,-2860,-2232,-2408,-3168,-2984,332,336
1,3,-3232,-2272,128,72,-2200,-2296,-3232,-3088,-2184,-2272,-3256,-3104,33112,33113
1,3,-3200,-2296,112,80,-2216,-2320,-3200,-3072,-2184,-2296,-3256,-3088,33111,338
1,3,-3264,-2200,144,32,-2168,-2232,-3264,-3112,-2152,-2200,-3272,-3120,33114,33115
1,3,-3256,-2232,144,48,-2184,-2320,-3256,-3072,-2152,-2232,-3272,-3112,339,340
1,3,-3272,-2136,152,0,-2136,-2168,-3272,-3120,-2104,-2136,-3272,-3120,33116,33117
1,3,-3264,-2072,152,-24,-2072,-2112,-3272,-3112,-1984,-2096,-3264,-3104,33118,33119
1,3,-3272,-2104,152,-8,-2104,-2168,-3272,-3120,-1984,-2112,-3272,-3104,342,343
1,3,-3272,-2168,152,16,-2152,-2320,-3272,-3072,-1984,-2168,-3272,-3104,341,344
1,3,-3168,-2320,96,88,-2232,-2416,-3168,-2860,-1984,-2320,-3272,-3072,337,345
1,3,-3104,-2080,-96,96,-1832,-2288,-3200,-2336,-1984,-2416,-3272,-2860,328,346
1,3,-2488,-2040,112,112,-1832,-2656,-2860,-2032,-1832,-2416,-3272,-2336,315,347
1,3,-2032,-2240,0,24,-1832,-3178,-2032,-1696,-1832,-2656,-3272,-2032,285,348
1,3,-2880,-704,-112,-12,-704,-716,-2992,-2880,-704,-800,-2992,-2760,33122,33123
1,3,-2760,-800,-48,80,-720,-800,-2808,-2660,-704,-800,-2992,-2760,33121,350
1,3,-2808,-720,-72,16,-608,-750,-2992,-2672,-704,-800,-2992,-2660,33120,351
1,3,-2760,-992,-48,-40,-992,-1032,-2992,-2760,-1032,-1192,-2992,-2808,33127,33128
1,3,-2744,-992,-16,0,-800,-992,-2992,-2736,-992,-1192,-2992,-2760,33126,353
1,3,-2736,-896,-24,96,-800,-896,-2760,-2736,-800,-1192,-2992,-2736,33125,354
1,3,-2744,-992,8,96,-800,-992,-2744,-2643,-800,-1192,-2992,-2736,33124,355
1,3,-2928,-816,0,-32,-816,-848,-2928,-2928,-848,-864,-2928,-2912,33133,33134
1,3,-2912,-800,-16,-16,-800,-816,-2928,-2912,-816,-864,-2928,-2912,33132,357
1,3,-2864,-816,-16,16,-800,-816,-2880,-2864,-800,-864,-2928,-2912,33131,358
1,3,-2864,-848,0,32,-816,-848,-2864,-2864,-800,-864,-2928,-2864,33130,359
1,3,-2912,-864,32,0,-864,-864,-2912,-2880,-800,-864,-2928,-2864,33129,360
1,3,-2880,-864,16,16,-800,-1192,-2992,-2643,-800,-864,-2928,-2864,356,361
1,3,-2880,-800,-32,0,-608,-800,-2992,-2660,-800,-1192,-2992,-2643,352,362
1,3,-3056,-976,0,-32,-976,-1008,-3056,-3056,-1008,-1024,-3056,-3040,33146,33147
1,3,-3008,-960,-32,0,-960,-960,-3040,-3008,-976,-1024,-3056,-3040,33145,364
1,3,-2992,-976,-16,16,-960,-976,-3008,-2992,-960,-1024,-3056,-3008,33144,365
1,3,-3008,-1024,16,16,-1008,-1024,-3008,-2992,-960,-1024,-3056,-2992,33143,366
1,3,-3040,-1024,32,0,-1024,-1192,-3144,-2992,-960,-1024,-3056,-2992,33142,367
1,3,-3040,-960,-16,-16,-716,-1064,-3160,-2992,-960,-1192,-3144,-2992,33141,368
1,3,-3136,-1096,48,-56,-1096,-1152,-3136,-3088,-716,-1192,-3160,-2992,33140,369
1,3,-3160,-1000,24,-96,-1000,-1096,-3160,-3136,-716,-1192,-3160,-2992,33139,370
1,3,-3160,-896,0,-104,-896,-1000,-3160,-3160,-716,-1192,-3160,-2992,33138,371
1,3,-3024,-720,-96,-64,-720,-784,-3120,-3024,-716,-1192,-3160,-2992,33137,372
1,3,-2992,-716,-32,-3,-613,-720,-3064,-2992,-716,-1192,-3160,-2992,33136,373
1,3,-3120,-784,-40,-112,-629,-1054,-3296,-3064,-613,-1192,-3160,-2992,33135,374
1,3,-2992,-1008,0,32,-608,-1192,-2992,-2643,-613,-1192,-3296,-2992,363,375
1,3,-3016,-1288,0,24,-1264,-1288,-3016,-3016,-1248,-1264,-3032,-3016,33150,33151
1,3,-3032,-1248,-24,8,-1208,-1248,-3056,-2976,-1248,-1288,-3032,-3016,33149,377
1,3,-3008,-1192,-16,-16,-1054,-1248,-3283,-3008,-1208,-1288,-3056,-2976,33148,378
1,3,-3008,-1192,-80,40,-608,-1192,-3296,-2643,-1054,-1288,-3283,-2976,376,379
1,3,-2600,-1088,0,48,-1024,-1088,-2600,-2496,-1040,-1088,-2696,-2600,33152,33153
1,3,-2560,-1024,64,0,-1024,-1088,-2560,-2496,-1024,-1024,-2560,-2496,33154,33155
1,3,-2496,-1024,0,-64,-1024,-1088,-2560,-2496,-1024,-1088,-2496,-2432,382,33156
1,3,-2560,-1024,64,-64,-1024,-1088,-2696,-2496,-1024,-1088,-2560,-2432,381,383
1,3,-2584,-1152,0,40,-1088,-1168,-2584,-2432,-1088,-1112,-2600,-2584,33157,33158
1,3,-2456,-1320,24,24,-1296,-1344,-2456,-2432,-1168,-1248,-2464,-2432,33159,33160
1,3,-2464,-1168,-80,0,-1088,-1168,-2600,-2432,-1168,-1344,-2464,-2432,385,386
1,3,-2600,-1088,-64,0,-1024,-1088,-2696,-2432,-1088,-1344,-2600,-2432,384,387
1,3,-2672,-984,-48,-8,-984,-992,-2720,-2672,-984,-1080,-2728,-2672,33161,33162
1,3,-2672,-1024,16,-16,-1024,-1040,-2672,-2656,-1040,-1040,-2656,-2600,33165,33166
1,3,-2640,-976,-32,-8,-915,-984,-2672,-2640,-1024,-1040,-2672,-2600,33164,390
1,3,-2560,-1024,0,128,-896,-1024,-2560,-2432,-915,-1040,-2672,-2600,33163,391
1,3,-2672,-984,0,-40,-984,-1080,-2728,-2672,-896,-1040,-2672,-2432,389,392
1,3,-2600,-1040,40,16,-1024,-1344,-2696,-2432,-896,-1080,-2728,-2432,388,393
1,3,-2624,-1600,-40,40,-1488,-1664,-2664,-2488,-1600,-1728,-2688,-2560,33170,33171
1,3,-2576,-1776,144,144,-1632,-1832,-2576,-2432,-1488,-1728,-2688,-2488,33169,395
1,3,-2432,-1536,-104,104,-1336,-1536,-2536,-2432,-1488,-1832,-2688,-2432,33168,396
1,3,-2856,-1752,40,-40,-1752,-1832,-2920,-2816,-1728,-1832,-2816,-2688,33172,33173
1,3,-2752,-1728,64,-64,-1728,-1832,-2920,-2688,-1664,-1792,-2752,-2624,398,33174
1,3,-2520,-1832,-56,56,-1336,-1832,-2688,-2432,-1664,-1832,-2920,-2624,397,399
1,3,-2920,-1816,-16,-16,-1224,-1832,-3160,-2440,-1336,-1832,-2920,-2432,33167,400
1,3,-2856,-1480,24,-24,-1480,-1600,-2952,-2832,-1280,-1392,-2744,-2632,33176,33177
1,3,-3040,-1664,24,-24,-1664,-1784,-3136,-3016,-1280,-1600,-2952,-2632,33175,402
1,3,-2816,-1120,-88,-88,-1104,-1208,-2920,-2816,-1120,-1368,-2904,-2656,33178,33179
1,3,-2744,-1368,-160,160,-1104,-1368,-2920,-2656,-1248,-1352,-3040,-2976,404,33180
1,3,-3136,-1760,96,96,-1280,-1784,-3136,-2632,-1104,-1368,-3040,-2656,403,405
1,3,-2928,-1600,96,96,-1224,-1832,-3160,-2432,-1104,-1784,-3136,-2632,401,406
1,3,-2696,-1080,-24,24,-896,-1344,-2728,-2432,-1104,-1832,-3160,-2432,394,407
1,3,-2832,-1104,-88,-88,-608,-1288,-3296,-2643,-896,-1832,-3160,-2432,380,408
1,3,-2384,-1584,-48,48,-1344,-1688,-2432,-2184,-1584,-1792,-2432,-2280,33181,33182
1,3,-2264,-1512,80,-80,-1344,-1792,-2432,-2184,-1296,-1512,-2432,-2240,410,33183
1,3,-2384,-1792,40,-40,-1792,-1832,-2384,-2344,-1792,-1832,-2240,-2048,33184,33185
1,3,-2048,-1696,0,-32,-1584,-1728,-2240,-2048,-1696,-1696,-2048,-2032,33187,33188
1,3,-2240,-1728,192,0,-1728,-1792,-2240,-2048,-1584,-1728,-2240,-2032,33186,413
1,3,-2240,-1792,192,0,-1792,-1832,-2384,-2048,-1584,-1792,-2240,-2032,412,414
1,3,-2184,-1592,-200,-200,-1296,-1792,-2432,-2184,-1584,-1832,-2384,-2032,411,415
1,3,-1984,-1344,-192,0,-1280,-1344,-2176,-1984,-1344,-1408,-2176,-1984,33189,33190
1,3,-1984,-1408,-192,0,-1280,-1408,-2176,-1984,-1408,-1464,-2176,-1984,417,33191
1,3,-2144,-1472,160,0,-1472,-1696,-2144,-1984,-1464,-1472,-2144,-1984,33192,33193
1,3,-1984,-1464,-160,0,-1280,-1464,-2176,-1984,-1464,-1696,-2144,-1984,418,419
1,3,-2432,-1296,192,-192,-1296,-1832,-2432,-2032,-1280,-1696,-2176,-1984,416,420
1,3,-2432,-960,64,0,-960,-1088,-2432,-2368,-896,-960,-2432,-2368,33194,33195
1,3,-2352,-1088,0,64,-1024,-1152,-2352,-1984,-1024,-1088,-2368,-2352,33196,33197
1,3,-2368,-944,0,-16,-896,-1088,-2432,-2368,-1024,-1152,-2368,-1984,422,423
1,3,-2432,-1168,16,-32,-1168,-1200,-2432,-2416,-1200,-1216,-2416,-2376,33199,33200
1,3,-2376,-1216,136,0,-1216,-1264,-2432,-2240,-1168,-1216,-2432,-2376,33198,425
1,3,-2176,-1280,0,64,-1152,-1280,-2176,-1984,-1152,-1216,-2240,-2176,33201,33202
1,3,-2240,-1216,0,-48,-1168,-1264,-2432,-2240,-1152,-1280,-2240,-1984,426,427
1,3,-2240,-1152,-64,0,-896,-1152,-2432,-1984,-1152,-1280,-2432,-1984,424,428
1,3,-2176,-1280,192,0,-1280,-1832,-2432,-1984,-896,-1280,-2432,-1984,421,429
1,3,-1728,-928,32,-32,-928,-1184,-1728,-1696,-768,-960,-1728,-1696,33204,33205
1,3,-1696,-1152,-32,-32,-768,-1184,-1728,-1696,-1152,-1312,-1728,-1696,431,33206
1,3,-1728,-1184,0,-128,-768,-1312,-1792,-1728,-768,-1312,-1728,-1696,33203,432
1,3,-1792,-768,64,0,-768,-1312,-1792,-1696,-704,-768,-1792,-1696,433,33207
1,3,-1824,-1152,0,192,-928,-1184,-1824,-1792,-960,-1152,-1824,-1824,33208,33209
1,3,-1824,-960,32,32,-928,-1184,-1824,-1792,-704,-960,-1856,-1792,435,33210
1,3,-1792,-1184,-32,32,-704,-1184,-1856,-1792,-1152,-1312,-1856,-1792,436,33211
1,3,-1920,-1312,64,64,-1248,-1312,-1920,-1856,-896,-1216,-1920,-1856,33212,33213
1,3,-1856,-1248,0,32,-704,-1312,-1856,-1792,-896,-1312,-1920,-1856,437,438
1,3,-1792,-1312,0,128,-704,-1312,-1792,-1696,-704,-1312,-1920,-1792,434,439
1,3,-1824,-1704,-24,-24,-1616,-1728,-1952,-1824,-1728,-1792,-1848,-1848,33216,33217
1,3,-1816,-1776,16,160,-1616,-1792,-1816,-1696,-1616,-1792,-1952,-1824,33215,441
1,3,-1848,-1792,56,-40,-1792,-1832,-1848,-1792,-1616,-1792,-1952,-1696,33214,442
1,3,-1952,-1696,0,80,-1616,-1832,-1952,-1696,-1696,-1832,-1984,-1952,443,33218
1,3,-1728,-1792,32,64,-1728,-1832,-1728,-1696,-1670,-1792,-1760,-1696,33219,33220
1,3,-1696,-1670,-64,-121,-1616,-1832,-1984,-1696,-1670,-1832,-1760,-1696,444,445
1,3,-1792,-1376,-64,0,-1312,-1376,-1856,-1728,-1376,-1376,-1856,-1792,33221,33222
1,3,-1856,-1376,0,64,-1312,-1376,-1856,-1728,-1312,-1536,-1952,-1856,447,33223
1,3,-1824,-1600,-128,0,-1536,-1600,-1952,-1824,-1600,-1616,-1952,-1824,33224,33225
1,3,-1800,-1616,8,80,-1504,-1616,-1800,-1696,-1472,-1600,-1824,-1792,33227,33228
1,3,-1696,-1376,-96,-96,-1312,-1472,-1792,-1696,-1472,-1616,-1824,-1696,33226,450
1,3,-1824,-1600,0,-16,-1536,-1616,-1952,-1824,-1312,-1616,-1824,-1696,449,451
1,3,-1728,-1312,-64,-64,-1312,-1536,-1952,-1728,-1312,-1616,-1952,-1696,448,452
1,3,-1952,-1616,128,0,-1616,-1832,-1984,-1696,-1312,-1616,-1952,-1696,446,453
1,3,-1792,-1312,-64,0,-704,-1312,-1920,-1696,-1312,-1832,-1984,-1696,440,454
1,3,-1984,-1472,0,-224,-896,-1832,-2432,-1984,-704,-1832,-1984,-1696,430,455
1,3,-2432,-1088,0,-80,-608,-1832,-3296,-2432,-704,-1832,-2432,-1696,409,456
1,3,-1760,-1832,16,0,-1832,-3178,-3272,-1696,-608,-1832,-3296,-1696,349,457
1,3,-1696,-1152,0,192,-352,-3408,-1696,928,-608,-3178,-3296,-1696,242,458
