episode,mission,partition_x,partition_y,partition_x_diff,partition_y_diff,rbox_top,rbox_bottom,rbox_left,rbox_right,lbox_top,lbox_bottom,lbox_left,lbox_right,rchild,lchild
1,6,-992,1312,0,32,1344,1216,-992,-704,1312,1248,-1024,-992,32768,32769
1,6,-1088,1248,0,64,1312,1248,-1088,-1056,1312,1248,-1120,-1088,32771,32772
1,6,-1056,1248,0,64,1312,1248,-1056,-1024,1312,1248,-1120,-1056,32770,1
1,6,-1024,1248,0,64,1344,1216,-1024,-704,1312,1248,-1120,-1024,0,2
1,6,-1184,1216,0,128,1344,1216,-1184,-1152,1344,1216,-1216,-1184,32774,32775
1,6,-1152,1248,0,64,1312,1248,-1152,-1120,1344,1216,-1216,-1152,32773,4
1,6,-1424,1232,-16,0,1328,1232,-1440,-1248,1232,1216,-1424,-1248,32777,32778
1,6,-1440,1328,16,0,1328,1216,-1440,-1248,1344,1328,-1424,-1248,6,32779
1,6,-1248,1216,0,128,1344,1216,-1248,-1216,1344,1216,-1440,-1248,32776,7
1,6,-1216,1216,0,128,1344,1216,-1216,-1120,1344,1216,-1440,-1216,5,8
1,6,-1120,1248,0,64,1344,1216,-1120,-704,1344,1216,-1440,-1120,3,9
1,6,-1088,1472,0,-128,1472,1344,-1120,-1088,1472,1344,-1088,-1056,32780,32781
1,6,-1056,1472,0,-128,1472,1344,-1120,-1056,1472,1344,-1056,-1024,11,32782
1,6,-992,1472,0,-128,1472,1344,-1024,-992,1472,1344,-992,-704,32783,32784
1,6,-1024,1472,0,-128,1472,1344,-1120,-1024,1472,1344,-1024,-704,12,13
1,6,-1264,1536,16,0,1536,1408,-1440,-1248,1568,1536,-1440,-1264,32785,32786
1,6,-1248,1536,0,-128,1568,1408,-1440,-1248,1536,1408,-1248,-1216,15,32787
1,6,-1184,1536,0,-128,1536,1408,-1216,-1184,1536,1376,-1184,-1152,32788,32789
1,6,-1152,1504,0,-128,1536,1376,-1216,-1152,1504,1344,-1152,-1120,17,32790
1,6,-1216,1536,0,-128,1568,1408,-1440,-1216,1536,1344,-1216,-1120,16,18
1,6,-1120,1344,0,128,1472,1344,-1120,-704,1568,1344,-1440,-1120,14,19
1,6,-1216,1344,32,0,1344,1216,-1440,-704,1568,1344,-1440,-704,10,20
1,6,-1616,1536,0,-64,1536,1472,-1632,-1616,1568,1472,-1616,-1440,32791,32792
1,6,-1632,1416,32,-72,1416,1344,-1632,-1600,1416,1344,-1632,-1504,32793,32794
1,6,-1504,1352,0,-8,1416,1344,-1632,-1504,1416,1352,-1504,-1464,23,32795
1,6,-1440,1472,-176,0,1568,1472,-1632,-1440,1416,1344,-1632,-1464,22,24
1,6,-1584,1232,0,96,1328,1232,-1584,-1440,1328,1232,-1600,-1584,32797,32798
1,6,-1584,1328,144,0,1328,1232,-1600,-1440,1344,1328,-1600,-1440,26,32799
1,6,-1440,1232,-144,0,1344,1232,-1600,-1440,1232,1216,-1600,-1440,27,32800
1,6,-1600,1344,0,-128,1344,1216,-1600,-1600,1344,1216,-1600,-1440,32796,28
1,6,-1504,1344,-96,0,1568,1344,-1632,-1440,1344,1216,-1600,-1440,25,29
1,6,-2112,1456,0,-240,1456,1216,-2288,-2112,1456,1216,-2112,-2080,32802,32803
1,6,-2080,1216,0,240,1600,1216,-2080,-1952,1456,1216,-2288,-2080,32801,31
1,6,-1888,1472,0,-64,1472,1408,-1952,-1888,1472,1408,-1888,-1760,32806,32807
1,6,-1760,1408,0,64,1472,1408,-1760,-1632,1472,1408,-1952,-1760,32805,33
1,6,-1760,1472,-128,0,1600,1472,-1952,-1632,1472,1408,-1952,-1632,32804,34
1,6,-1696,1216,0,192,1408,1216,-1696,-1696,1408,1216,-1952,-1696,32808,32809
1,6,-1888,1408,-64,0,1600,1408,-1952,-1632,1408,1216,-1952,-1696,35,36
1,6,-1952,1408,0,-192,1600,1216,-2288,-1952,1600,1216,-1952,-1632,32,37
1,6,-1632,1472,0,64,1568,1216,-1632,-1440,1600,1216,-2288,-1632,30,38
1,6,-1952,1664,-128,0,1856,1664,-2112,-1920,1664,1600,-2080,-1952,32810,32811
1,6,-2048,1880,64,0,1880,1856,-2048,-1984,1896,1880,-2048,-1984,32812,32813
1,6,-2112,1856,64,0,1856,1600,-2112,-1920,1896,1856,-2048,-1984,40,41
1,6,-2000,2072,0,8,2080,2072,-2000,-2000,2080,2072,-2032,-2000,32817,32818
1,6,-2032,2080,0,-8,2080,2072,-2144,-2032,2080,2072,-2032,-2000,32816,43
1,6,-2032,2072,32,0,2072,1920,-2144,-1984,2080,2072,-2144,-2000,32815,44
1,6,-1984,1920,-64,0,2080,1920,-2144,-1984,1920,1896,-2048,-1984,45,32819
1,6,-1984,1920,0,-24,2080,1896,-2144,-1984,2080,1920,-1984,-1888,46,32820
1,6,-2000,2080,-32,0,2112,2080,-2144,-1888,2080,1896,-2144,-1888,32814,47
1,6,-2048,1896,64,0,1896,1600,-2112,-1920,2112,1896,-2144,-1888,42,48
1,6,-1952,1600,128,0,1600,1216,-2288,-1440,2112,1600,-2144,-1888,39,49
1,6,-1440,1232,0,96,1568,1216,-1440,-704,2112,1216,-2288,-1440,21,50
1,6,-576,1216,0,128,1344,1216,-576,-320,1344,1216,-640,-576,32821,32822
1,6,-656,1344,0,-128,1344,1216,-704,-656,1344,1216,-656,-640,32823,32824
1,6,-640,1216,0,128,1344,1216,-640,-320,1344,1216,-704,-640,52,53
1,6,-352,1824,32,0,1824,1624,-352,-320,2176,1824,-352,-320,32826,32827
1,6,-352,1600,32,0,1600,1344,-352,-320,2176,1624,-352,-320,32825,55
1,6,-352,1824,-16,0,2304,1824,-640,-352,1824,1616,-640,-368,32829,32830
1,6,-576,1536,64,64,1600,1472,-576,-352,1616,1552,-592,-528,32832,32833
1,6,-592,1552,0,-80,1616,1472,-640,-592,1616,1472,-592,-352,32831,58
1,6,-368,1616,-160,0,2304,1616,-640,-352,1616,1472,-640,-352,57,59
1,6,-592,1472,-48,64,2304,1472,-640,-352,1536,1472,-640,-592,60,32834
1,6,-640,2240,288,64,2304,1472,-640,-352,2304,2240,-640,-352,61,32835
1,6,-640,1536,0,704,2304,1472,-640,-352,2304,1472,-704,-640,62,32836
1,6,-424,1408,0,32,1440,1408,-424,-424,1472,1440,-440,-424,32841,32842
1,6,-472,1376,32,0,1376,1376,-472,-440,1472,1408,-440,-424,32840,64
1,6,-488,1408,16,-32,1408,1376,-488,-472,1472,1376,-472,-424,32839,65
1,6,-488,1440,0,-32,1440,1408,-488,-488,1472,1376,-488,-424,32838,66
1,6,-472,1472,-16,-32,1472,1344,-576,-472,1472,1376,-488,-424,32837,67
1,6,-440,1472,-32,0,2304,1472,-704,-352,1472,1344,-576,-424,63,68
1,6,-440,1376,16,32,1408,1376,-440,-424,2304,1344,-704,-352,32828,69
1,6,-352,1800,0,24,2176,1344,-352,-320,2304,1344,-704,-352,56,70
1,6,-704,1344,48,0,1344,1216,-704,-320,2304,1344,-704,-320,54,71
1,6,-192,1624,-128,0,1824,1624,-320,-192,1624,1600,-320,-192,32844,32845
1,6,-320,1600,128,0,1600,1216,-320,-192,1824,1600,-320,-192,32843,73
1,6,-192,2176,-128,24,2368,2176,-320,-192,2200,2176,-320,-192,32846,32847
1,6,-192,2176,-64,0,2368,2176,-320,-192,2176,1824,-320,-192,75,32848
1,6,-320,1824,128,0,1824,1216,-320,-192,2368,1824,-320,-192,74,76
1,6,-320,1600,0,-384,2304,1216,-704,-320,2368,1216,-320,-192,72,77
1,6,-128,1984,128,0,1984,1952,-128,0,2016,1984,-128,0,32849,32850
1,6,-128,2080,128,0,2080,2048,-128,0,2112,2080,-128,0,32852,32853
1,6,-128,2048,128,0,2048,2016,-128,0,2112,2048,-128,0,32851,80
1,6,-128,2016,128,0,2016,1952,-128,0,2112,2016,-128,0,79,81
1,6,-128,2080,0,32,2112,1952,-128,0,2112,1952,-160,-160,82,32854
1,6,-128,2144,128,0,2144,2112,-128,0,2160,2144,-128,0,32855,32856
1,6,-128,2112,0,32,2160,2112,-128,0,2160,2112,-192,-160,84,32857
1,6,-128,2176,-64,0,2304,2176,-192,0,2176,2160,-128,0,32858,32859
1,6,-128,2368,0,-64,2368,2304,-192,-128,2368,2304,-128,0,32860,32861
1,6,-128,2304,128,0,2304,2160,-192,0,2368,2304,-192,0,86,87
1,6,-192,2160,32,0,2160,2112,-192,0,2368,2160,-192,0,85,88
1,6,-128,2112,128,0,2112,1952,-160,0,2368,2112,-192,0,83,89
1,6,-32,1472,-16,32,1504,1472,-48,-32,1504,1504,-80,-48,32868,32869
1,6,-96,1440,16,-32,1440,1408,-96,-80,1504,1472,-80,-32,32867,91
1,6,-96,1472,0,-32,1472,1440,-96,-96,1504,1408,-96,-32,32866,92
1,6,-32,1440,0,32,1600,1440,-32,0,1504,1408,-96,-32,32865,93
1,6,-80,1504,-16,-32,1600,1408,-192,-32,1600,1408,-96,0,32864,94
1,6,-48,1408,16,32,1440,1408,-48,-32,1600,1408,-192,0,32863,95
1,6,-80,1408,32,0,1408,1312,-192,0,1600,1408,-192,0,32862,96
1,6,-128,1312,-64,32,1600,1312,-192,0,1344,1312,-192,-128,97,32870
1,6,0,1312,-128,0,1600,1312,-192,0,1312,1312,-128,0,98,32871
1,6,0,1696,-160,0,1824,1696,-192,0,1696,1664,-192,-160,32872,32873
1,6,-192,1600,192,0,1600,1312,-192,0,1824,1664,-192,0,99,100
1,6,-128,1856,128,0,1856,1824,-128,0,1888,1856,-128,0,32874,32875
1,6,-128,1920,128,0,1920,1888,-128,0,1952,1920,-128,0,32876,32877
1,6,-128,1888,128,0,1888,1824,-128,0,1952,1888,-128,0,102,103
1,6,-128,1920,0,32,1952,1824,-128,0,1952,1824,-192,-160,104,32878
1,6,-160,1824,32,0,1824,1312,-192,0,1952,1824,-192,0,101,105
1,6,0,1952,-128,0,2368,1952,-192,0,1952,1312,-192,0,90,106
1,6,-192,2176,0,-16,2368,1216,-704,-192,2368,1312,-192,0,78,107
1,6,64,1624,0,40,1696,1624,64,224,1696,1664,32,64,32880,32881
1,6,32,1696,-32,0,1824,1696,0,224,1696,1624,32,224,32879,109
1,6,64,1344,-64,-32,1600,1312,0,64,1344,1312,0,64,32882,32883
1,6,192,1216,0,384,1600,1216,192,224,1600,1216,64,192,32884,32885
1,6,192,1600,32,0,1600,1216,64,224,1624,1600,64,192,112,32886
1,6,64,1600,0,-256,1600,1312,0,64,1624,1216,64,224,111,113
1,6,192,1624,-128,0,1824,1624,0,224,1624,1216,0,224,110,114
1,6,32,2160,32,0,2160,1824,32,224,2176,2160,64,224,32887,32888
1,6,192,2200,-128,-24,2368,2176,0,192,2200,2176,64,192,32889,32890
1,6,192,2176,32,0,2176,1824,32,224,2368,2176,0,192,116,117
1,6,64,1824,128,0,1824,1216,0,224,2368,1824,0,224,115,118
1,6,304,1760,-64,0,1824,1760,240,304,1760,1696,240,304,32896,32897
1,6,304,1696,0,64,1824,1696,304,400,1824,1696,240,304,32895,120
1,6,240,1696,64,0,1696,1616,240,400,1824,1696,240,400,32894,121
1,6,336,1824,-96,0,1824,1824,240,336,1824,1616,240,400,32893,122
1,6,400,1616,0,112,1728,1616,400,400,1824,1616,240,400,32892,123
1,6,240,1824,-16,0,1824,1824,224,240,1760,1696,224,240,32898,32899
1,6,240,1616,0,80,1824,1616,240,400,1824,1696,224,240,124,125
1,6,400,1728,-64,96,2304,1616,224,512,1824,1616,224,400,32891,126
1,6,384,1600,64,-64,1600,1472,224,448,1616,1552,400,464,32901,32902
1,6,464,1472,0,80,1616,1472,464,512,1616,1472,224,464,32900,128
1,6,400,1616,-160,0,2304,1616,224,512,1616,1472,224,512,127,129
1,6,512,1536,-48,-64,2304,1472,224,512,1536,1472,464,512,130,32903
1,6,224,2304,288,-64,2304,1472,224,512,2304,2240,224,512,131,32904
1,6,512,2240,0,-704,2304,1472,224,512,2304,1472,512,592,132,32905
1,6,360,1408,0,32,1440,1408,360,360,1472,1440,344,360,32911,32912
1,6,312,1376,32,0,1376,1376,312,344,1472,1408,344,360,32910,134
1,6,296,1408,16,-32,1408,1376,296,312,1472,1376,312,360,32909,135
1,6,296,1440,0,-32,1440,1408,296,296,1472,1376,296,360,32908,136
1,6,312,1472,-16,-32,1472,1440,296,312,1472,1376,296,360,32907,137
1,6,344,1376,16,32,1472,1216,344,448,1472,1376,296,360,32906,138
1,6,464,1312,304,-32,1312,1216,464,768,1456,1280,464,768,32913,32914
1,6,592,1456,176,0,1456,1216,464,768,1472,1456,464,592,140,32915
1,6,448,1472,0,-256,1472,1216,296,448,1472,1216,464,768,139,141
1,6,344,1472,-32,0,2304,1472,224,592,1472,1216,296,768,133,142
1,6,224,1800,0,-40,2368,1216,0,224,2304,1216,224,768,119,143
1,6,0,2144,0,-32,2368,1216,-704,0,2368,1216,0,768,108,144
1,6,-704,1424,0,-80,2112,1216,-2288,-704,2368,1216,-704,768,51,145
1,6,0,1152,-128,0,1152,1152,-128,0,1152,1120,-128,0,32916,32917
1,6,0,1120,-128,0,1152,1120,-128,0,1120,1088,-128,0,147,32918
1,6,0,1056,-128,0,1088,1056,-128,0,1056,1024,-128,0,32919,32920
1,6,0,1024,-128,0,1088,1024,-128,0,1024,992,-128,0,149,32921
1,6,0,1088,-128,0,1152,1088,-128,0,1088,992,-128,0,148,150
1,6,0,960,-128,0,992,960,-128,0,960,928,-128,0,32922,32923
1,6,0,928,-128,0,992,928,-128,0,928,896,-128,0,152,32924
1,6,0,832,-128,0,864,832,-128,0,832,704,-128,0,32926,32927
1,6,0,864,-128,0,896,864,-128,0,864,704,-128,0,32925,154
1,6,0,896,-128,0,992,896,-128,0,896,704,-128,0,153,155
1,6,0,992,-128,0,1152,992,-128,0,992,704,-128,0,151,156
1,6,1056,704,-64,32,832,704,800,1184,832,736,576,992,32929,32930
1,6,448,832,64,-64,832,704,0,512,832,704,576,1184,32928,158
1,6,304,1072,-16,32,1104,1072,288,304,1104,1104,256,288,32937,32938
1,6,304,1040,0,32,1072,1040,304,304,1104,1072,256,304,32936,160
1,6,240,1040,16,-32,1040,1008,240,256,1104,1040,256,304,32935,161
1,6,240,1072,0,-32,1072,1040,240,240,1104,1008,240,304,32934,162
1,6,288,1008,16,32,1216,1008,288,448,1104,1008,240,304,32933,163
1,6,256,1008,32,0,1008,864,136,448,1216,1008,240,448,32932,164
1,6,256,1104,-16,-32,1216,864,64,256,1216,864,136,448,32931,165
1,6,64,1152,128,64,1216,864,64,448,1216,1152,0,192,166,32939
1,6,448,864,-384,0,1216,864,0,448,864,832,64,448,167,32940
1,6,704,864,16,-24,864,840,704,720,840,832,720,752,32942,32943
1,6,704,1216,0,-352,1216,832,576,704,864,832,704,752,32941,169
1,6,448,864,0,-32,1216,832,0,448,1216,832,576,752,168,170
1,6,64,832,384,0,832,704,0,1184,1216,832,0,752,159,171
1,6,0,1088,0,-32,1152,704,-128,0,1216,704,0,1184,157,172
1,6,384,224,128,0,224,192,384,512,256,224,384,512,32944,32945
1,6,1272,256,64,-64,256,192,1264,1336,256,192,1272,1392,32946,32947
1,6,1088,216,144,0,216,192,1000,1232,232,216,1232,1264,32948,32949
1,6,1264,232,8,24,256,192,1264,1392,232,192,1000,1264,175,176
1,6,512,256,0,-32,256,192,384,512,256,192,1000,1392,174,177
1,6,384,288,128,0,288,256,384,512,320,288,384,512,32950,32951
1,6,384,352,128,0,352,320,384,512,384,352,384,512,32952,32953
1,6,384,320,128,0,320,256,384,512,384,320,384,512,179,180
1,6,1272,256,0,16,384,256,1272,1392,384,272,1248,1272,32954,32955
1,6,512,384,0,-32,384,256,384,512,384,256,1248,1392,181,182
1,6,384,256,128,0,256,192,384,1392,384,256,384,1392,178,183
1,6,384,416,128,0,416,384,384,512,448,416,384,512,32956,32957
1,6,384,512,128,0,512,480,384,512,704,512,384,512,32959,32960
1,6,384,480,128,0,480,448,384,512,704,480,384,512,32958,186
1,6,384,448,128,0,448,384,384,512,704,448,384,512,185,187
1,6,1200,640,176,-256,704,384,1056,1376,704,640,1184,1200,32961,32962
1,6,1088,672,-32,32,704,384,1056,1376,672,384,1088,1248,189,32963
1,6,512,704,0,-192,704,384,384,512,704,384,1056,1376,188,190
1,6,384,384,128,0,384,192,384,1392,704,384,384,1376,184,191
1,6,256,704,-32,-16,704,688,224,256,688,656,224,224,32968,32969
1,6,384,688,-32,16,704,688,352,384,704,656,224,256,32967,193
1,6,352,640,32,16,656,640,352,384,704,656,224,384,32966,194
1,6,256,640,96,0,640,640,256,352,704,640,224,384,32965,195
1,6,224,656,32,-16,704,512,96,384,704,640,224,384,32964,196
1,6,96,544,-96,-96,576,448,0,96,544,256,0,96,32970,32971
1,6,128,512,-32,192,704,512,96,384,576,256,0,96,197,198
1,6,-128,576,128,0,576,448,-128,0,640,576,-128,0,32973,32974
1,6,-128,352,128,0,352,192,-128,0,640,448,-128,0,32972,200
1,6,-128,688,128,0,688,640,-128,0,704,688,-128,0,32975,32976
1,6,-128,640,128,0,640,192,-128,0,704,640,-128,0,201,202
1,6,0,352,0,96,704,256,0,384,704,192,-128,0,199,203
1,6,384,448,0,32,704,192,384,1392,704,192,-128,384,192,204
1,6,96,704,-80,0,1216,704,-128,1184,704,192,-128,1392,173,205
1,6,-1296,1000,-64,-64,1000,888,-1560,-1296,1024,1000,-1296,-1264,32978,32979
1,6,-1248,1024,-16,0,1152,1024,-1352,-1248,1024,888,-1560,-1264,32977,207
1,6,-1216,1152,0,-128,1152,1024,-1248,-1216,1152,1024,-1216,-1184,32980,32981
1,6,-1184,1152,0,-128,1152,1024,-1248,-1184,1184,1024,-1184,-1152,209,32982
1,6,-1248,1152,0,-128,1152,888,-1560,-1248,1184,1024,-1248,-1152,208,210
1,6,-1120,1216,0,-128,1216,1056,-1152,-1120,1216,1088,-1120,-1088,32983,32984
1,6,-1088,1216,0,-128,1216,1056,-1152,-1088,1216,1088,-1088,-1056,212,32985
1,6,-1024,1216,0,-128,1216,1088,-1056,-1024,1216,1088,-1024,-992,32986,32987
1,6,-992,1216,0,-128,1216,1088,-1056,-992,1216,1088,-992,-704,214,32988
1,6,-1056,1216,0,-128,1216,1056,-1152,-1056,1216,1088,-1056,-704,213,215
1,6,-1152,1184,0,-128,1184,888,-1560,-1152,1216,1056,-1152,-704,211,216
1,6,-1632,1088,-96,0,1216,1088,-1760,-1632,1088,1072,-1728,-1632,32989,32990
1,6,-1632,1072,-96,0,1216,1072,-1760,-1632,1072,888,-1728,-1609,218,32991
1,6,-1632,1088,0,-16,1088,1072,-1632,-1632,1216,1088,-1632,-1504,32995,32996
1,6,-1440,1032,88,64,1096,1032,-1440,-1352,1216,1072,-1632,-1504,32994,220
1,6,-1536,1008,96,24,1032,1008,-1536,-1440,1216,1032,-1632,-1352,32993,221
1,6,-1624,1008,88,0,1008,888,-1624,-1536,1216,1008,-1632,-1352,32992,222
1,6,-1632,1072,8,-64,1216,888,-1760,-1609,1216,888,-1632,-1352,219,223
1,6,-1888,1152,128,0,1152,1024,-1888,-1760,1216,1152,-1888,-1760,32998,32999
1,6,-1888,1216,0,-64,1216,1024,-2080,-1888,1216,1024,-1888,-1760,32997,225
1,6,-2112,1216,0,-32,1216,1184,-2288,-2112,1216,1184,-2112,-2080,33000,33001
1,6,-2080,1024,0,160,1216,1024,-2080,-1760,1216,1184,-2288,-2080,226,227
1,6,-1920,1008,160,0,1008,800,-1920,-1760,1024,1008,-1920,-1760,33002,33003
1,6,-1760,1024,-160,0,1216,1024,-2288,-1760,1024,800,-1920,-1760,228,229
1,6,-1760,1152,0,64,1216,888,-1760,-1352,1216,800,-2288,-1760,224,230
1,6,-1352,1096,48,48,1216,888,-1560,-704,1216,800,-2288,-1352,217,231
1,6,-640,256,128,0,256,224,-640,-512,288,256,-640,-512,33005,33006
1,6,-640,224,128,0,224,192,-640,-512,288,224,-640,-512,33004,233
1,6,-640,320,128,0,320,288,-640,-512,352,320,-640,-512,33007,33008
1,6,-640,288,128,0,288,192,-640,-512,352,288,-640,-512,234,235
1,6,-640,384,128,0,384,352,-640,-512,416,384,-640,-512,33009,33010
1,6,-640,416,128,0,416,352,-640,-512,448,416,-640,-512,237,33011
1,6,-640,512,128,0,512,480,-640,-512,512,512,-640,-512,33013,33014
1,6,-640,480,128,0,480,448,-640,-512,512,480,-640,-512,33012,239
1,6,-640,448,128,0,448,352,-640,-512,512,448,-640,-512,238,240
1,6,-640,352,128,0,352,192,-640,-512,512,352,-640,-512,236,241
1,6,-128,448,-96,96,576,448,-224,-128,544,256,-224,-128,33015,33016
1,6,-224,704,-32,-192,704,512,-512,-224,704,704,-224,-128,33017,33018
1,6,-224,544,32,32,576,256,-224,-128,704,512,-512,-128,243,244
1,6,-512,512,0,-32,512,192,-640,-512,704,256,-512,-128,242,245
1,6,-368,1072,-16,32,1104,1072,-384,-368,1104,1104,-416,-384,33025,33026
1,6,-384,1008,16,32,1040,1008,-384,-368,1104,1072,-416,-368,33024,247
1,6,-416,1008,32,0,1008,1008,-416,-384,1104,1008,-416,-368,33023,248
1,6,-432,1072,0,-32,1072,1040,-432,-432,1104,1008,-416,-368,33022,249
1,6,-416,1104,-16,-32,1104,1072,-432,-416,1104,1008,-432,-368,33021,250
1,6,-432,1040,16,-32,1216,864,-576,-368,1104,1008,-432,-368,33020,251
1,6,-368,1040,0,32,1216,864,-368,-192,1216,864,-576,-368,33019,252
1,6,-320,1216,128,-64,1216,864,-576,-192,1216,1152,-320,-128,253,33027
1,6,-576,832,384,0,832,704,-640,-128,864,832,-576,-192,33028,33029
1,6,-480,704,-32,-16,704,688,-512,-480,656,640,-512,-480,33034,33035
1,6,-352,688,-32,16,704,688,-384,-352,704,640,-512,-480,33033,256
1,6,-352,656,0,32,688,656,-352,-352,704,640,-512,-352,33032,257
1,6,-480,640,96,0,640,640,-480,-384,704,640,-512,-352,33031,258
1,6,-512,688,0,-32,704,512,-640,-512,704,640,-512,-352,33030,259
1,6,-384,704,-96,0,864,704,-640,-128,704,512,-640,-352,255,260
1,6,-192,864,-384,0,1216,864,-576,-128,864,512,-640,-128,254,261
1,6,-384,640,32,16,704,192,-640,-128,1216,512,-640,-128,246,262
1,6,-704,1136,-48,-48,1216,800,-2288,-704,1216,192,-640,-128,232,263
1,6,-128,832,0,32,1216,192,-128,1392,1216,192,-2288,-128,206,264
1,6,-1440,1216,-64,0,2368,1216,-2288,768,1216,192,-2288,1392,146,265
1,6,-640,-1024,160,160,-864,-1120,-640,-160,-864,-1024,-800,-480,33037,33038
1,6,-480,-864,320,0,-864,-1120,-800,-160,-704,-864,-832,-160,267,33039
1,6,-704,-704,-128,-128,-704,-832,-928,-704,-704,-1120,-832,-160,33036,268
1,6,-128,-1120,0,256,-864,-1120,-128,0,-704,-864,-160,-128,33040,33041
1,6,-160,-704,0,-160,-704,-1120,-928,-160,-704,-1120,-160,0,269,270
1,6,0,-1408,-32,0,-1152,-1408,-336,0,-1408,-1440,-96,-32,33042,33043
1,6,-336,-1328,176,176,-1152,-1440,-336,0,-1152,-1328,-512,-160,272,33044
1,6,-256,-1120,0,-32,-1120,-1152,-448,-256,-1120,-1152,-160,0,33045,33046
1,6,-512,-1152,64,0,-1152,-1440,-512,0,-1120,-1152,-448,0,273,274
1,6,-448,-1120,-96,0,-704,-1120,-928,0,-1120,-1440,-512,0,271,275
1,6,0,-496,-128,0,-448,-496,-128,0,-496,-512,-128,0,33047,33048
1,6,-128,-528,128,0,-528,-704,-128,0,-512,-528,-128,0,33049,33050
1,6,0,-512,-128,0,-448,-512,-128,0,-512,-704,-128,0,277,278
1,6,-576,-512,416,0,-512,-704,-896,-160,-448,-512,-704,-576,33052,33053
1,6,-128,-448,-192,0,-320,-448,-448,-128,-448,-704,-896,-160,33051,280
1,6,-576,-320,-80,-80,-320,-552,-936,-576,-416,-488,-712,-640,33054,33055
1,6,-896,-704,216,216,-320,-704,-896,-128,-320,-552,-936,-576,281,282
1,6,-128,-496,0,48,-448,-704,-128,0,-320,-704,-936,-128,279,283
1,6,-160,-704,32,0,-704,-1440,-928,0,-320,-704,-936,0,276,284
1,6,0,32,-128,0,192,32,-128,0,32,0,-128,0,33056,33057
1,6,0,-32,-128,0,0,-32,-128,0,-32,-64,-128,0,33058,33059
1,6,0,0,-128,0,192,0,-128,0,0,-64,-128,0,286,287
1,6,-128,-288,128,0,-288,-320,-128,0,-256,-288,-128,0,33060,33061
1,6,-128,-256,128,0,-256,-320,-128,0,-224,-256,-128,0,289,33062
1,6,-128,-192,128,0,-192,-224,-128,0,-64,-192,-128,0,33063,33064
1,6,-128,-224,128,0,-224,-320,-128,0,-64,-224,-128,0,290,291
1,6,0,-64,-128,0,192,-64,-128,0,-64,-320,-128,0,288,292
1,6,-704,-192,128,-128,-192,-320,-832,-576,192,-320,-448,-320,33065,33066
1,6,-128,-192,-128,0,-64,-192,-256,-128,-192,-320,-320,-192,33067,33068
1,6,-128,64,-64,0,192,64,-320,-128,64,-64,-320,-192,33069,33070
1,6,-256,-64,128,0,-64,-320,-320,-128,192,-64,-320,-128,295,296
1,6,-320,-64,0,-128,192,-320,-832,-320,192,-320,-320,-128,294,297
1,6,-464,64,0,128,192,64,-464,-320,192,64,-480,-464,33072,33073
1,6,-480,192,0,-128,192,64,-640,-480,192,64,-480,-320,33071,299
1,6,-832,-320,128,128,192,-320,-832,-128,192,64,-640,-320,298,300
1,6,-128,-32,0,32,192,-320,-128,0,192,-320,-832,-128,293,301
1,6,-192,-320,64,0,-320,-1440,-936,0,192,-320,-832,0,285,302
1,6,192,192,128,-128,192,64,0,320,192,64,192,336,33074,33075
1,6,352,64,0,128,192,64,352,512,192,64,336,352,33076,33077
1,6,336,192,0,-128,192,64,0,336,192,64,336,512,304,305
1,6,192,-192,0,128,-64,-192,192,192,-64,-192,0,128,33078,33079
1,6,0,-64,128,0,-64,-192,0,192,64,-64,64,320,307,33080
1,6,384,-64,0,-128,-64,-192,320,384,-64,-192,384,512,33081,33082
1,6,320,64,0,-128,64,-192,0,320,-64,-192,320,512,308,309
1,6,64,64,-64,0,192,64,0,512,64,-192,0,512,306,310
1,6,1336,192,16,-16,192,128,1000,1352,192,176,1336,1372,33083,33084
1,6,1128,24,8,8,32,24,1128,1136,40,32,1128,1136,33088,33089
1,6,1074,41,37,-17,41,24,1074,1112,40,24,1128,1136,33087,313
1,6,1128,40,-32,16,112,24,1096,1248,41,24,1074,1136,33086,314
1,6,1112,24,16,0,24,-64,1016,1248,112,24,1074,1248,33085,315
1,6,1048,-64,-32,16,112,-64,1016,1248,-48,-64,992,1016,316,33090
1,6,1160,120,-80,-56,128,64,1000,1160,120,56,1080,1176,33091,33092
1,6,1096,56,-16,8,128,56,1000,1176,112,-64,512,1074,318,33093
1,6,1096,56,80,56,112,-64,992,1248,128,-64,512,1176,317,319
1,6,1280,128,-120,0,192,128,1000,1372,128,-64,512,1248,312,320
1,6,1200,-152,16,-40,-64,-192,512,1216,-116,-152,1200,1214,33095,33096
1,6,992,-64,24,-24,-64,-88,992,1016,-80,-116,1072,1216,33097,33098
1,6,1016,-88,56,-8,-64,-192,512,1216,-64,-116,992,1216,322,323
1,6,1240,-192,133,29,-162,-192,1240,1373,-64,-192,512,1216,33094,324
1,6,1216,-192,-704,128,-64,-192,512,1373,-64,-192,512,1216,325,33099
1,6,1192,-64,-144,0,192,-64,512,1372,-64,-192,512,1373,321,326
1,6,512,-64,0,-128,192,-192,0,512,192,-192,512,1373,311,327
1,6,1216,-192,0,-128,-192,-320,512,1216,-192,-320,1216,1240,33101,33102
1,6,512,-192,704,-128,-192,-448,512,1216,-192,-320,512,1240,33100,329
1,6,0,-320,64,0,-320,-448,0,320,-192,-320,64,320,33103,33104
1,6,512,-384,0,192,-192,-448,512,1240,-192,-448,0,320,330,331
1,6,384,-512,192,-192,-512,-704,32,576,-448,-640,560,736,33105,33106
1,6,864,-576,-128,0,-576,-576,736,864,-576,-640,704,896,33108,33109
1,6,896,-640,-16,0,-576,-640,704,896,-640,-704,720,880,334,33110
1,6,896,-640,-32,64,-448,-640,864,1088,-576,-704,704,896,33107,335
1,6,736,-576,-32,-64,-448,-704,32,736,-448,-704,704,1088,333,336
1,6,192,-448,-192,0,-192,-448,0,1240,-448,-704,32,1088,332,337
1,6,576,-704,128,-128,-704,-960,320,704,-704,-816,720,720,33111,33112
1,6,224,-864,224,-224,-864,-1120,32,448,-864,-1088,224,576,33113,33114
1,6,32,-864,192,0,-864,-1120,32,576,-704,-864,32,480,340,33115
1,6,32,-1120,0,256,-704,-1120,32,576,-704,-864,0,32,341,33116
1,6,576,-960,-256,256,-704,-960,320,720,-704,-1120,0,576,339,342
1,6,32,-1152,176,-176,-1152,-1408,0,208,-1152,-1328,32,320,33117,33118
1,6,0,-1120,32,-32,-1120,-1152,0,32,-1120,-1152,128,320,33119,33120
1,6,32,-1152,96,0,-1152,-1408,0,320,-1120,-1152,0,320,344,345
1,6,416,-1120,-96,0,-704,-1120,0,720,-1120,-1408,0,320,343,346
1,6,320,-704,-288,0,-192,-704,0,1240,-704,-1408,0,720,338,347
1,6,384,-192,-64,0,192,-192,0,1373,-192,-1408,0,1240,328,348
1,6,0,-192,0,-32,192,-1440,-936,0,192,-1408,0,1373,303,349
1,6,-416,-1408,80,80,-1328,-1408,-416,-256,-1328,-1408,-416,-336,33122,33123
1,6,-256,-1408,-64,0,-1328,-1408,-416,-256,-1408,-1424,-384,-320,351,33124
1,6,-384,-1424,64,0,-1424,-1696,-416,-160,-1328,-1424,-416,-256,33121,352
1,6,-384,-1664,0,-128,-1664,-1792,-416,-384,-1664,-1792,-384,-352,33125,33126
1,6,-320,-1664,32,0,-1664,-1792,-320,-256,-1632,-1664,-288,-288,33128,33129
1,6,-320,-1664,0,-128,-1664,-1792,-352,-320,-1632,-1792,-320,-256,33127,355
1,6,-352,-1664,0,-128,-1664,-1792,-416,-352,-1632,-1792,-352,-256,354,356
1,6,-288,-1632,-128,128,-1328,-1696,-416,-160,-1632,-1792,-416,-256,353,357
1,6,-544,-1664,0,-128,-1664,-1792,-576,-544,-1664,-1792,-544,-512,33131,33132
1,6,-448,-1664,0,-128,-1664,-1792,-480,-448,-1664,-1792,-448,-416,33134,33135
1,6,-480,-1664,0,-128,-1664,-1792,-512,-480,-1664,-1792,-480,-416,33133,360
1,6,-512,-1664,0,-128,-1664,-1792,-576,-512,-1664,-1792,-512,-416,359,361
1,6,-416,-1408,-160,0,-1152,-1408,-576,-416,-1664,-1792,-576,-416,33130,362
1,6,-416,-1792,0,128,-1328,-1792,-416,-160,-1152,-1792,-576,-416,358,363
1,6,-928,-1280,64,0,-1280,-1504,-928,-864,-1248,-1280,-928,-864,33137,33138
1,6,-928,-1504,0,224,-1248,-1504,-928,-864,-1248,-1536,-960,-928,365,33139
1,6,-960,-1536,32,32,-1440,-1696,-960,-864,-1248,-1536,-960,-864,33136,366
1,6,-864,-1280,0,-320,-1248,-1696,-960,-864,-1248,-1600,-864,-832,367,33140
1,6,-864,-1600,-96,-96,-1248,-1696,-960,-832,-1568,-1728,-960,-832,368,33141
1,6,-864,-1920,0,128,-1792,-2048,-864,-736,-1920,-1920,-896,-864,33144,33145
1,6,-960,-1856,64,-64,-1856,-2048,-960,-768,-1792,-2048,-896,-736,33143,370
1,6,-640,-1792,-16,0,-1664,-1792,-864,-640,-1792,-2048,-960,-736,33142,371
1,6,-608,-1664,0,-128,-1664,-1792,-640,-608,-1664,-1792,-608,-576,33146,33147
1,6,-640,-1664,0,-128,-1664,-2048,-960,-640,-1664,-1792,-640,-576,372,373
1,6,-832,-1600,-128,-128,-1248,-1728,-960,-832,-1664,-2048,-960,-576,369,374
1,6,-896,-896,192,-192,-896,-1152,-960,-704,-896,-1088,-896,-704,33148,33149
1,6,-704,-1152,-256,0,-896,-1152,-960,-704,-1152,-1216,-960,-704,376,33150
1,6,-704,-1088,0,-64,-896,-1216,-960,-704,-1056,-1216,-704,-608,377,33151
1,6,-960,-896,64,0,-896,-1216,-960,-608,-800,-896,-960,-864,378,33152
1,6,-928,-800,64,-64,-800,-1216,-960,-608,-832,-1056,-864,-640,379,33153
1,6,-832,-1232,-128,0,-1216,-1232,-960,-832,-1232,-1248,-960,-832,33154,33155
1,6,-704,-1216,-128,0,-800,-1216,-960,-608,-1216,-1248,-960,-832,380,381
1,6,-960,-1248,128,0,-1248,-2048,-960,-576,-800,-1248,-960,-608,375,382
1,6,-576,-1408,0,256,-1152,-1792,-576,-160,-800,-2048,-960,-576,364,383
1,6,-1376,-1056,288,0,-1056,-1120,-1424,-1088,-1024,-1056,-1376,-1088,33158,33159
1,6,-1088,-1056,0,-64,-1024,-1120,-1424,-1088,-1024,-1120,-1088,-1056,385,33160
1,6,-1312,-1120,-32,-32,-1120,-1152,-1344,-1312,-1120,-1152,-1344,-1056,33161,33162
1,6,-1088,-1120,-224,0,-1024,-1120,-1424,-1056,-1120,-1152,-1344,-1056,386,387
1,6,-1040,-1152,0,128,-1024,-1152,-1040,-960,-1024,-1152,-1056,-1040,33163,33164
1,6,-1056,-1024,0,-128,-1024,-1152,-1424,-1056,-1024,-1152,-1056,-960,388,389
1,6,-976,-1552,16,16,-1536,-1552,-976,-960,-1152,-1552,-1360,-960,33166,33167
1,6,-1344,-1152,-16,-16,-1152,-1168,-1360,-1344,-1152,-1552,-1360,-960,33165,391
1,6,-1104,-1360,-64,64,-1216,-1360,-1168,-1024,-1296,-1376,-1184,-1104,33169,33170
1,6,-1280,-1152,-32,-32,-1152,-1184,-1312,-1280,-1216,-1376,-1184,-1024,33168,393
1,6,-960,-1216,-64,64,-1152,-1216,-1024,-960,-1472,-1504,-992,-960,33171,33172
1,6,-1024,-1216,0,-144,-1152,-1376,-1312,-1024,-1152,-1504,-1024,-960,394,395
1,6,-1312,-1184,128,-128,-1152,-1552,-1360,-960,-1152,-1504,-1312,-960,392,396
1,6,-1024,-1152,-16,0,-1024,-1152,-1424,-960,-1152,-1552,-1360,-960,390,397
1,6,-1360,-1168,384,-384,-1104,-1696,-1488,-960,-1024,-1552,-1424,-960,33157,398
1,6,-1488,-1168,112,112,-1024,-1696,-1488,-960,-1024,-1168,-1520,-1344,399,33173
1,6,-1408,-1024,352,0,-1024,-1696,-1520,-960,-832,-1024,-1024,-960,400,33174
1,6,-1488,-1168,528,-528,-1136,-1728,-1536,-960,-832,-1696,-1520,-960,33156,401
1,6,-1760,-1584,-16,16,-1568,-1584,-1776,-1760,-1568,-1568,-1808,-1776,33181,33182
1,6,-1776,-1632,16,16,-1616,-1632,-1776,-1760,-1568,-1584,-1808,-1760,33180,403
1,6,-1808,-1632,32,0,-1632,-1632,-1808,-1776,-1568,-1632,-1808,-1760,33179,404
1,6,-1824,-1584,0,-32,-1584,-1616,-1824,-1824,-1568,-1632,-1808,-1760,33178,405
1,6,-1824,-1616,16,-16,-1616,-2016,-2008,-1760,-1568,-1632,-1824,-1760,33177,406
1,6,-1808,-1568,-16,-16,-1408,-1768,-2112,-1808,-1568,-2016,-2008,-1760,33176,407
1,6,-1760,-1616,0,32,-1584,-1792,-1760,-1536,-1408,-2016,-2112,-1760,33175,408
1,6,-1536,-1664,-64,-64,-1536,-1728,-1600,-1536,-1664,-1792,-1600,-1536,33183,33184
1,6,-1536,-1536,0,-128,-1536,-1792,-1600,-1536,-1344,-1792,-1536,-1216,410,33185
1,6,-1632,-1376,-32,-32,-1248,-1408,-1920,-1632,-1408,-1536,-1664,-1536,33187,33188
1,6,-1568,-1440,-64,64,-1152,-1440,-1760,-1472,-1248,-1536,-1920,-1536,33186,412
1,6,-1536,-1536,192,192,-1344,-1792,-1600,-1216,-1152,-1536,-1920,-1472,411,413
1,6,-1600,-1728,64,-64,-1408,-2016,-2112,-1536,-1152,-1792,-1920,-1216,409,414
1,6,-1472,-1728,128,0,-1728,-1952,-1536,-1216,-1728,-1728,-1472,-1344,33189,33190
1,6,-1376,-2000,0,32,-1968,-2000,-1376,-1376,-1952,-1968,-1392,-1376,33196,33197
1,6,-1424,-2016,32,0,-2016,-2016,-1424,-1392,-1952,-2000,-1392,-1376,33195,417
1,6,-1440,-1968,0,-32,-1968,-2000,-1440,-1440,-1952,-2016,-1424,-1376,33194,418
1,6,-1424,-1952,-16,-16,-1952,-1968,-1440,-1424,-1952,-2016,-1440,-1376,33193,419
1,6,-1392,-2016,16,16,-1984,-2168,-1392,-1088,-1952,-2016,-1440,-1376,33192,420
1,6,-1440,-2000,16,-16,-2000,-2304,-1760,-1272,-1952,-2168,-1440,-1088,33191,421
1,6,-1392,-1952,-32,0,-1728,-1952,-1536,-1216,-1952,-2304,-1760,-1088,416,422
1,6,-1216,-1856,32,32,-1792,-1984,-1216,-1024,-1728,-1824,-1248,-1152,33199,33200
1,6,-1152,-1792,128,-128,-1728,-1984,-1248,-1024,-1664,-1920,-1216,-960,424,33201
1,6,-1024,-1920,-64,-64,-1664,-1984,-1248,-960,-1856,-1984,-1024,-960,425,33202
1,6,-1152,-1536,-192,-192,-1472,-1728,-1344,-1152,-1664,-1984,-1248,-960,33198,426
1,6,-1344,-1728,128,-128,-1728,-2304,-1760,-1088,-1472,-1984,-1344,-960,423,427
1,6,-1472,-1728,-64,-64,-1152,-2016,-2112,-1216,-1472,-2304,-1760,-960,415,428
1,6,-2048,-2400,0,64,-2336,-2400,-2048,-1888,-2336,-2400,-2112,-2048,33203,33204
1,6,-1776,-2032,96,-96,-2032,-2336,-2048,-1680,-2016,-2128,-1776,-1664,33205,33206
1,6,-2112,-2336,64,0,-2336,-2400,-2112,-1888,-2016,-2336,-2048,-1664,430,431
1,6,-1760,-2016,-352,352,-1152,-2304,-2112,-960,-2016,-2400,-2112,-1664,429,432
1,6,-1344,-1344,-192,192,-832,-1728,-1536,-960,-1152,-2400,-2112,-960,402,433
1,6,-960,-1152,0,256,-800,-2048,-960,-160,-832,-2400,-2112,-960,384,434
1,6,-640,-1024,-192,192,192,-1440,-936,1373,-800,-2400,-2112,-160,350,435
1,6,784,-1200,8,-16,-1200,-1408,576,888,-1216,-1408,792,1088,33207,33208
1,6,208,-1328,80,-80,-1328,-1408,128,288,-1216,-1408,208,320,33209,33210
1,6,576,-1408,0,96,-944,-1408,576,832,-992,-1312,416,576,33211,33212
1,6,592,-976,32,32,-944,-1408,416,832,-960,-1104,448,592,439,33213
1,6,320,-1216,0,-192,-1216,-1408,128,320,-944,-1408,416,832,438,440
1,6,576,-1408,208,208,-1200,-1408,576,1088,-944,-1408,128,832,437,441
1,6,1024,-1280,0,192,-1088,-1280,1024,1376,-1088,-1280,960,1024,33214,33215
1,6,1024,-1088,352,0,-1088,-1280,960,1376,-1024,-1088,960,1376,443,33216
1,6,1664,-1088,0,-192,-1088,-1280,1408,1664,-1088,-1280,1664,1728,33217,33218
1,6,1408,-1088,256,0,-1088,-1280,1408,1728,-1024,-1088,1376,1728,445,33219
1,6,1376,-1088,0,-192,-1024,-1280,960,1376,-1024,-1280,1376,1728,444,446
1,6,960,-1216,0,192,-1024,-1280,960,1728,-1216,-1216,896,960,447,33220
1,6,1656,-1368,48,0,-1368,-1368,1656,1704,-1320,-1368,1656,1704,33224,33225
1,6,1656,-1320,0,-48,-1320,-1408,1088,1656,-1320,-1368,1656,1704,33223,449
1,6,1704,-1320,-48,0,-1280,-1320,1024,1704,-1320,-1408,1088,1704,33222,450
1,6,1704,-1368,0,48,-1280,-1408,1704,1728,-1280,-1408,1024,1704,33221,451
1,6,1664,-1280,-256,0,-1024,-1280,896,1728,-1280,-1408,1024,1728,448,452
1,6,880,-848,0,-16,-848,-864,720,880,-848,-864,928,1056,33227,33228
1,6,720,-864,160,0,-864,-992,720,1056,-848,-864,720,1056,33226,454
1,6,1280,-992,-128,0,-848,-992,1152,1280,-992,-1024,1152,1280,33230,33231
1,6,1472,-992,-144,144,-848,-992,1328,1728,-848,-1024,1152,1280,33229,456
1,6,1056,-848,0,-16,-848,-992,720,1056,-848,-1024,1152,1728,455,457
1,6,1152,-1024,128,0,-1024,-1408,896,1728,-848,-1024,720,1728,453,458
1,6,624,-944,208,-208,-944,-1408,128,1088,-848,-1408,720,1728,442,459
1,6,832,-1728,0,320,-1408,-1728,832,1200,-1408,-1728,768,832,33232,33233
1,6,1200,-1728,-368,0,-1408,-1728,768,1200,-1728,-1856,768,1200,461,33234
1,6,1600,-1408,0,-320,-1408,-1728,1232,1600,-1408,-1728,1600,1728,33235,33236
1,6,1600,-1728,-368,0,-1408,-1728,1232,1728,-1728,-1856,1200,1664,463,33237
1,6,1200,-1408,0,-320,-1408,-1856,768,1200,-1408,-1856,1200,1728,462,464
1,6,1560,-1856,168,168,-1688,-1856,1560,1728,-1664,-1856,1536,1728,33238,33239
1,6,1728,-1664,-192,-192,-1408,-1856,768,1728,-1664,-1856,1536,1728,465,466
1,6,960,-1888,448,0,-1888,-1984,960,1408,-1856,-1888,960,1408,33241,33242
1,6,1560,-1920,0,64,-1856,-1920,1560,1728,-1856,-1984,960,1408,33240,468
1,6,1408,-1856,-448,0,-1408,-1856,768,1728,-1856,-1984,960,1728,467,469
1,6,-160,-1696,0,-96,-1696,-1792,-256,-160,-1600,-1728,624,736,33243,33244
1,6,736,-1600,0,-128,-1600,-1792,-256,736,-1600,-1728,736,768,471,33245
1,6,768,-1600,0,192,-1408,-1984,768,1728,-1600,-1792,-256,768,470,472
1,6,768,-1408,-168,0,-848,-1408,128,1728,-1408,-1984,-256,1728,460,473
1,6,1312,-832,-144,0,-672,-832,1152,1312,-832,-848,1312,1328,33246,33247
1,6,1136,-816,160,160,-656,-832,1136,1312,-640,-816,1120,1296,33248,33249
1,6,1152,-832,160,160,-672,-848,1152,1328,-640,-832,1120,1312,475,476
1,6,1104,-784,160,160,-624,-800,1104,1280,-608,-784,1088,1264,33250,33251
1,6,960,-608,128,128,-480,-768,960,1248,-464,-608,944,1088,33252,33253
1,6,1088,-768,160,160,-608,-800,1088,1280,-464,-768,944,1248,478,479
1,6,1120,-800,160,160,-640,-848,1120,1328,-464,-800,944,1280,477,480
1,6,928,-832,128,0,-832,-848,928,1056,-816,-832,928,1056,33255,33256
1,6,928,-816,128,0,-816,-848,928,1056,-800,-816,928,1056,482,33257
1,6,880,-800,0,-48,-800,-848,720,880,-800,-848,928,1056,33254,483
1,6,1088,-768,-64,0,-640,-768,960,1088,-768,-784,960,1024,33260,33261
1,6,960,-784,64,0,-784,-800,928,1056,-640,-784,960,1088,33259,485
1,6,880,-656,0,-144,-656,-800,880,880,-640,-800,928,1088,33258,486
1,6,928,-800,128,0,-800,-848,720,1056,-640,-800,880,1088,484,487
1,6,1120,-800,-16,16,-464,-848,944,1328,-640,-848,720,1088,481,488
1,6,1728,-832,-136,0,-576,-832,1592,1728,-832,-848,1592,1728,33262,33263
1,6,1248,-480,0,-128,-480,-608,1120,1248,-672,-704,1312,1344,33265,33266
1,6,1344,-704,80,0,-704,-848,1344,1568,-480,-704,1120,1344,33264,491
1,6,1592,-848,0,16,-576,-848,1592,1728,-480,-848,1120,1568,490,492
1,6,1688,-272,-80,0,-112,-272,1373,1688,-272,-320,1216,1608,33267,33268
1,6,1704,-256,0,128,-96,-288,1704,1728,-128,-256,1688,1704,33269,33270
1,6,1688,-256,0,-16,-112,-320,1216,1688,-96,-288,1688,1728,494,495
1,6,1120,-480,128,0,-480,-848,1120,1728,-96,-320,1216,1728,493,496
1,6,1280,-640,16,-16,-464,-848,720,1328,-96,-848,1120,1728,489,497
1,6,1152,-848,128,0,-848,-1984,-256,1728,-96,-848,720,1728,474,498
1,6,2720,-2272,-64,128,-2144,-2272,2656,2816,-2144,-2272,2528,2720,33272,33273
1,6,2592,-2144,-64,-128,-2144,-2272,2368,2592,-2144,-2272,2528,2816,33271,500
1,6,2816,-2272,-96,0,-2144,-2272,2368,2816,-2272,-2296,2528,2720,501,33274
1,6,2432,-2016,16,176,-1824,-2016,2432,2624,-1840,-2016,2368,2448,33275,33276
1,6,2432,-2016,0,-64,-2016,-2080,2368,2432,-2080,-2144,2432,2560,33277,33278
1,6,2624,-2016,-192,0,-1824,-2016,2368,2624,-2016,-2144,2368,2560,503,504
1,6,2624,-1760,-176,16,-1568,-1760,2448,2624,-1744,-1840,2448,2624,33279,33280
1,6,2448,-1840,176,16,-1824,-2144,2368,2624,-1568,-1840,2448,2624,505,506
1,6,2752,-2144,0,64,-1376,-2144,2752,2816,-1504,-2080,2688,2752,33281,33282
1,6,2688,-1760,0,256,-1376,-2144,2688,2816,-1760,-1888,2624,2688,508,33283
1,6,2624,-1568,0,-192,-1568,-2144,2368,2624,-1376,-2144,2624,2816,507,509
1,6,2560,-2144,32,0,-2144,-2296,2368,2816,-1376,-2144,2368,2816,502,510
1,6,2800,-1200,16,-176,-1184,-1376,2624,2816,-1200,-1376,2800,2816,33284,33285
1,6,2816,-1376,-192,0,-1184,-1376,2624,2816,-1440,-1504,2688,2752,512,33286
1,6,2624,-1184,176,-16,-1184,-1504,2624,2816,-1104,-1200,2624,2800,513,33287
1,6,2368,-1568,64,0,-1568,-1568,2368,2432,-1248,-1568,2368,2432,33288,33289
1,6,2448,-1744,-16,176,-1568,-1744,2432,2624,-1568,-1744,2432,2448,33290,33291
1,6,2560,-1184,0,-128,-1137,-1504,2432,2560,-1120,-1184,2560,2624,33292,33293
1,6,2432,-1568,192,0,-1568,-1744,2432,2624,-1120,-1504,2432,2624,516,517
1,6,2432,-1504,0,-64,-1248,-1568,2368,2432,-1120,-1744,2432,2624,515,518
1,6,2624,-1376,0,192,-1104,-1504,2624,2816,-1120,-1744,2368,2624,514,519
1,6,2816,-928,-16,-176,-928,-1120,2624,2816,-928,-1104,2800,2816,33294,33295
1,6,2432,-1137,0,145,-928,-1137,2432,2560,-928,-992,2368,2432,33296,33297
1,6,2560,-928,0,-192,-928,-1137,2368,2560,-1120,-1120,2560,2624,522,33298
1,6,2624,-1120,0,192,-928,-1120,2624,2816,-928,-1137,2368,2624,521,523
1,6,2432,-672,0,64,-480,-672,2432,2560,-480,-608,2368,2432,33300,33301
1,6,2560,-672,256,0,-672,-800,2432,2816,-480,-672,2368,2560,33299,525
1,6,2752,-800,-320,0,-480,-800,2368,2816,-800,-928,2752,2816,526,33302
1,6,2368,-928,192,0,-928,-1137,2368,2816,-480,-928,2368,2816,524,527
1,6,2624,-1120,176,16,-1104,-1744,2368,2816,-480,-1137,2368,2816,520,528
1,6,2752,-1440,64,64,-1376,-2296,2368,2816,-480,-1744,2368,2816,511,529
1,6,2880,-1376,-64,0,-1376,-1376,2816,2880,-1376,-1504,2816,2880,33303,33304
1,6,2880,-1504,-64,0,-1376,-1504,2816,2880,-1888,-2272,2816,2880,531,33305
1,6,2880,-1376,16,176,-1184,-1376,2880,3072,-1200,-1376,2880,2896,33306,33307
1,6,3072,-1376,-192,0,-1184,-1376,2880,3072,-1632,-2016,2880,3072,533,33308
1,6,2880,-1376,0,-128,-1376,-2272,2816,2880,-1184,-2016,2880,3072,532,534
1,6,2816,-928,64,0,-928,-928,2816,2880,-672,-928,2816,2880,33309,33310
1,6,2896,-1104,-16,176,-928,-1120,2880,3072,-928,-1104,2880,2896,33311,33312
1,6,3072,-1120,-176,16,-928,-1120,2880,3072,-1104,-1200,2896,3072,537,33313
1,6,2880,-672,0,-256,-672,-928,2816,2880,-928,-1200,2880,3072,536,538
1,6,2896,-1200,176,16,-1184,-2272,2816,3072,-672,-1200,2816,3072,535,539
1,6,3072,-1632,64,0,-1632,-1632,3072,3136,-1312,-1504,3264,3264,33317,33318
1,6,3136,-1184,-64,0,-1120,-1184,3072,3136,-1312,-1632,3072,3264,33316,541
1,6,3264,-1312,-128,128,-1120,-1376,3072,3392,-1120,-1632,3072,3264,33315,542
1,6,3136,-1632,128,128,-1376,-1760,3136,3392,-1120,-1632,3072,3392,33314,543
1,6,3200,-1760,-64,0,-1120,-1760,3072,3392,-1760,-1845,3072,3136,544,33319
1,6,3408,-1504,0,32,-1472,-1600,3408,3488,-1504,-1568,3392,3408,33320,33321
1,6,3392,-1312,0,-192,-1120,-1845,3072,3392,-1472,-1600,3392,3488,545,546
1,6,3072,-1184,0,-192,-672,-2272,2816,3072,-1120,-1845,3072,3488,540,547
1,6,2816,-1504,0,-384,-480,-2296,2368,2816,-672,-2272,2816,3488,530,548
1,6,2176,-1184,16,176,-992,-1184,2176,2368,-1008,-1184,2176,2192,33322,33323
1,6,2192,-1008,176,16,-992,-1184,2176,2368,-928,-1008,2192,2368,550,33324
1,6,2368,-1568,-16,-176,-1568,-1760,2176,2368,-1568,-1744,2352,2368,33325,33326
1,6,2368,-1184,-192,0,-928,-1184,2176,2368,-1568,-1760,2176,2368,551,552
1,6,2352,-1840,16,-176,-1824,-2016,2176,2368,-1840,-2016,2352,2368,33327,33328
1,6,2176,-1824,176,-16,-1824,-2016,2176,2368,-1744,-1840,2176,2352,554,33329
1,6,2368,-2016,-192,0,-1744,-2016,2176,2368,-2016,-2208,2304,2368,555,33330
1,6,2352,-1744,-176,-16,-928,-1760,2176,2368,-1744,-2208,2176,2368,553,556
1,6,2176,-1824,-64,0,-1760,-1824,1984,2176,-1824,-2016,1984,2112,33332,33333
1,6,1920,-1632,0,-256,-1632,-2016,1792,1920,-1888,-2016,1920,1984,33334,33335
1,6,1984,-1888,0,128,-1760,-2016,1984,2176,-1632,-2016,1792,1984,558,559
1,6,2176,-1440,-256,-192,-1260,-1728,1792,2176,-1632,-2016,1792,2176,33331,560
1,6,1792,-2016,0,448,-1260,-2016,1792,2176,-1688,-1920,1728,1760,561,33336
1,6,2112,-1184,-192,0,-992,-1184,1920,2112,-1184,-1312,2112,2112,33337,33338
1,6,2176,-1184,-64,0,-1008,-1184,2096,2176,-1184,-1260,2112,2176,33339,33340
1,6,2096,-1008,16,-176,-992,-1312,1920,2112,-1008,-1260,2096,2176,563,564
1,6,1744,-1408,0,320,-1088,-1408,1744,1824,-1088,-1408,1728,1744,33342,33343
1,6,1904,-992,-176,0,-992,-992,1728,1904,-1088,-1408,1728,1824,33341,566
1,6,1920,-1184,0,168,-992,-1312,1920,2176,-992,-1408,1728,1904,565,567
1,6,1792,-1568,320,256,-1260,-2016,1728,2176,-992,-1408,1728,2176,562,568
1,6,1904,-928,0,-64,-928,-992,1880,1904,-928,-992,1904,1920,33345,33346
1,6,1920,-992,0,64,-928,-1008,1920,2096,-928,-992,1880,1920,33344,570
1,6,1920,-992,176,-16,-992,-2016,1728,2176,-928,-1008,1880,2096,569,571
1,6,2176,-2016,0,192,-928,-2208,2176,2368,-928,-2016,1728,2176,557,572
1,6,1792,-160,-64,64,32,-160,1728,2176,-96,-169,1728,1792,33347,33348
1,6,1792,-224,112,-16,-224,-416,1728,1920,-145,-240,1792,1904,33351,33352
1,6,1728,-288,64,64,-145,-416,1728,1920,-149,-288,1728,1866,575,33353
1,6,2000,-240,176,16,-224,-416,1984,2176,-144,-240,2000,2176,33354,33355
1,6,1904,-144,96,0,-144,-416,1904,2000,-144,-144,2000,2008,33356,33357
1,6,1984,-416,16,176,-144,-416,1984,2176,-144,-416,1904,2008,577,578
1,6,1904,-144,96,0,-144,-416,1904,2176,-144,-145,1895,1904,579,33358
1,6,1904,-240,16,-176,-145,-416,1728,1920,-144,-416,1895,2176,576,580
1,6,2000,-144,-96,0,-144,-144,1904,2000,-144,-416,1728,2176,33350,581
1,6,2176,-160,-176,16,-105,-160,2000,2176,-144,-416,1728,2176,33349,582
1,6,1904,-144,-112,-16,32,-169,1728,2176,-105,-416,1728,2176,574,583
1,6,2240,-416,0,192,-160,-416,2240,2368,-160,-224,2176,2240,33359,33360
1,6,2176,32,0,-192,32,-416,1728,2176,-160,-416,2176,2368,584,585
1,6,2096,-912,-176,-16,-736,-928,1920,2112,-912,-928,1920,2096,33361,33362
1,6,2112,-736,-16,-176,-736,-928,1920,2112,-736,-912,2096,2176,587,33363
1,6,1984,-416,0,-64,-416,-640,1920,1984,-480,-736,1984,2176,33364,33365
1,6,2112,-704,-192,96,-416,-736,1920,2176,-704,-736,2112,2176,589,33366
1,6,1920,-736,192,0,-736,-928,1920,2176,-416,-736,1920,2176,588,590
1,6,1728,-848,96,0,-848,-928,1728,1880,-832,-848,1728,1824,33368,33369
1,6,1824,-832,-96,0,-576,-832,1728,1824,-832,-928,1728,1880,33367,592
1,6,1920,-608,0,192,-416,-928,1920,2176,-576,-928,1728,1880,591,593
1,6,2192,-912,-16,176,-736,-928,2176,2368,-736,-912,2176,2192,33370,33371
1,6,2368,-928,-176,16,-736,-928,2176,2368,-912,-928,2192,2368,595,33372
1,6,2176,-736,192,0,-736,-928,2176,2368,-416,-608,2240,2368,596,33373
1,6,2176,-576,0,-160,-416,-928,1728,2176,-416,-928,2176,2368,594,597
1,6,2176,-416,-192,0,32,-416,1728,2368,-416,-928,1728,2368,586,598
1,6,1904,-928,16,0,-928,-2208,1728,2368,32,-928,1728,2368,573,599
1,6,2368,-992,0,64,-480,-2296,2368,3488,32,-2208,1728,2368,549,600
1,6,1728,-1024,0,-64,-96,-1984,-256,1728,32,-2296,1728,3488,499,601
1,6,448,-1088,-32,-32,192,-2400,-2112,1373,32,-2296,-256,3488,436,602
1,6,512,192,-128,0,2368,192,-2288,1392,192,-2400,-2112,3488,266,603
