episode,mission,partition_x,partition_y,partition_x_diff,partition_y_diff,rbox_top,rbox_bottom,rbox_left,rbox_right,lbox_top,lbox_bottom,lbox_left,lbox_right,rchild,lchild
2,1,1200,-192,0,-64,-192,-256,768,1200,-192,-256,1200,1216,32770,32771
2,1,1216,-192,-16,0,-72,-192,832,1216,-192,-256,768,1216,32769,0
2,1,1200,-256,16,0,-256,-384,640,1216,-72,-256,768,1216,32768,1
2,1,896,-128,320,55,-72,-384,640,1216,-72,-128,896,1216,2,32772
2,1,832,0,0,-128,0,-320,640,832,32,-128,896,960,32773,32774
2,1,640,-384,256,256,-72,-384,640,1216,32,-320,640,960,3,4
2,1,768,0,64,0,0,0,768,832,64,0,768,832,32776,32777
2,1,768,64,0,-64,64,0,640,768,64,0,768,832,32775,6
2,1,952,64,8,-32,64,16,888,960,64,32,960,1069,32779,32780
2,1,952,64,-64,-8,64,56,888,952,64,16,888,1069,32778,8
2,1,832,64,0,-64,64,0,640,832,64,16,888,1069,7,9
2,1,896,16,64,16,32,-384,640,1216,64,0,640,1069,5,10
2,1,1088,416,0,-224,496,144,640,1088,416,192,1088,1216,32781,32782
2,1,1216,192,-128,0,224,192,1088,1216,184,64,888,1200,32783,32784
2,1,1152,88,-16,32,160,88,1136,1216,88,64,1069,1152,32786,32787
2,1,1152,88,64,40,128,64,1152,1216,160,64,1069,1216,32785,14
2,1,1200,160,-64,-40,224,64,888,1216,160,64,1069,1216,13,15
2,1,1088,192,-192,-48,496,144,640,1216,224,64,888,1216,12,16
2,1,640,64,128,0,64,-384,640,1216,496,64,640,1216,11,17
2,1,1408,64,192,0,64,64,1408,1600,416,64,1408,1600,32788,32789
2,1,1728,320,0,64,384,320,1728,1984,384,320,1664,1728,32792,32793
2,1,1664,320,64,0,320,-64,1664,2176,384,320,1664,1984,32791,20
2,1,1600,64,128,-128,64,-71,1600,1728,384,-64,1664,2176,32790,21
2,1,1600,384,0,-320,416,64,1408,1600,384,-71,1600,2176,19,22
2,1,1816,-224,-24,96,0,-224,1792,2136,-128,-242,1744,1816,32795,32796
2,1,1792,-128,288,128,0,-242,1744,2136,72,-149,1744,2080,24,32797
2,1,2080,0,56,-144,72,-242,1744,2136,128,-144,2051,2176,25,32798
2,1,2136,-144,-320,-80,128,-242,1744,2176,-144,-320,1744,2176,26,32799
2,1,2176,128,0,-192,128,-320,1744,2176,-64,-208,2176,2240,27,32800
2,1,1744,-320,496,128,-192,-384,1744,2240,128,-320,1744,2240,32794,28
2,1,1728,-320,-64,-64,-71,-384,1408,1728,-320,-384,1680,1744,32801,32802
2,1,1744,-320,0,256,128,-384,1744,2240,-71,-384,1408,1744,29,30
2,1,2176,128,-432,-192,416,-71,1408,2176,128,-384,1408,2240,23,31
2,1,1280,272,-64,0,336,272,1216,1280,272,224,1216,1280,32803,32804
2,1,1216,336,64,0,336,224,1216,1280,384,336,1216,1280,33,32805
2,1,1280,384,0,-48,384,224,1216,1280,416,192,1280,1408,34,32806
2,1,1216,-72,48,8,-64,-72,1216,1264,64,-72,1216,1336,32807,32808
2,1,1216,64,64,0,64,-72,1216,1336,128,64,1216,1280,36,32809
2,1,1264,-64,0,-192,-64,-320,1216,1264,-256,-312,1264,1272,32812,32813
2,1,1280,-320,0,256,64,-384,1280,1408,-64,-320,1216,1272,32811,38
2,1,1264,-320,64,-64,-320,-384,1216,1328,64,-384,1216,1408,32810,39
2,1,1336,8,-72,-72,128,-72,1216,1336,64,-384,1216,1408,37,40
2,1,1408,192,-128,0,416,192,1216,1408,128,-384,1216,1408,35,41
2,1,1408,64,0,128,416,-384,1408,2240,416,-384,1216,1408,32,42
2,1,1216,128,0,-64,496,-384,640,1216,416,-384,1216,2240,18,43
2,1,1944,-552,40,9,-542,-960,1873,1984,-384,-552,1944,1984,32815,32816
2,1,1984,-384,-40,-168,-384,-849,1680,1984,-384,-960,1873,1984,32814,45
2,1,1664,-576,-64,0,-384,-576,1408,1664,-576,-640,1600,1664,32817,32818
2,1,1664,-384,0,-64,-384,-640,1408,1664,-448,-576,1664,1680,47,32819
2,1,1680,-576,0,128,-384,-960,1680,1984,-384,-640,1408,1680,46,48
2,1,1600,-656,128,-496,-656,-1152,1408,1728,-656,-1152,1600,1984,32820,32821
2,1,1600,-576,0,-64,-576,-640,1408,1600,-576,-640,1600,1664,32822,32823
2,1,1664,-640,-64,0,-576,-640,1408,1664,-640,-656,1408,1600,51,32824
2,1,1408,-656,192,0,-656,-1152,1408,1984,-576,-656,1408,1664,50,52
2,1,1984,-960,-304,304,-384,-960,1408,1984,-576,-1152,1408,1984,49,53
2,1,2112,-1128,64,0,-1128,-1152,2112,2176,-1112,-1128,2112,2176,32827,32828
2,1,2176,-1112,-64,0,-1088,-1112,2112,2176,-1112,-1152,2112,2176,32826,55
2,1,2288,-1088,-48,0,-960,-1088,2000,2288,-1088,-1152,2112,2176,32825,56
2,1,2288,-816,-288,0,-704,-816,2000,2288,-816,-896,2000,2288,32829,32830
2,1,2288,-896,-288,0,-704,-896,2000,2288,-896,-960,2000,2288,58,32831
2,1,1984,-542,128,30,-512,-704,1984,2144,-384,-542,1984,2112,32833,32834
2,1,2112,-512,-128,128,-384,-544,1984,2240,-384,-704,1984,2144,32832,60
2,1,2240,-448,-256,-256,-384,-704,1984,2240,-640,-704,2112,2176,61,32835
2,1,2112,-704,64,0,-704,-960,2000,2288,-384,-704,1984,2240,59,62
2,1,2000,-960,288,0,-960,-1152,2000,2288,-384,-960,1984,2288,57,63
2,1,1984,-704,0,-256,-384,-1152,1408,1984,-384,-1152,1984,2288,54,64
2,1,2064,-1184,48,32,-1152,-1184,2064,2224,-1152,-1184,1408,1664,32836,32837
2,1,1664,-1184,-256,0,-1152,-1184,1408,2224,-1184,-1264,2064,2224,66,32838
2,1,2176,-1152,-64,0,-384,-1152,1408,2288,-1152,-1264,1408,2224,65,67
2,1,656,-1152,176,176,-976,-1152,656,1008,-784,-1152,640,832,32840,32841
2,1,1328,-656,-240,-304,-656,-960,640,1328,-656,-960,1088,1408,32842,32843
2,1,1152,-1040,0,-48,-976,-1152,832,1152,-1088,-1152,1152,1216,32845,32846
2,1,1344,-1152,-256,192,-960,-1152,1088,1368,-976,-1152,832,1216,32844,71
2,1,1088,-960,-256,0,-656,-960,640,1408,-960,-1152,832,1368,70,72
2,1,640,-784,192,-192,-784,-1152,640,1008,-656,-1152,640,1408,69,73
2,1,1344,-1152,64,496,-656,-1152,1344,1408,-656,-1152,640,1408,32839,74
2,1,1408,-576,-64,0,-576,-576,1344,1408,-578,-656,1328,1328,32847,32848
2,1,1328,-656,80,0,-656,-1152,640,1408,-576,-656,1328,1408,75,76
2,1,832,-1152,0,-64,-1152,-1216,768,832,-1152,-1216,832,896,32849,32850
2,1,960,-1280,-64,0,-1216,-1280,896,960,-1280,-1344,896,960,32852,32853
2,1,896,-1280,0,-64,-1216,-1344,832,896,-1216,-1344,896,960,32851,79
2,1,832,-1216,-64,0,-1152,-1216,768,896,-1216,-1344,832,960,78,80
2,1,1216,-1152,-64,0,-576,-1152,640,1408,-1152,-1344,768,960,77,81
2,1,1208,-440,0,-80,-440,-520,1088,1208,-440,-520,1208,1288,32857,32858
2,1,1288,-440,-80,0,-384,-440,1088,1288,-440,-520,1088,1288,32856,83
2,1,1208,-520,80,0,-520,-640,1088,1288,-384,-520,1088,1288,32855,84
2,1,1288,-520,0,80,-384,-586,1288,1328,-384,-640,1088,1288,32854,85
2,1,1328,-576,-240,-64,-384,-640,1088,1328,-576,-640,1088,1328,86,32859
2,1,1344,-448,0,64,-384,-576,1344,1408,-448,-576,1328,1344,32860,32861
2,1,1328,-448,0,-128,-384,-640,1088,1328,-384,-576,1328,1408,87,88
2,1,712,-568,0,-64,-568,-632,640,712,-568,-632,712,776,32865,32866
2,1,776,-568,-64,0,-384,-568,640,776,-568,-632,640,776,32864,90
2,1,776,-632,0,64,-384,-632,776,949,-384,-632,640,776,32863,91
2,1,712,-632,64,0,-632,-768,640,960,-384,-632,640,949,32862,92
2,1,1088,-640,-128,-40,-384,-680,896,1088,-640,-680,960,1088,32867,32868
2,1,896,-384,64,-296,-384,-768,640,960,-384,-680,896,1088,93,94
2,1,1088,-640,0,256,-384,-640,1088,1408,-384,-768,640,1088,89,95
2,1,640,-768,320,88,-576,-1344,640,1408,-384,-768,640,1408,82,96
2,1,1408,-640,0,64,-384,-1264,1408,2288,-384,-1344,640,1408,68,97
2,1,1328,-384,-240,0,496,-384,640,2240,-384,-1344,640,2288,44,98
2,1,-192,-320,-64,0,576,-320,-256,-192,-320,-384,-256,-192,32869,32870
2,1,-256,576,64,0,576,-384,-256,-192,640,576,-256,-192,100,32871
2,1,-288,-576,64,0,-576,-608,-288,-224,-544,-576,-288,-224,32872,32873
2,1,-288,-512,64,0,-512,-544,-288,-224,-400,-512,-288,-224,32874,32875
2,1,-288,-544,64,0,-544,-608,-288,-224,-400,-544,-288,-224,102,103
2,1,-192,-384,-64,0,640,-384,-256,-192,-400,-608,-288,-224,101,104
2,1,-192,-1216,-64,0,-1032,-1216,-256,-192,-1216,-1280,-256,-192,32876,32877
2,1,-224,-768,32,0,-768,-1032,-288,-192,-736,-768,-288,-224,32878,32879
2,1,-256,-1088,56,56,-1032,-1280,-256,-192,-736,-1032,-288,-192,106,107
2,1,-288,-704,64,0,-704,-736,-288,-224,-672,-704,-288,-224,32880,32881
2,1,-288,-640,64,0,-640,-672,-288,-224,-608,-640,-288,-224,32882,32883
2,1,-288,-672,64,0,-672,-736,-288,-224,-608,-672,-288,-224,109,110
2,1,-288,-736,64,0,-736,-1280,-288,-192,-608,-736,-288,-224,108,111
2,1,-224,-608,-64,0,640,-608,-288,-192,-608,-1280,-288,-192,105,112
2,1,-192,-768,192,-128,-768,-896,-192,0,-704,-896,-192,64,32884,32885
2,1,0,-1280,-32,0,-896,-1280,-192,96,-1280,-1312,-160,-32,32886,32887
2,1,64,-832,-64,-64,-704,-896,-192,64,-896,-1312,-192,96,114,115
2,1,-128,-320,256,0,-320,-424,-184,128,-128,-320,-128,128,32888,32889
2,1,0,-576,0,-64,-448,-640,-192,0,-576,-640,0,64,32891,32892
2,1,0,-640,64,0,-640,-832,-192,64,-448,-640,-192,64,32890,118
2,1,120,-624,8,0,-624,-720,120,128,-496,-592,120,128,32893,32894
2,1,64,-576,0,-64,-448,-832,-192,64,-496,-720,120,128,119,120
2,1,128,-424,-312,0,-128,-424,-184,128,-448,-832,-192,128,117,121
2,1,-128,-704,192,-128,-704,-1312,-192,96,-128,-832,-192,128,116,122
2,1,-64,480,32,-32,480,448,-64,-32,512,448,-64,0,32896,32897
2,1,-32,448,32,64,544,384,-64,128,512,448,-64,0,32895,124
2,1,64,544,-32,32,640,544,32,128,576,528,32,64,32898,32899
2,1,32,576,0,64,640,528,32,128,640,512,-64,32,126,32900
2,1,0,512,64,32,544,384,-64,128,640,512,-64,128,125,127
2,1,-128,480,64,0,480,384,-128,-64,576,480,-128,-64,32901,32902
2,1,-128,576,64,0,576,384,-128,-64,640,576,-128,-64,129,32903
2,1,-64,576,0,64,640,384,-64,128,640,384,-128,-64,128,130
2,1,-64,128,128,0,128,-64,-128,128,384,128,-64,64,32904,32905
2,1,128,-64,-256,0,384,-64,-128,128,-64,-128,-128,128,132,32906
2,1,128,384,-64,0,640,384,-128,128,384,-128,-128,128,131,133
2,1,-128,-128,256,0,-128,-1312,-192,128,640,-128,-128,128,123,134
2,1,-192,576,0,-896,640,-1280,-288,-192,640,-1312,-192,128,113,135
2,1,624,-632,0,-88,-632,-720,128,624,-632,-720,624,632,32907,32908
2,1,320,-632,0,8,-624,-632,320,448,-624,-632,128,320,32909,32910
2,1,448,-624,0,-8,-624,-632,128,448,-624,-632,448,632,138,32911
2,1,128,-632,192,0,-632,-720,128,632,-624,-632,128,632,137,139
2,1,320,-616,128,0,-616,-624,320,448,-600,-616,320,448,32912,32913
2,1,128,-624,192,0,-624,-720,128,632,-600,-624,320,448,140,141
2,1,640,-1136,-48,48,-1088,-1136,592,640,-1152,-1216,576,640,32915,32916
2,1,576,-1152,0,-64,-1088,-1216,440,576,-1088,-1216,576,640,32914,143
2,1,408,-1088,0,-128,-1088,-1216,128,408,-1088,-1216,408,424,32917,32918
2,1,424,-1088,0,-128,-1088,-1216,128,424,-1088,-1216,424,440,145,32919
2,1,440,-1216,0,128,-1088,-1216,440,640,-1088,-1216,128,440,144,146
2,1,592,-1088,-144,144,-768,-1088,448,640,-984,-1088,408,408,32921,32922
2,1,448,-944,-40,-40,-720,-1088,128,624,-768,-1088,408,640,32920,148
2,1,424,-1088,16,0,-1088,-1216,128,640,-720,-1088,128,640,147,149
2,1,624,-720,-496,0,-600,-720,128,632,-720,-1216,128,640,142,150
2,1,624,-496,0,-88,-496,-584,128,624,-496,-584,624,632,32923,32924
2,1,320,-600,0,16,-584,-600,320,448,-584,-592,128,312,32925,32926
2,1,448,-584,0,-16,-584,-600,128,448,-584,-592,456,632,153,32927
2,1,320,-584,-8,0,-496,-584,128,632,-584,-600,128,632,152,154
2,1,576,256,0,192,448,256,576,576,472,256,128,576,32928,32929
2,1,296,520,120,-48,520,472,296,416,464,448,576,640,32931,32932
2,1,128,640,168,-120,640,520,128,296,520,448,296,640,32930,157
2,1,416,472,160,-24,472,256,128,576,640,448,128,640,156,158
2,1,576,-128,0,-64,0,-192,416,576,-128,-128,576,640,32934,32935
2,1,576,-192,64,0,-192,-320,416,640,0,-192,416,640,32933,160
2,1,416,-96,-64,0,-96,-96,352,416,-160,-320,352,416,32937,32938
2,1,352,-96,0,-64,0,-288,192,352,-96,-320,352,416,32936,162
2,1,416,-160,0,64,0,-320,416,640,0,-320,192,416,161,163
2,1,288,128,0,-64,128,0,192,288,64,64,288,352,32941,32942
2,1,352,128,-64,0,256,128,192,352,128,0,192,352,32940,165
2,1,352,64,0,64,256,0,352,448,256,0,192,352,32939,166
2,1,512,64,-64,0,256,64,448,640,64,0,512,512,32944,32945
2,1,640,216,-64,40,256,216,576,640,256,0,448,640,32943,168
2,1,448,64,0,-64,256,0,192,448,256,0,448,640,167,169
2,1,448,0,64,0,0,-320,192,640,256,0,192,640,164,170
2,1,128,-496,112,112,-384,-496,128,624,-320,-424,128,184,32946,32947
2,1,640,-320,-256,0,256,-320,192,640,-320,-496,128,624,171,172
2,1,576,256,-192,32,640,256,128,640,256,-496,128,640,159,173
2,1,128,-496,496,0,-496,-600,128,632,640,-496,128,640,155,174
2,1,320,-600,128,0,-600,-1216,128,640,640,-600,128,640,151,175
2,1,128,-64,0,-64,640,-1312,-288,128,640,-1216,128,640,136,176
2,1,640,-192,0,64,496,-1344,640,2288,640,-1312,-288,640,99,177
