episode,mission,partition_x,partition_y,partition_x_diff,partition_y_diff,rbox_top,rbox_bottom,rbox_left,rbox_right,lbox_top,lbox_bottom,lbox_left,lbox_right,rchild,lchild
2,2,-128,-128,144,-64,-128,-448,-128,16,-64,-192,-128,16,32768,32769
2,2,216,-256,104,0,-256,-448,16,320,-128,-256,16,216,32771,32772
2,2,16,-192,200,64,-128,-448,16,320,-64,-192,16,216,1,32773
2,2,320,-256,0,16,-240,-448,320,384,-64,-448,16,320,32770,2
2,2,16,-64,0,-128,-64,-448,-128,16,-64,-448,16,384,0,3
2,2,320,-464,0,16,-448,-464,320,384,-448,-464,64,192,32774,32775
2,2,-128,-480,192,0,-480,-576,-128,256,-464,-480,64,192,32776,32777
2,2,384,-464,-64,0,-448,-464,64,384,-464,-576,-128,256,5,6
2,2,64,-448,-48,0,-64,-448,-128,384,-448,-576,-128,384,4,7
2,2,-144,-80,0,-32,-80,-112,-168,-144,-80,-112,-144,-136,32781,32782
2,2,-136,-80,-8,0,-64,-80,-168,-136,-80,-112,-168,-136,32780,9
2,2,-136,-112,0,32,-64,-112,-136,-128,-64,-112,-168,-136,32779,10
2,2,-144,-112,8,0,-112,-128,-168,-128,-64,-112,-168,-128,32778,11
2,2,-192,-128,0,64,-64,-128,-192,-168,-64,-128,-208,-192,32784,32785
2,2,-208,-64,0,-64,-64,-128,-384,-208,-64,-128,-208,-168,32783,13
2,2,-168,-128,0,64,-64,-128,-168,-128,-64,-128,-384,-168,12,14
2,2,-224,-480,80,0,-480,-576,-224,-144,-256,-480,-224,-144,32788,32789
2,2,-224,-192,0,-64,-192,-576,-320,-224,-256,-576,-224,-144,32787,16
2,2,-128,-408,-16,0,-256,-408,-144,-128,-480,-576,-144,-128,32790,32791
2,2,-144,-408,0,-72,-192,-576,-320,-144,-256,-576,-144,-128,17,18
2,2,-232,-160,-128,0,-128,-160,-360,-232,-192,-576,-320,-128,32786,19
2,2,-128,-128,-40,0,-64,-128,-384,-128,-128,-576,-360,-128,15,20
2,2,-128,-448,0,40,-64,-576,-128,384,-64,-576,-384,-128,8,21
2,2,16,0,-144,-64,280,-64,-128,16,0,-64,-128,16,32792,32793
2,2,-192,280,0,-24,280,128,-320,-192,256,128,-192,-128,32795,32796
2,2,-360,-32,128,0,-32,-64,-360,-232,280,128,-320,-128,32794,24
2,2,-128,-64,0,192,280,-64,-128,16,280,-64,-360,-128,23,25
2,2,192,280,24,-216,280,-64,16,216,280,64,192,384,32797,32798
2,2,16,280,0,-280,280,-64,-360,16,280,-64,16,384,26,27
2,2,256,720,16,-16,720,592,128,272,752,720,256,256,32802,32803
2,2,272,768,-16,-16,768,624,128,272,752,592,128,272,32801,29
2,2,128,592,144,112,704,536,128,384,768,592,128,272,32800,30
2,2,384,768,-112,0,896,768,128,384,768,536,128,384,32799,31
2,2,192,280,0,256,536,280,192,384,393,336,128,152,32804,32805
2,2,192,536,-64,56,896,536,128,384,536,280,128,384,32,33
2,2,128,768,-176,0,896,768,-48,128,752,584,-48,120,32806,32807
2,2,-48,768,-16,-16,896,640,-176,-48,752,584,-176,-64,32808,32809
2,2,-48,584,0,168,896,584,-48,128,896,584,-176,-48,35,36
2,2,-48,568,16,0,568,568,-48,96,584,568,-32,96,32811,32812
2,2,-64,584,16,-16,584,352,-176,96,584,568,-48,96,32810,38
2,2,96,584,0,-16,584,352,-176,96,568,352,96,112,39,32813
2,2,-32,584,-16,0,896,584,-176,128,584,352,-176,112,37,40
2,2,-176,368,0,512,896,352,-176,128,896,280,-320,-192,41,32814
2,2,112,400,-16,-48,896,280,-320,128,400,339,96,128,42,32815
2,2,128,592,0,176,896,280,128,384,896,280,-320,128,34,43
2,2,-128,280,144,0,280,-64,-360,384,896,280,-320,384,28,44
2,2,-168,-64,40,0,-64,-576,-384,384,896,-64,-360,384,22,45
2,2,384,-256,224,-192,-256,-448,384,608,-256,-448,384,608,32817,32818
2,2,608,-464,0,16,-256,-464,608,736,-256,-448,384,608,32816,47
2,2,736,-256,224,-192,-256,-448,736,960,-256,-448,736,960,32820,32821
2,2,960,-464,0,16,-256,-464,960,1024,-256,-448,736,960,32819,49
2,2,736,-448,0,-16,-256,-464,384,736,-256,-464,736,1024,48,50
2,2,608,-240,128,0,-240,-256,608,736,112,-192,448,736,32822,32823
2,2,960,0,0,64,112,0,960,1024,64,0,896,960,32826,32827
2,2,896,64,0,-64,64,0,848,896,64,0,896,960,32829,32830
2,2,960,64,-64,0,112,64,848,1008,64,0,848,960,32828,54
2,2,896,0,64,64,112,0,896,1024,112,0,848,1008,53,55
2,2,896,0,64,0,0,-112,848,1024,112,0,848,1024,32825,56
2,2,832,112,0,-208,112,-112,816,832,112,-112,848,1024,32824,57
2,2,848,-120,88,0,-120,-240,768,936,-112,-120,848,936,32833,32834
2,2,816,-112,-80,-80,-112,-192,736,816,-112,-240,768,936,32832,59
2,2,960,-256,0,128,-128,-256,960,1024,-112,-240,736,936,32831,60
2,2,1024,-112,-88,0,112,-112,816,1024,-112,-256,736,1024,58,61
2,2,736,-240,0,-16,112,-256,448,736,112,-256,736,1024,52,62
2,2,384,-256,224,0,-256,-464,384,1024,112,-256,448,1024,51,63
2,2,896,896,0,-128,896,768,384,896,896,768,896,896,32835,32836
2,2,816,328,16,152,480,328,816,896,480,328,768,832,32840,32841
2,2,768,480,16,-152,480,328,448,784,480,328,768,896,32839,66
2,2,448,616,24,0,616,480,448,768,640,616,472,768,32843,32844
2,2,768,640,0,-160,640,480,448,768,640,480,832,832,68,32845
2,2,832,640,-64,0,728,640,496,896,640,480,448,832,32842,69
2,2,768,480,64,0,480,328,448,896,728,480,448,896,67,70
2,2,864,736,-256,0,768,736,608,864,728,328,448,896,32838,71
2,2,448,704,0,-88,704,352,384,448,768,328,448,896,32837,72
2,2,1024,704,-56,0,768,704,896,1024,672,384,896,1024,32846,32847
2,2,896,728,0,-56,768,328,384,896,768,384,896,1024,73,74
2,2,896,768,-32,0,896,768,384,896,768,328,384,1024,65,75
2,2,864,128,0,32,320,128,864,1024,288,160,832,864,32849,32850
2,2,832,160,0,-48,320,112,448,832,320,128,832,1024,32848,77
2,2,432,128,0,128,272,112,432,448,256,128,400,432,32852,32853
2,2,400,256,0,-128,272,112,384,400,272,112,400,448,32851,79
2,2,448,272,0,32,320,112,448,1024,272,112,384,448,78,80
2,2,816,328,-32,0,896,328,384,1024,320,112,384,1024,76,81
2,2,848,112,176,0,112,-464,384,1024,896,112,384,1024,64,82
2,2,384,352,0,-80,896,-576,-384,384,896,-464,384,1024,46,83
2,2,1136,112,0,-112,112,0,1024,1136,112,0,1136,1144,32855,32856
2,2,1144,0,0,112,112,0,1144,1280,112,0,1024,1144,32854,85
2,2,1136,-32,80,0,-32,-112,1024,1216,0,-32,1136,1136,32857,32858
2,2,1280,0,-136,0,112,0,1024,1280,0,-112,1024,1216,86,87
2,2,1536,128,-64,-240,128,-112,1312,1536,128,-112,1472,1728,32860,32861
2,2,1728,-112,-64,240,128,-112,1664,1920,128,-112,1312,1728,32859,89
2,2,1280,112,0,-112,112,-112,1024,1280,128,-112,1312,1920,88,90
2,2,1728,384,0,128,896,368,1728,1920,896,512,1600,1728,32862,32863
2,2,1728,192,0,128,336,128,1728,1920,192,128,1664,1728,32864,32865
2,2,1728,320,192,16,336,128,1664,1920,384,320,1728,1920,93,32866
2,2,1920,368,-192,16,896,368,1600,1920,384,128,1664,1920,92,94
2,2,1472,192,64,-64,320,128,1024,1536,320,192,1472,1472,32867,32868
2,2,1280,648,96,104,752,320,1280,1472,752,648,1280,1376,32869,32870
2,2,1216,448,-64,-64,592,384,1024,1216,392,320,1208,1280,32872,32873
2,2,1280,648,-4,4,652,648,1276,1280,592,320,1024,1280,32871,98
2,2,1280,392,0,256,752,320,1280,1472,652,320,1024,1280,97,99
2,2,1024,320,184,0,320,128,1024,1536,752,320,1024,1472,96,100
2,2,1424,800,104,96,896,704,1424,1600,896,800,1424,1528,32874,32875
2,2,1528,704,-104,96,896,704,1424,1600,800,648,1376,1528,102,32876
2,2,1376,752,96,-104,752,128,1024,1536,896,648,1376,1600,101,103
2,2,1600,576,0,128,896,128,1600,1920,896,128,1024,1600,95,104
2,2,1224,896,104,-96,896,704,1088,1328,896,800,1224,1328,32877,32878
2,2,1328,800,-104,-96,896,704,1088,1328,800,652,1224,1376,106,32879
2,2,1420,896,-44,-48,896,848,1331,1420,896,800,1376,1424,32880,32881
2,2,1376,848,-44,48,896,800,1331,1424,896,800,1328,1376,108,32882
2,2,1328,800,48,-48,896,652,1088,1376,896,800,1328,1424,107,109
2,2,1088,480,0,96,576,480,1088,1088,576,480,1024,1088,32884,32885
2,2,1024,480,64,0,480,480,1024,1088,576,480,1024,1088,32883,111
2,2,1224,704,-200,0,704,704,1024,1224,672,576,1024,1216,32886,32887
2,2,1024,576,64,0,576,480,1024,1088,704,576,1024,1224,112,113
2,2,1276,652,-52,52,896,652,1088,1424,704,480,1024,1224,110,114
2,2,1376,752,48,48,896,128,1024,1920,896,480,1024,1424,105,115
2,2,1536,128,128,0,128,-112,1024,1920,896,128,1024,1920,91,116
2,2,1088,-256,160,-192,-256,-448,1088,1248,-256,-448,1088,1248,32890,32891
2,2,1088,-448,0,-16,-256,-464,1024,1088,-256,-448,1088,1248,32889,118
2,2,1248,-464,0,16,-256,-464,1248,1376,-256,-464,1024,1248,32888,119
2,2,1024,-128,128,0,-128,-192,1024,1216,-112,-128,1152,1216,32892,32893
2,2,1248,-256,0,16,-240,-256,1248,1376,-192,-256,1024,1088,32894,32895
2,2,1216,-192,-128,0,-112,-192,1024,1216,-192,-256,1024,1376,121,122
2,2,1024,-256,64,0,-256,-464,1024,1376,-112,-256,1024,1376,120,123
2,2,1664,-448,0,-16,-240,-464,1600,1664,-256,-448,1664,1920,32896,32897
2,2,1376,-256,224,-192,-256,-448,1376,1600,-256,-448,1376,1600,32898,32899
2,2,1600,-464,0,16,-240,-464,1600,1920,-256,-448,1376,1600,125,126
2,2,1376,-256,0,-192,-112,-464,1024,1376,-240,-464,1376,1920,124,127
2,2,1728,-112,-256,0,896,-112,1024,1920,-112,-464,1024,1920,117,128
2,2,2112,568,64,-64,568,472,2048,2176,568,504,2112,2254,32900,32901
2,2,2112,576,0,-8,576,568,2048,2112,576,568,2112,2216,32902,32903
2,2,2048,568,64,0,568,472,2048,2254,576,568,2048,2216,130,131
2,2,2048,568,0,8,576,472,2048,2254,576,568,2045,2048,132,32904
2,2,1984,504,64,64,568,440,1984,2080,576,504,1984,2048,32905,32906
2,2,1984,440,0,64,576,440,1984,2080,576,418,1920,1984,134,32907
2,2,2080,472,-32,96,576,472,2045,2254,576,418,1920,2080,133,135
2,2,2048,376,-64,64,472,376,1984,2112,440,376,1920,2048,32908,32909
2,2,2112,376,-64,0,472,376,1920,2112,376,368,1920,2114,137,32910
2,2,2176,440,-64,-64,504,376,2080,2176,440,368,2112,2176,32911,32912
2,2,2176,504,0,-64,504,368,2080,2176,530,368,2176,2272,139,32913
2,2,2080,472,32,-96,472,368,1920,2114,530,368,2080,2272,138,140
2,2,2080,472,-96,-32,576,418,1920,2254,530,368,1920,2272,136,141
2,2,2272,512,0,-80,576,368,1920,2272,576,368,2304,2560,142,32914
2,2,2624,768,-64,-64,896,704,2112,2624,768,704,2560,2624,32915,32916
2,2,2304,576,0,112,704,576,2304,2560,672,608,2112,2272,32917,32918
2,2,2624,704,-64,0,896,704,2112,2624,704,576,2112,2560,144,145
2,2,2048,576,0,128,768,576,2048,2112,896,704,1984,2048,32919,32920
2,2,2112,832,0,64,896,576,2112,2624,896,576,1984,2112,146,147
2,2,1920,576,128,0,576,368,1920,2560,896,576,1984,2624,143,148
2,2,2112,328,64,-64,328,232,2048,2176,328,264,2112,2254,32921,32922
2,2,2048,328,64,0,328,232,2048,2254,336,328,2045,2216,150,32923
2,2,1984,264,64,64,328,200,1984,2080,336,264,1984,2048,32924,32925
2,2,1984,200,0,64,336,200,1984,2080,336,178,1920,1984,152,32926
2,2,2080,232,-32,96,336,232,2045,2254,336,178,1920,2080,151,153
2,2,2048,136,-64,64,232,136,1984,2112,200,136,1920,2048,32927,32928
2,2,2112,136,-64,0,232,136,1920,2112,136,128,1920,2114,155,32929
2,2,2176,200,-64,-64,264,136,2080,2176,200,128,2112,2176,32930,32931
2,2,2176,264,0,-64,264,128,2080,2176,290,128,2176,2272,157,32932
2,2,2080,232,32,-96,232,128,1920,2114,290,128,2080,2272,156,158
2,2,2080,232,-96,-32,336,178,1920,2254,290,128,1920,2272,154,159
2,2,2272,272,0,-80,336,128,1920,2272,368,128,2304,2560,160,32933
2,2,2304,-128,256,64,-64,-320,2176,2560,0,-128,2304,2560,32934,32935
2,2,2368,-384,0,-64,-384,-448,1920,2368,-320,-384,2368,2432,32936,32937
2,2,2560,-320,-128,0,0,-320,2176,2560,-320,-448,1920,2432,162,163
2,2,2112,88,64,-64,88,-8,2048,2176,88,24,2112,2254,32938,32939
2,2,2048,88,64,0,88,-8,2048,2254,96,88,2045,2216,165,32940
2,2,1984,24,64,64,88,-40,1984,2080,96,24,1984,2048,32941,32942
2,2,1984,-40,0,64,96,-40,1984,2080,96,-61,1920,1984,167,32943
2,2,2080,-8,-32,96,96,-8,2045,2254,96,-61,1920,2080,166,168
2,2,2048,-104,-64,64,-8,-104,1984,2112,-40,-104,1920,2048,32944,32945
2,2,2112,-104,-64,0,-8,-104,1920,2112,-104,-112,1920,2114,170,32946
2,2,2176,-40,-64,-64,24,-104,2080,2176,-40,-112,2112,2176,32947,32948
2,2,2176,24,0,-64,24,-112,2080,2176,50,-112,2176,2272,172,32949
2,2,2080,-8,32,-96,-8,-112,1920,2114,50,-112,2080,2272,171,173
2,2,2080,-8,-96,-32,96,-61,1920,2254,50,-112,1920,2272,169,174
2,2,2208,-112,-288,0,96,-112,1920,2272,-192,-256,1920,2176,175,32950
2,2,2272,32,0,-80,96,-256,1920,2272,128,-128,2304,2560,176,32951
2,2,2176,-192,128,64,0,-448,1920,2560,128,-256,1920,2560,164,177
2,2,2208,128,-288,0,368,128,1920,2560,128,-448,1920,2560,161,178
2,2,2208,368,-288,0,896,368,1920,2624,368,-448,1920,2560,149,179
2,2,1920,832,0,-256,896,-464,1024,1920,896,-448,1920,2624,129,180
2,2,1024,576,0,-96,896,-576,-384,1024,896,-464,1024,2624,84,181
2,2,1856,1280,-128,0,1344,1280,1728,1856,1280,1216,1728,1856,32953,32954
2,2,1728,1280,0,-64,1344,1216,1600,1728,1344,1216,1728,1856,32952,183
2,2,1856,1344,0,-64,1344,1216,1600,1856,1344,1216,1856,1920,184,32955
2,2,1920,1408,-128,0,1472,1408,1792,1920,1408,1344,1792,1920,32956,32957
2,2,1728,1472,0,-128,1472,1344,1600,1728,1472,1344,1728,1792,32958,32959
2,2,1792,1408,0,64,1472,1344,1792,1920,1472,1344,1600,1792,186,187
2,2,1728,1344,64,0,1344,1216,1600,1920,1472,1344,1600,1920,185,188
2,2,1920,960,-64,0,1152,960,1600,1920,960,896,1696,1856,32960,32961
2,2,1728,1216,0,-64,1216,1152,1600,1728,1216,1152,1728,1792,32962,32963
2,2,1792,1216,0,-64,1216,1152,1600,1792,1216,1152,1792,1920,191,32964
2,2,1728,1152,64,0,1152,896,1600,1920,1216,1152,1600,1920,190,192
2,2,1792,1216,-64,0,1472,1216,1600,1920,1216,896,1600,1920,189,193
2,2,1792,1536,0,-64,1536,1472,1728,1792,1632,1504,1856,1920,32965,32966
2,2,1696,1696,-96,-32,1696,1664,1600,1696,1696,1664,1856,1920,32968,32969
2,2,1856,1664,64,0,1664,1632,1856,1920,1696,1664,1600,1920,32967,196
2,2,1856,1632,64,0,1632,1472,1728,1920,1696,1632,1600,1920,195,197
2,2,1856,1760,64,0,1760,1728,1856,1920,1792,1760,1856,1920,32972,32973
2,2,1856,1728,64,0,1728,1696,1856,1920,1792,1728,1856,1920,32971,199
2,2,1728,1792,-32,-96,1792,1696,1696,1728,1792,1696,1856,1920,32970,200
2,2,1856,1856,64,0,1856,1824,1856,1920,1896,1856,1856,1920,32976,32977
2,2,1856,1824,64,0,1824,1792,1856,1920,1896,1824,1856,1920,32975,202
2,2,1728,1896,0,-104,1896,1792,1600,1728,1896,1792,1856,1920,32974,203
2,2,1856,1792,64,0,1792,1696,1696,1920,1896,1792,1600,1920,201,204
2,2,1856,1696,64,0,1696,1472,1600,1920,1896,1696,1600,1920,198,205
2,2,1728,1472,64,0,1472,896,1600,1920,1896,1472,1600,1920,194,206
2,2,1472,1352,-192,0,1376,1352,1280,1472,1352,1328,1280,1472,32978,32979
2,2,1472,1304,-192,0,1328,1304,1280,1472,1304,1280,1280,1472,32980,32981
2,2,1472,1328,-192,0,1376,1328,1280,1472,1328,1280,1280,1472,208,209
2,2,1472,1256,-192,0,1280,1256,1280,1472,1256,1232,1280,1472,32982,32983
2,2,1472,1232,-192,0,1280,1232,1280,1472,1232,1208,1280,1472,211,32984
2,2,1331,896,-51,56,1208,896,1280,1472,952,896,1280,1331,32985,32986
2,2,1472,952,-51,-56,1208,896,1280,1472,952,896,1420,1528,213,32987
2,2,1472,1208,-192,0,1280,1208,1280,1472,1208,896,1280,1528,212,214
2,2,1472,1280,-192,0,1376,1280,1280,1472,1280,896,1280,1528,210,215
2,2,1520,1848,0,-32,1848,1816,1520,1520,1872,1848,1520,1544,32993,32994
2,2,1520,1816,24,-24,1816,1792,1520,1544,1872,1816,1520,1544,32992,217
2,2,1576,1792,24,24,1816,1792,1576,1600,1872,1792,1520,1544,32991,218
2,2,1600,1848,-24,24,1872,1848,1576,1600,1872,1792,1520,1600,32990,219
2,2,1576,1872,-32,0,1872,1872,1544,1576,1872,1792,1520,1600,32989,220
2,2,1544,1792,32,0,1792,1664,1280,1600,1872,1792,1520,1600,32988,221
2,2,1472,1664,0,-160,1664,1408,1280,1472,1504,1440,1472,1504,32995,32996
2,2,1600,1664,-128,0,1872,1664,1280,1600,1664,1408,1280,1504,222,223
2,2,1312,1384,128,0,1384,1376,1312,1440,1392,1384,1312,1440,32998,32999
2,2,1440,1392,-128,0,1408,1392,1312,1440,1392,1376,1312,1440,32997,225
2,2,1472,1408,-32,0,1872,1408,1280,1600,1408,1376,1312,1440,224,226
2,2,1440,1376,32,0,1376,896,1280,1528,1872,1376,1280,1600,216,227
2,2,1600,1816,0,32,1896,896,1600,1920,1872,896,1280,1600,207,228
2,2,2496,1024,64,0,1024,896,2496,2560,1088,1024,2496,2560,33002,33003
2,2,2560,1024,0,64,1088,896,2560,2624,1088,896,2496,2560,33001,230
2,2,2496,1088,0,-64,1088,896,2112,2496,1088,896,2496,2624,33000,231
2,2,2176,1152,0,-64,1152,1088,2112,2176,1152,1088,2176,2240,33006,33007
2,2,2240,1152,-64,0,1280,1152,2112,2240,1152,1088,2112,2240,33005,233
2,2,2240,1088,0,64,1280,1088,2240,2624,1280,1088,2112,2240,33004,234
2,2,2176,1088,64,0,1088,896,2112,2624,1280,1088,2112,2624,232,235
2,2,2432,1600,0,-128,1600,1472,2176,2432,1536,1472,2496,2560,33009,33010
2,2,2144,1472,32,0,1472,1280,2112,2624,1600,1472,2176,2560,33008,237
2,2,2112,1280,512,0,1280,896,2112,2624,1600,1280,2112,2624,236,238
2,2,1984,896,0,608,1568,896,1984,2048,1568,1504,1920,1984,33011,33012
2,2,2112,1304,0,136,1600,896,2112,2624,1568,896,1920,2048,239,240
2,2,2560,1640,0,88,1728,1640,2560,2624,1728,1640,2496,2560,33014,33015
2,2,2624,1640,0,88,1728,1640,2624,2720,1728,1640,2496,2624,33013,242
2,2,2432,1640,0,-40,1728,1600,1984,2432,1728,1640,2432,2496,33016,33017
2,2,2496,1640,0,88,1728,1640,2496,2720,1728,1600,1984,2496,243,244
2,2,2720,1792,-96,0,1880,1792,2624,2720,1792,1728,2624,2720,33018,33019
2,2,2624,1792,-64,0,1880,1792,2304,2624,1792,1760,2304,2560,33021,33022
2,2,2400,1880,224,0,1880,1760,2304,2624,1896,1880,2304,2400,247,33023
2,2,2272,1896,0,-168,1896,1728,1984,2272,1896,1760,2304,2624,33020,248
2,2,2624,1728,0,64,1880,1728,2624,2720,1896,1728,1984,2624,246,249
2,2,2560,1728,64,0,1728,1600,1984,2720,1896,1728,1984,2720,245,250
2,2,2176,1600,256,0,1600,896,1920,2624,1896,1600,1984,2720,241,251
2,2,1920,1344,0,-128,1896,896,1280,1920,1896,896,1920,2720,229,252
2,2,320,960,0,768,1728,960,320,384,1728,960,256,320,33024,33025
2,2,384,1728,0,-768,1728,960,256,384,1728,960,384,448,254,33026
2,2,0,1728,0,-768,1728,960,-64,0,1728,960,0,64,33027,33028
2,2,64,1664,0,-384,1728,960,-64,64,1280,1088,64,256,256,33029
2,2,256,1024,0,64,1728,960,256,448,1728,960,-64,256,255,257
2,2,320,1856,64,0,1856,1792,320,384,1856,1856,320,384,33030,33031
2,2,384,1856,0,-64,1856,1792,320,384,1896,1792,384,440,259,33032
2,2,320,1792,0,64,1896,1792,320,440,1896,1792,192,320,260,33033
2,2,384,1792,-64,0,1896,1792,192,440,1792,1736,192,440,261,33034
2,2,440,1896,0,-144,1896,1736,192,440,1896,1752,440,448,262,33035
2,2,-48,1792,0,64,1856,1792,-48,192,1856,1792,-64,-48,33036,33037
2,2,192,1792,0,64,1896,1736,192,448,1856,1792,-64,192,263,264
2,2,320,1728,64,0,1728,960,-64,448,1896,1736,-64,448,258,265
2,2,-128,1664,64,64,1728,960,-128,-64,1728,1664,-184,-64,33038,33039
2,2,-104,1792,0,-32,1856,1760,-184,-104,1856,1792,-104,-64,33041,33042
2,2,-184,1760,80,0,1760,1664,-184,-104,1856,1760,-184,-64,33040,268
2,2,-184,1664,80,64,1728,960,-184,-64,1856,1664,-184,-64,267,269
2,2,-184,1664,0,96,1856,960,-184,-64,1896,896,-320,-192,270,33043
2,2,-64,960,0,768,1896,960,-64,448,1896,896,-320,-64,266,271
2,2,832,1664,0,-384,1728,960,768,832,1280,1088,832,864,33045,33046
2,2,768,1728,0,-768,1728,960,704,768,1728,960,768,864,33044,273
2,2,640,1280,0,384,1728,960,640,704,1280,1088,448,640,33047,33048
2,2,704,960,0,768,1728,960,704,864,1728,960,448,704,274,275
2,2,768,960,-64,0,1728,960,448,864,928,896,608,864,276,33049
2,2,712,1840,32,0,1840,1736,712,760,1896,1840,744,824,33050,33051
2,2,760,1744,-48,-8,1896,1736,712,824,1744,1728,760,864,278,33052
2,2,704,1896,0,-56,1896,1736,448,704,1840,1736,704,712,33053,33054
2,2,712,1736,0,104,1896,1728,712,864,1896,1736,448,712,279,280
2,2,704,1728,64,0,1728,896,448,864,1896,1728,448,864,277,281
2,2,896,1088,-32,0,1274,1088,864,1088,1088,896,896,1088,33056,33057
2,2,1224,896,56,56,952,896,1224,1280,1274,896,864,1088,33055,283
2,2,936,1440,32,0,1440,1288,888,1112,1456,1440,968,1086,33058,33059
2,2,1008,1456,72,0,1456,1288,888,1112,1472,1456,1008,1080,285,33060
2,2,864,1274,224,-42,1274,896,864,1280,1472,1288,888,1112,284,286
2,2,1152,1816,24,-24,1816,1792,1152,1176,1872,1848,1152,1176,33066,33067
2,2,1176,1792,32,0,1792,1792,1176,1208,1872,1792,1152,1176,33065,288
2,2,1232,1816,0,32,1848,1816,1232,1232,1872,1792,1152,1208,33064,289
2,2,1232,1848,-24,24,1872,1848,1208,1232,1872,1792,1152,1232,33063,290
2,2,1208,1872,-32,0,1872,1872,1176,1208,1872,1792,1152,1232,33062,291
2,2,1208,1792,24,24,1816,1664,1152,1280,1872,1792,1152,1232,33061,292
2,2,1152,1656,64,0,1656,1500,1152,1216,1664,1656,1152,1216,33068,33069
2,2,1280,1664,-64,0,1872,1664,1152,1280,1664,1500,1152,1216,293,294
2,2,912,1608,-8,72,1768,1472,897,1008,1735,1680,888,904,33070,33071
2,2,928,1784,-56,-40,1896,1740,864,936,1784,1728,872,944,33072,33073
2,2,888,1728,56,40,1768,1472,888,1008,1896,1728,864,944,296,297
2,2,992,1696,8,-64,1764,1632,948,1000,1632,1584,1000,1032,33075,33076
2,2,1104,1576,32,16,1592,1576,1104,1136,1624,1592,1136,1152,33079,33080
2,2,1072,1576,32,0,1576,1576,1072,1104,1624,1576,1104,1152,33078,300
2,2,1152,1664,-96,32,1896,1664,1024,1152,1624,1576,1072,1152,33077,301
2,2,976,1736,16,-40,1764,1584,948,1032,1896,1576,1024,1152,299,302
2,2,1032,1584,40,-8,1584,1472,1008,1152,1896,1576,948,1152,33074,303
2,2,928,1864,8,-40,1896,1472,864,1008,1896,1472,948,1152,298,304
2,2,1152,1624,0,32,1872,1500,1152,1280,1896,1472,864,1152,295,305
2,2,1008,1472,72,0,1472,896,864,1280,1896,1472,864,1280,287,306
2,2,864,928,0,-32,1896,896,448,864,1896,896,864,1280,282,307
2,2,448,1280,0,-192,1896,896,-320,448,1896,896,448,1280,272,308
2,2,1280,1208,0,24,1896,896,1280,2720,1896,896,-320,1280,253,309
2,2,2112,896,512,0,896,-576,-384,2624,1896,896,-320,2720,182,310
2,2,2536,4224,0,-24,4224,4096,2304,2536,4200,4096,2536,2560,33081,33082
2,2,2416,4032,16,16,4048,4032,2416,2432,4096,4080,2416,2432,33088,33089
2,2,2368,4048,16,-16,4048,4032,2368,2384,4096,4032,2416,2432,33087,313
2,2,2384,4096,-16,-16,4096,4080,2368,2384,4096,4032,2368,2432,33086,314
2,2,2384,4032,32,0,4032,4032,2384,2416,4096,4032,2368,2432,33085,315
2,2,2368,4080,0,-32,4080,4048,2368,2368,4096,4032,2368,2432,33084,316
2,2,2432,4048,0,32,4096,3968,2432,2560,4096,4032,2368,2432,33083,317
2,2,2416,4096,-32,0,4224,4096,2304,2560,4096,3968,2368,2560,312,318
2,2,2600,4096,0,64,4160,3968,2600,2816,4096,4000,2584,2600,33090,33091
2,2,2576,4096,0,-96,4096,4000,2560,2576,4096,4000,2576,2584,33092,33093
2,2,2584,4000,0,96,4160,3968,2584,2816,4096,4000,2560,2584,320,321
2,2,2560,4200,0,-104,4224,3968,2304,2560,4160,3968,2560,2816,319,322
2,2,1872,4032,32,0,4032,4032,1872,1904,4048,4032,1904,1920,33100,33101
2,2,1856,4048,16,-16,4048,4032,1856,1872,4048,4032,1872,1920,33099,324
2,2,1856,4080,0,-32,4080,4048,1856,1856,4048,4032,1856,1920,33098,325
2,2,1872,4096,-16,-16,4096,4080,1856,1872,4080,4032,1856,1920,33097,326
2,2,1920,4080,-16,16,4096,4080,1904,1920,4096,4032,1856,1920,33096,327
2,2,1920,4048,0,32,4080,4048,1920,1920,4096,4032,1856,1920,33095,328
2,2,1904,4096,-32,0,4224,4096,1752,1984,4096,4032,1856,1920,33094,329
2,2,1744,3968,0,128,4096,3968,1744,1744,4096,3968,1728,1744,33103,33104
2,2,1744,4096,-16,0,4200,4096,1728,1752,4096,3968,1728,1744,33102,331
2,2,1752,4200,0,24,4224,4032,1752,1984,4200,3968,1728,1752,330,332
2,2,2255,3968,24,216,4184,3968,2255,2304,4184,3968,2008,2280,33106,33107
2,2,2008,4184,24,-216,4184,3968,1984,2032,4184,3968,2008,2304,33105,334
2,2,1984,4184,24,0,4184,3968,1984,2304,4224,4184,2008,2280,335,33108
2,2,1984,4224,0,-40,4224,3968,1728,1984,4224,3968,1984,2304,333,336
2,2,2304,4184,0,40,4224,3968,2304,2816,4224,3968,1728,2304,323,337
2,2,2240,4288,0,-64,4416,4224,2048,2240,4416,4288,2240,2560,33109,33110
2,2,2048,4224,0,64,4416,4224,2048,2560,4416,4288,1728,2048,339,33111
2,2,2368,4480,0,-64,4480,4416,2176,2368,4480,4416,2368,2432,33114,33115
2,2,2432,4416,0,64,4480,4416,2432,2560,4480,4416,2176,2432,33113,341
2,2,2112,4480,0,-64,4480,4416,1920,2112,4480,4416,2112,2176,33116,33117
2,2,1856,4480,0,-64,4480,4416,1728,1856,4480,4416,1856,1920,33118,33119
2,2,1920,4416,0,64,4480,4416,1920,2176,4480,4416,1728,1920,343,344
2,2,2176,4416,0,64,4480,4416,2176,2560,4480,4416,1728,2176,342,345
2,2,1920,4480,-64,0,4608,4480,1728,2560,4480,4416,1728,2560,33112,346
2,2,1856,4416,64,0,4416,4224,1728,2560,4608,4416,1728,2560,340,347
2,2,1752,4224,232,0,4224,3968,1728,2816,4608,4224,1728,2560,338,348
2,2,1856,3664,16,-16,3664,3648,1856,1872,3664,3648,1904,1920,33126,33127
2,2,1872,3712,-16,-16,3712,3696,1856,1872,3664,3648,1856,1920,33125,350
2,2,1920,3664,0,32,3696,3664,1920,1920,3712,3648,1856,1920,33124,351
2,2,1856,3696,0,-32,3696,3664,1856,1856,3712,3648,1856,1920,33123,352
2,2,1904,3712,-32,0,3712,3712,1872,1904,3712,3648,1856,1920,33122,353
2,2,1920,3696,-16,16,3968,3648,1904,2068,3712,3648,1856,1920,33121,354
2,2,1872,3648,32,0,3648,3544,1752,2080,3968,3648,1856,2068,33120,355
2,2,1856,3856,16,-16,3856,3840,1856,1872,3904,3888,1904,1920,33133,33134
2,2,1872,3904,-16,-16,3904,3888,1856,1872,3904,3840,1856,1920,33132,357
2,2,1920,3856,0,32,3888,3856,1920,1920,3904,3840,1856,1920,33131,358
2,2,1872,3840,32,0,3840,3840,1872,1904,3904,3840,1856,1920,33130,359
2,2,1856,3888,0,-32,3888,3856,1856,1856,3904,3840,1856,1920,33129,360
2,2,1904,3904,-32,0,3904,3904,1872,1904,3904,3840,1856,1920,33128,361
2,2,1904,3840,16,16,3968,3544,1752,2080,3904,3840,1856,1920,356,362
2,2,1752,3544,0,24,3968,3544,1752,2080,3968,3568,1728,1752,363,33135
2,2,2080,3536,0,8,3544,3536,2080,2208,3968,3544,2032,2080,33136,33137
2,2,2032,3968,47,-424,3968,3544,1728,2080,3968,3536,2032,2208,364,365
2,2,1920,3328,-192,0,3520,3328,1728,2208,3328,3264,1920,2176,33138,33139
2,2,2080,3528,128,0,3528,3520,2080,2208,3536,3528,2080,2208,33140,33141
2,2,1728,3520,352,0,3520,3264,1728,2208,3536,3520,2080,2208,367,368
2,2,2208,3536,-128,0,3968,3536,1728,2208,3536,3264,1728,2208,366,369
2,2,2416,3648,16,16,3664,3648,2416,2432,3712,3696,2416,2432,33148,33149
2,2,2368,3664,16,-16,3664,3648,2368,2384,3712,3648,2416,2432,33147,371
2,2,2432,3664,0,32,3696,3664,2432,2432,3712,3648,2368,2432,33146,372
2,2,2368,3696,0,-32,3696,3664,2368,2368,3712,3648,2368,2432,33145,373
2,2,2416,3712,-32,0,3712,3712,2384,2416,3712,3648,2368,2432,33144,374
2,2,2384,3712,-16,-16,3968,3648,2219,2384,3712,3648,2368,2432,33143,375
2,2,2384,3648,32,0,3648,3544,2208,2536,3968,3648,2219,2432,33142,376
2,2,2208,3544,47,424,3968,3544,2208,2536,3968,3544,2208,2255,377,33150
2,2,2416,3840,16,16,3856,3840,2416,2432,3904,3888,2416,2432,33156,33157
2,2,2384,3904,-16,-16,3904,3888,2368,2384,3904,3840,2416,2432,33155,379
2,2,2432,3856,0,32,3888,3856,2432,2432,3904,3840,2368,2432,33154,380
2,2,2384,3840,32,0,3840,3840,2384,2416,3904,3840,2368,2432,33153,381
2,2,2368,3888,0,-32,3888,3856,2368,2368,3904,3840,2368,2432,33152,382
2,2,2416,3904,-32,0,3904,3904,2384,2416,3904,3840,2368,2432,33151,383
2,2,2368,3856,16,-16,3968,3544,2208,2536,3904,3840,2368,2432,378,384
2,2,2536,3568,0,-24,3968,3544,2208,2536,3968,3568,2536,2560,385,33158
2,2,2368,3328,0,-64,3328,3264,2304,2368,3520,3264,2432,2560,33159,33160
2,2,2304,3264,0,64,3328,3264,2304,2304,3328,3264,2240,2240,33163,33164
2,2,2304,3328,-64,0,3392,3328,2240,2368,3328,3264,2240,2304,33162,388
2,2,2432,3392,-64,0,3520,3392,2208,2560,3392,3264,2240,2368,33161,389
2,2,2432,3392,128,128,3520,3264,2304,2560,3520,3264,2208,2560,387,390
2,2,2536,3544,-328,0,3968,3544,2208,2560,3520,3264,2208,2560,386,391
2,2,2208,3536,0,-8,3968,3264,1728,2208,3968,3264,2208,2560,370,392
2,2,2600,3920,0,32,3952,3792,2600,2728,3920,3824,2584,2600,33165,33166
2,2,2576,3920,0,-96,3920,3824,2560,2576,3920,3824,2576,2584,33167,33168
2,2,2584,3824,0,96,3952,3792,2584,2728,3920,3824,2560,2584,394,395
2,2,2600,3744,0,32,3776,3616,2600,2752,3744,3648,2584,2600,33169,33170
2,2,2576,3744,0,-96,3744,3648,2560,2576,3744,3648,2576,2584,33171,33172
2,2,2584,3648,0,96,3776,3616,2584,2752,3744,3648,2560,2584,397,398
2,2,2728,3792,-128,0,3952,3792,2560,2728,3776,3616,2560,2752,396,399
2,2,2560,3328,0,-64,3968,3264,1728,2560,3952,3616,2560,2752,393,400
2,2,2816,3968,-216,0,4608,3968,1728,2816,3968,3264,1728,2752,349,401
2,2,640,4064,-32,0,4096,4064,608,640,4064,4032,608,640,33179,33180
2,2,608,4064,0,-32,4096,4032,576,608,4096,4032,608,640,33178,403
2,2,576,4096,0,-64,4096,4032,576,576,4096,4032,576,640,33177,404
2,2,640,4096,-64,0,4416,4096,512,640,4096,4032,576,640,33176,405
2,2,640,4064,0,32,4416,4032,640,704,4416,4032,512,640,33175,406
2,2,576,4032,32,0,4032,3392,512,704,4416,4032,512,704,33174,407
2,2,512,3392,192,128,3520,3328,512,704,4416,3392,512,704,33173,408
2,2,576,4544,64,0,4544,4416,512,704,4608,4544,576,640,33181,33182
2,2,512,4416,192,0,4416,3328,512,704,4608,4416,512,704,409,410
2,2,1248,3840,-32,0,4160,3840,1216,1312,3840,3840,1216,1248,33183,33184
2,2,1312,3904,-64,-64,4160,3840,1216,1312,3904,3840,1248,1312,412,33185
2,2,1312,4160,0,-96,4160,3840,1216,1312,4288,3808,1312,1448,413,33186
2,2,1120,3840,-64,64,4000,3840,1056,1216,3904,3840,1056,1120,33187,33188
2,2,1216,3840,-64,0,4000,3840,1056,1216,3840,3840,1120,1216,415,33189
2,2,1152,4000,64,0,4000,3840,1056,1216,4064,4000,1152,1216,416,33190
2,2,1216,4000,0,64,4288,3808,1216,1448,4064,3840,1056,1216,414,417
2,2,1600,4032,64,-64,4032,3808,1600,1664,4096,3968,1600,1664,33192,33193
2,2,1664,4096,-64,-64,4472,3936,1472,1664,4096,3808,1600,1664,33191,419
2,2,1664,4432,0,-336,4472,3808,1472,1664,4096,3968,1664,1728,420,33194
2,2,1472,4304,-8,8,4312,4304,1464,1472,3936,3808,1464,1472,33196,33197
2,2,1464,3808,0,128,4312,3808,1464,1472,3936,3808,1456,1464,422,33198
2,2,1456,3936,0,-128,3936,3808,1448,1456,4312,3808,1456,1472,33195,423
2,2,1472,3936,0,368,4472,3808,1472,1728,4312,3808,1448,1472,421,424
2,2,1448,4280,0,-344,4288,3808,1056,1448,4472,3808,1448,1728,418,425
2,2,968,3736,-40,40,3776,3736,928,968,3768,3720,904,952,33200,33201
2,2,936,3720,8,-8,3752,3584,776,944,3776,3720,904,968,33199,427
2,2,1616,3584,-192,128,3808,3584,1424,1664,3712,3584,1296,1616,33202,33203
2,2,1472,3760,0,48,3808,3760,1472,1472,3808,3736,968,1448,33205,33206
2,2,944,3712,480,0,3712,3584,816,1424,3808,3736,968,1472,33204,430
2,2,1424,3712,48,48,3808,3584,1296,1664,3808,3584,816,1472,429,431
2,2,944,3712,-128,-128,3776,3584,776,968,3808,3584,816,1664,428,432
2,2,1464,3808,-8,0,4472,3808,1056,1728,3808,3584,776,1664,426,433
2,2,1216,4064,-64,0,4224,4064,1152,1312,4064,4000,1152,1216,33207,33208
2,2,1216,4224,32,0,4224,4000,1152,1312,4224,4224,1152,1248,435,33209
2,2,1152,4328,64,0,4328,4328,1152,1216,4344,4328,1152,1216,33211,33212
2,2,1464,4312,-40,40,4352,4312,1424,1464,4328,4160,1216,1440,33213,33214
2,2,1216,4344,0,-16,4344,4328,1152,1216,4352,4160,1216,1464,437,438
2,2,1424,4352,-272,0,4480,4352,1152,1624,4352,4160,1152,1464,33210,439
2,2,1248,4224,64,-64,4224,4000,1152,1312,4480,4160,1152,1624,436,440
2,2,1120,4224,32,0,4224,3904,1056,1152,4224,4224,1120,1152,33218,33219
2,2,1056,4160,64,64,4224,3904,1056,1152,4328,4160,1056,1152,442,33220
2,2,1056,4064,0,96,4328,3904,1056,1152,4328,3776,920,1056,443,33221
2,2,928,3776,-8,8,4328,3776,920,1152,3760,3752,896,904,444,33222
2,2,944,4352,-48,-48,4352,4304,896,944,4328,3752,896,1152,33217,445
2,2,1152,4352,-208,0,4480,4352,896,1152,4352,3752,896,1152,33216,446
2,2,896,4304,0,-544,4480,3624,768,896,4480,3752,896,1152,33215,447
2,2,1152,4328,0,16,4480,4000,1152,1624,4480,3624,768,1152,441,448
2,2,768,3840,0,592,4480,3624,768,1624,3840,3712,704,768,449,33223
2,2,1344,4480,272,0,4480,3624,704,1624,4544,4480,1024,1344,450,33224
2,2,904,3752,16,16,4472,3584,776,1728,4544,3624,704,1624,434,451
2,2,1472,3520,0,-192,3520,3328,1344,1472,3520,3328,1472,1664,33226,33227
2,2,1472,3520,192,-192,3520,3328,1344,1664,3576,3328,1472,1720,453,33228
2,2,1280,3328,64,0,3328,3264,1280,1664,3576,3328,1344,1720,33225,454
2,2,1024,3328,-128,0,3520,3328,704,1024,3328,3264,768,896,33229,33230
2,2,1344,3392,-320,0,3520,3392,1024,1472,3328,3264,1152,1216,33231,33232
2,2,1024,3392,0,-64,3520,3264,704,1024,3520,3264,1024,1472,456,457
2,2,1152,3568,-128,0,3584,3568,1024,1152,3568,3552,1024,1152,33234,33235
2,2,1024,3552,128,0,3552,3520,1024,1152,3584,3552,1024,1152,33233,459
2,2,704,3520,320,0,3520,3264,704,1472,3584,3520,1024,1152,458,460
2,2,1472,3520,56,56,3576,3264,1280,1720,3584,3264,704,1472,455,461
2,2,1024,3584,-208,0,4544,3584,704,1728,3584,3264,704,1720,452,462
2,2,704,3840,0,-128,4608,3328,512,704,4544,3264,704,1728,411,463
2,2,192,3904,0,64,4096,3904,192,320,4096,3968,128,192,33236,33237
2,2,384,4032,64,0,4032,3904,384,448,4160,4032,448,512,33239,33240
2,2,384,4160,0,-64,4160,4096,320,384,4160,3904,384,512,33238,466
2,2,320,4096,0,-192,4096,3904,128,320,4160,3904,320,512,465,467
2,2,-128,4032,64,0,4032,3904,-128,-64,4160,4032,-128,-64,33241,33242
2,2,-64,3968,64,0,3968,3904,-64,0,4096,4032,-64,0,33243,33244
2,2,-64,4032,0,-64,4160,3904,-128,-64,4096,3904,-64,0,469,470
2,2,128,4096,-128,0,4096,4096,0,128,4096,3968,0,128,33246,33247
2,2,0,3968,64,0,3968,3904,0,64,4096,3968,0,128,33245,472
2,2,0,3968,0,-64,4160,3904,-128,0,4096,3904,0,128,471,473
2,2,128,3968,0,128,4160,3904,128,512,4160,3904,-128,128,468,474
2,2,96,4320,-32,0,4416,4320,64,96,4320,4288,64,96,33251,33252
2,2,96,4288,0,32,4416,4288,96,192,4416,4288,64,96,33250,476
2,2,64,4288,32,0,4288,4288,64,96,4416,4288,64,192,33249,477
2,2,64,4320,0,-32,4416,4160,-128,64,4416,4288,64,192,33248,478
2,2,64,4544,64,0,4544,4416,-64,192,4608,4544,64,128,33253,33254
2,2,-128,4416,64,0,4416,4160,-128,192,4608,4416,-64,192,479,480
2,2,256,4224,64,0,4224,4160,256,320,4288,4224,192,256,33255,33256
2,2,512,4224,-64,0,4288,4224,448,512,4224,4160,448,512,33257,33258
2,2,320,4224,0,-64,4288,4160,192,320,4288,4160,448,512,482,483
2,2,448,4416,64,0,4416,4416,448,512,4544,4416,448,512,33259,33260
2,2,384,4352,-64,0,4416,4352,320,448,4352,4288,384,448,33261,33262
2,2,320,4352,0,64,4416,4288,320,448,4416,4352,192,256,486,33263
2,2,448,4416,0,128,4544,4416,448,512,4416,4288,192,448,485,487
2,2,192,4288,64,0,4288,4160,192,512,4544,4288,192,512,484,488
2,2,192,4544,0,-128,4608,4160,-128,192,4544,4160,192,512,481,489
2,2,448,4160,64,0,4160,3904,-128,512,4608,4160,-128,512,475,490
2,2,-32,3856,-16,0,3904,3856,-48,-32,3856,3808,-48,-32,33266,33267
2,2,-32,3840,32,0,3840,3808,-32,0,3904,3840,-32,0,33268,33269
2,2,-32,3856,0,-16,3904,3808,-48,-32,3904,3808,-32,0,492,493
2,2,-48,3856,0,-48,3904,3808,-128,-48,3904,3808,-48,0,33265,494
2,2,-48,3808,48,0,3808,3712,-128,0,3904,3808,-128,0,33264,495
2,2,-128,3392,64,0,3392,3264,-128,-64,3712,3392,-128,-64,33270,33271
2,2,-64,3392,64,0,3392,3392,-64,0,3648,3520,-64,0,33272,33273
2,2,-32,3680,0,-32,3680,3648,-64,-32,3680,3648,-32,0,33275,33276
2,2,0,3680,-32,0,3712,3680,-64,0,3680,3648,-64,0,33274,499
2,2,-64,3648,32,0,3648,3392,-64,0,3712,3648,-64,0,498,500
2,2,-64,3520,0,-128,3712,3264,-128,-64,3712,3392,-64,0,497,501
2,2,0,3712,-64,0,3904,3712,-128,0,3712,3264,-128,0,496,502
2,2,320,3840,64,0,3840,3776,320,384,3904,3840,384,384,33277,33278
2,2,320,3712,64,0,3712,3648,320,384,3776,3712,384,384,33279,33280
2,2,384,3776,-64,0,3904,3776,320,384,3776,3648,320,384,504,505
2,2,256,3584,0,64,3648,3584,256,320,3904,3776,192,256,33281,33282
2,2,320,3648,0,64,3904,3648,320,384,3904,3584,192,320,506,507
2,2,192,3328,128,0,3328,3264,192,320,3456,3328,192,320,33283,33284
2,2,256,3456,64,0,3456,3264,192,320,3520,3456,192,256,509,33285
2,2,512,3392,-128,0,3520,3392,384,512,3328,3328,320,512,33287,33288
2,2,384,3520,-64,0,3584,3520,320,384,3520,3328,320,512,33286,511
2,2,320,3456,0,-128,3520,3264,192,320,3584,3328,320,512,510,512
2,2,320,3584,-64,0,3904,3584,192,384,3584,3264,192,512,508,513
2,2,192,3328,-128,0,3456,3328,0,192,3328,3264,64,64,33289,33290
2,2,192,3584,-128,0,3648,3584,0,192,3584,3520,0,64,33291,33292
2,2,0,3456,192,0,3456,3264,0,192,3648,3520,0,192,515,516
2,2,64,3904,0,-64,3904,3840,0,64,3904,3840,128,192,33293,33294
2,2,192,3840,-64,0,3904,3840,0,192,3776,3648,0,128,518,33295
2,2,128,3648,64,0,3648,3264,0,192,3904,3648,0,192,517,519
2,2,192,3456,0,64,3904,3264,192,512,3904,3264,0,192,514,520
2,2,0,3584,0,-64,3904,3264,-128,0,3904,3264,0,512,503,521
2,2,320,3904,-64,0,4608,3904,-128,512,3904,3264,-128,512,491,522
2,2,512,3328,0,64,4608,3264,512,1728,4608,3264,-128,512,464,523
2,2,1728,3968,0,128,4608,3264,1728,2816,4608,3264,-128,1728,402,524
2,2,2432,3136,0,128,3264,3072,2432,2560,3136,3072,2304,2432,33296,33297
2,2,2368,2944,0,128,3072,2688,2368,2560,2944,2688,2304,2368,33298,33299
2,2,2368,3072,-64,0,3264,3072,2304,2560,3072,2688,2304,2560,526,527
2,2,2240,2880,64,64,2944,2752,2240,2304,3008,2880,2240,2304,33300,33301
2,2,2304,2752,-64,0,3008,2752,2240,2304,2752,2688,2240,2304,529,33302
2,2,2240,3136,-64,0,3264,3136,2176,2240,3072,2880,2176,2240,33303,33304
2,2,2240,2688,0,64,3008,2688,2240,2304,3264,2880,2176,2240,530,531
2,2,2304,2688,0,64,3264,2688,2304,2560,3264,2688,2176,2304,528,532
2,2,2048,2880,-192,0,2944,2880,1856,2112,2880,2816,2048,2176,33305,33306
2,2,1984,2816,0,-64,2816,2688,1856,1984,2752,2688,1984,2176,33307,33308
2,2,2176,2816,-128,0,2944,2816,1856,2176,2816,2688,1856,2176,534,535
2,2,1984,3264,0,-64,3264,3200,1920,1984,3264,3136,2048,2112,33309,33310
2,2,1920,3136,0,-64,3136,3072,1856,1920,3072,2944,1920,2048,33312,33313
2,2,2112,2944,0,64,3008,2944,2112,2176,3136,2944,1856,2048,33311,538
2,2,2112,3136,-64,0,3264,3136,1920,2112,3136,2944,1856,2176,537,539
2,2,2048,2944,64,0,2944,2688,1856,2176,3264,2944,1856,2176,536,540
2,2,2176,3136,0,128,3264,2688,2176,2560,3264,2688,1856,2176,533,541
2,2,1984,2560,-128,0,2624,2560,1856,2176,2560,2176,1984,2176,33314,33315
2,2,2080,2688,0,-48,2688,2640,2080,2080,2688,2640,2080,2112,33317,33318
2,2,2080,2640,32,0,2640,2624,2080,2112,2688,2640,2080,2112,33316,544
2,2,2144,2632,32,0,2632,2624,2144,2176,2680,2632,2144,2176,33321,33322
2,2,2144,2680,0,-48,2680,2624,2112,2144,2680,2624,2144,2176,33320,546
2,2,2176,2680,-32,0,2688,2680,2112,2176,2680,2624,2112,2176,33319,547
2,2,2112,2640,0,-16,2688,2624,2080,2112,2688,2624,2112,2176,545,548
2,2,2112,2624,64,0,2624,2176,1856,2176,2688,2624,2080,2176,543,549
2,2,2304,2304,0,-128,2304,2176,2176,2304,2304,2176,2304,2560,33323,33324
2,2,2176,2560,64,0,2560,2368,2176,2240,2688,2560,2176,2240,33325,33326
2,2,2368,2304,0,384,2688,2304,2368,2560,2688,2368,2240,2304,33327,33328
2,2,2240,2560,0,-192,2688,2368,2176,2240,2688,2304,2240,2560,552,553
2,2,2304,2304,64,0,2304,2176,2176,2560,2688,2304,2176,2560,551,554
2,2,2176,2368,0,-64,2688,2176,1856,2176,2688,2176,2176,2560,550,555
2,2,2368,2688,-64,0,3264,2688,1856,2560,2688,2176,1856,2560,542,556
2,2,1984,2112,0,-192,2112,1920,1856,1984,2128,1920,1984,2112,33330,33331
2,2,2112,1920,0,192,2112,1920,2112,2496,2128,1920,1856,2112,33329,558
2,2,2400,1904,-96,0,1920,1904,2304,2400,1904,1896,2304,2400,33332,33333
2,2,2016,1904,-32,16,1920,1904,1984,2112,1920,1896,1856,1920,33334,33335
2,2,2112,1920,-24,-16,1920,1896,1856,2112,1920,1896,2152,2272,561,33336
2,2,2304,1896,0,8,1920,1896,2304,2400,1920,1896,1856,2272,560,562
2,2,2152,1920,-40,0,2128,1920,1856,2496,1920,1896,1856,2400,559,563
2,2,2624,2112,0,-192,2112,1920,2528,2624,2112,1920,2624,2688,33337,33338
2,2,2520,1952,0,128,2080,1952,2520,2528,2080,1952,2512,2520,33340,33341
2,2,2512,2080,0,-128,2080,1952,2496,2512,2080,1952,2512,2528,33339,566
2,2,2528,2080,0,32,2112,1920,2528,2688,2080,1952,2496,2528,565,567
2,2,2496,1952,0,-32,2128,1896,1856,2496,2112,1920,2496,2688,564,568
2,2,2304,2176,-320,0,3264,2176,1856,2560,2128,1896,1856,2688,557,569
2,2,1152,3136,-128,0,3264,3136,1024,1152,3136,3008,1024,1152,33343,33344
2,2,1160,3024,16,0,3024,3008,1160,1176,3072,3024,1160,1176,33347,33348
2,2,1160,3072,0,-48,3072,3008,1152,1160,3072,3008,1160,1176,33346,572
2,2,1176,3024,0,48,3072,3008,1176,1216,3072,3008,1152,1176,33345,573
2,2,1160,3072,16,0,3072,3008,1152,1216,3264,3200,1152,1216,574,33349
2,2,1152,3200,0,-64,3264,3008,1024,1152,3264,3008,1152,1216,571,575
2,2,1088,3008,64,0,3008,2880,1088,1216,3264,3008,1024,1216,33342,576
2,2,1792,3264,0,-64,3264,3072,1728,1792,3200,2944,1792,1856,33350,33351
2,2,1664,3008,64,0,3008,2880,1472,1728,3264,3008,1344,1664,33352,33353
2,2,1728,3072,0,192,3264,2944,1728,1856,3264,2880,1344,1728,578,579
2,2,1240,3008,0,64,3072,3008,1240,1280,3072,3008,1224,1240,33357,33358
2,2,1224,3072,0,-64,3072,3008,1216,1224,3072,3008,1224,1280,33356,581
2,2,1224,3008,16,0,3008,2880,1216,1280,3072,3008,1216,1280,33355,582
2,2,1280,3072,0,64,3136,3072,1280,1344,3072,2880,1216,1280,33354,583
2,2,1344,3136,0,128,3264,2880,1344,1856,3136,2880,1216,1344,580,584
2,2,1216,3264,0,-64,3264,2880,1024,1216,3264,2880,1216,1856,577,585
2,2,1728,1920,0,-24,2112,1896,1728,1728,2112,1920,1728,1856,33359,33360
2,2,1728,2112,128,0,2112,1896,1728,1856,2368,2112,1600,1728,587,33361
2,2,1520,2216,0,-32,2216,2184,1520,1520,2240,2216,1520,1544,33367,33368
2,2,1520,2184,24,-24,2184,2160,1520,1544,2240,2184,1520,1544,33366,589
2,2,1544,2160,32,0,2160,2160,1544,1576,2240,2160,1520,1544,33365,590
2,2,1576,2160,24,24,2184,2160,1576,1600,2240,2160,1520,1576,33364,591
2,2,1600,2216,-24,24,2240,2216,1576,1600,2240,2160,1520,1600,33363,592
2,2,1576,2240,-32,0,2368,2240,1280,1600,2240,2160,1520,1600,33362,593
2,2,1600,2184,0,32,2368,1896,1600,1856,2368,2160,1280,1600,588,594
2,2,1312,2784,-32,0,2880,2784,1280,1472,2784,2752,1312,1440,33370,33371
2,2,1440,2752,32,0,2752,2368,1280,1472,2880,2752,1280,1472,33369,596
2,2,1792,2688,64,0,2688,2560,1536,1856,2880,2688,1536,1792,33372,33373
2,2,1472,2752,0,-384,2880,2368,1280,1472,2880,2560,1536,1856,597,598
2,2,1472,2368,128,0,2368,1896,1280,1856,2880,2368,1280,1856,595,599
2,2,1152,2184,24,-24,2184,2160,1152,1176,2240,2216,1152,1176,33380,33381
2,2,1176,2160,32,0,2160,2160,1176,1208,2240,2160,1152,1176,33379,601
2,2,1208,2160,24,24,2184,2160,1208,1232,2240,2160,1152,1208,33378,602
2,2,1232,2184,0,32,2216,2184,1232,1232,2240,2160,1152,1232,33377,603
2,2,1232,2216,-24,24,2240,2216,1208,1232,2240,2160,1152,1232,33376,604
2,2,1208,2240,-32,0,2368,2240,1152,1280,2240,2160,1152,1232,33375,605
2,2,1152,2216,0,-32,2368,1896,1024,1152,2368,2160,1152,1280,33374,606
2,2,1080,2752,0,-32,2752,2720,1080,1080,2752,2720,1080,1112,33385,33386
2,2,1080,2720,32,0,2720,2688,1024,1112,2752,2720,1080,1112,33384,608
2,2,1112,2720,0,32,2752,2688,1112,1216,2752,2688,1024,1112,33383,609
2,2,1112,2752,-32,0,2880,2752,1024,1216,2752,2688,1024,1216,33382,610
2,2,1024,2672,16,0,2672,2672,1024,1040,2688,2672,1024,1040,33388,33389
2,2,1040,2672,0,16,2688,2624,1040,1216,2688,2672,1024,1040,33387,612
2,2,1152,2624,0,-16,2624,2608,1152,1152,2624,2608,1152,1168,33392,33393
2,2,1168,2608,0,16,2624,2608,1168,1216,2624,2608,1152,1168,33391,614
2,2,1152,2608,16,0,2608,2560,1024,1216,2624,2608,1152,1216,33390,615
2,2,1168,2624,-16,0,2688,2624,1024,1216,2624,2560,1024,1216,613,616
2,2,1040,2688,-16,0,2880,2688,1024,1216,2688,2560,1024,1216,611,617
2,2,1152,2368,128,0,2368,1896,1024,1280,2880,2560,1024,1216,607,618
2,2,1280,2368,0,384,2880,1896,1280,1856,2880,1896,1024,1280,600,619
2,2,1280,2880,-64,0,3264,2880,1024,1856,2880,1896,1024,1856,586,620
2,2,1856,1896,0,24,3264,1896,1856,2688,3264,1896,1024,1856,570,621
2,2,896,3136,0,64,3200,2880,896,960,3136,2880,768,896,33395,33396
2,2,960,3200,0,64,3264,2944,960,1024,3200,2880,768,960,33394,623
2,2,256,3200,-64,0,3264,3200,192,256,3200,3136,192,256,33398,33399
2,2,256,3136,0,64,3200,3136,256,320,3264,3136,192,256,33397,625
2,2,640,3072,0,64,3200,3072,640,704,3200,3136,448,640,33401,33402
2,2,768,3200,-64,0,3264,3200,320,768,3200,3072,448,704,33400,627
2,2,320,3200,0,-64,3264,3136,192,320,3264,3072,320,768,626,628
2,2,576,2944,192,0,2944,2880,512,768,3072,2944,512,576,33403,33404
2,2,512,2944,-192,0,3008,2944,192,512,2944,2880,192,320,33405,33406
2,2,448,3008,64,0,3008,2880,192,512,3072,3008,384,448,631,33407
2,2,512,2880,0,64,3072,2880,512,768,3072,2880,192,512,630,632
2,2,704,3072,-64,0,3264,3072,192,768,3072,2880,192,768,629,633
2,2,768,2944,0,192,3264,2880,768,1024,3264,2880,192,768,624,634
2,2,16,3232,-32,0,3232,3232,-16,16,3232,3200,-16,16,33411,33412
2,2,-16,3200,32,0,3200,3072,-16,16,3232,3200,-16,16,33410,636
2,2,-16,3232,0,-32,3264,3072,-128,-16,3232,3072,-16,16,33409,637
2,2,16,3200,0,32,3264,3200,16,64,3264,3072,-128,16,33408,638
2,2,152,3112,0,16,3128,3112,152,160,3128,3112,104,152,33418,33419
2,2,104,3112,48,0,3112,3072,104,160,3128,3112,104,160,33417,640
2,2,104,3128,0,-16,3128,3072,96,104,3128,3072,104,160,33416,641
2,2,152,3128,-48,0,3136,3128,96,160,3128,3072,96,160,33415,642
2,2,96,3136,0,-64,3136,3072,96,96,3136,3072,96,160,33414,643
2,2,160,3072,0,64,3136,3072,160,192,3136,3072,96,160,33413,644
2,2,128,3200,0,-64,3200,3136,64,128,3200,3136,128,192,33420,33421
2,2,160,3136,32,0,3136,3072,96,192,3200,3136,64,192,645,646
2,2,64,3264,0,-64,3264,3072,-128,64,3200,3072,64,192,639,647
2,2,112,3064,0,-16,3064,3048,112,112,3064,3048,112,160,33425,33426
2,2,160,3064,-48,0,3072,3064,96,160,3064,3048,112,160,33424,649
2,2,160,3048,0,16,3072,3048,160,192,3072,3048,96,160,33423,650
2,2,112,3048,48,0,3048,2944,80,192,3072,3048,96,192,33422,651
2,2,64,3024,0,-16,3024,3008,64,64,3024,3008,64,80,33429,33430
2,2,64,3008,16,0,3008,3008,64,80,3024,3008,64,80,33428,653
2,2,80,3024,-16,0,3072,3024,16,80,3024,3008,64,80,33427,654
2,2,0,3056,16,0,3056,3056,0,16,3072,3056,0,16,33432,33433
2,2,0,3072,0,-16,3072,2944,-128,0,3072,3056,0,16,33431,656
2,2,16,3056,0,16,3072,3008,16,80,3072,2944,-128,16,655,657
2,2,80,3008,0,16,3072,2944,80,192,3072,2944,-128,80,652,658
2,2,0,2880,0,64,2944,2880,0,128,2944,2880,-128,-64,33434,33435
2,2,192,2944,-64,0,3072,2944,-128,192,2944,2880,-128,128,659,660
2,2,16,3072,-16,0,3264,3072,-128,192,3072,2880,-128,192,648,661
2,2,192,2944,0,64,3264,2880,192,1024,3264,2880,-128,192,635,662
2,2,592,2512,-16,0,2512,2512,576,592,2512,2496,576,592,33438,33439
2,2,592,2496,0,16,2560,2496,592,768,2512,2496,576,592,33437,664
2,2,576,2512,0,-16,2560,2496,512,576,2560,2496,576,768,33436,665
2,2,696,2624,0,16,2640,2624,696,696,2640,2624,680,696,33443,33444
2,2,680,2624,16,0,2624,2624,680,696,2640,2624,680,696,33442,667
2,2,680,2640,0,-16,2640,2560,576,680,2640,2624,680,696,33441,668
2,2,696,2640,-16,0,2880,2640,576,768,2640,2560,576,696,33440,669
2,2,512,2560,64,0,2560,2496,512,768,2880,2560,576,768,666,670
2,2,896,2752,0,64,2816,2672,896,1024,2752,2656,768,896,33445,33446
2,2,816,2656,0,-32,2656,2624,816,816,2656,2624,816,848,33449,33450
2,2,848,2624,0,32,2656,2624,848,848,2656,2624,816,848,33448,673
2,2,816,2624,32,0,2624,2560,768,1024,2656,2624,816,848,33447,674
2,2,848,2656,-32,0,2816,2656,768,1024,2656,2560,768,1024,672,675
2,2,768,2560,0,-64,2880,2496,512,768,2816,2560,768,1024,671,676
2,2,-64,2560,0,-64,2624,2496,-128,-64,2624,2560,-64,0,33452,33453
2,2,64,2624,-64,0,2688,2624,-128,64,2624,2496,-128,0,33451,678
2,2,-64,2816,-64,0,2880,2816,-128,-64,2816,2688,-128,-64,33454,33455
2,2,0,2752,0,64,2816,2688,0,64,2784,2720,-64,-8,33456,33457
2,2,-64,2880,0,-64,2880,2688,-128,-64,2816,2688,-64,64,680,681
2,2,-128,2688,64,0,2688,2496,-128,64,2880,2688,-128,64,679,682
2,2,192,2624,0,64,2688,2624,192,256,2752,2624,64,128,33458,33459
2,2,384,2752,0,-64,2752,2624,320,384,2688,2624,384,512,33460,33461
2,2,256,2688,0,-64,2752,2624,64,256,2752,2624,320,512,684,685
2,2,64,2752,64,0,2752,2624,64,512,2816,2752,192,448,686,33462
2,2,192,2496,0,64,2560,2496,192,256,2624,2560,64,192,33463,33464
2,2,320,2496,0,64,2624,2496,320,448,2624,2560,256,320,33465,33466
2,2,256,2560,0,-64,2624,2496,64,256,2624,2496,256,448,688,689
2,2,512,2624,-64,0,2816,2624,64,512,2624,2496,64,448,687,690
2,2,64,2816,0,-64,2880,2496,-128,64,2816,2496,64,512,683,691
2,2,512,2496,0,64,2880,2496,512,1024,2880,2496,-128,512,677,692
2,2,24,2344,0,64,2408,2344,24,128,2408,2344,-40,24,33470,33471
2,2,24,2408,-64,0,2496,2408,-40,128,2408,2344,-40,128,33469,694
2,2,-40,2408,0,-64,2496,2344,-128,-40,2496,2344,-40,128,33468,695
2,2,-40,2344,64,0,2344,2176,-128,128,2496,2344,-128,128,33467,696
2,2,384,2304,64,0,2304,2176,128,448,2368,2304,128,384,33472,33473
2,2,320,2368,0,64,2432,2368,320,384,2432,2368,192,256,33474,33475
2,2,256,2368,64,0,2368,2176,128,448,2432,2368,192,384,698,699
2,2,128,2496,0,-128,2496,2176,-128,128,2432,2176,128,448,697,700
2,2,448,2368,64,0,2368,2176,448,656,2496,2368,512,592,33476,33477
2,2,688,2360,-32,0,2360,2360,656,688,2360,2328,656,688,33480,33481
2,2,688,2328,0,32,2496,2328,688,768,2360,2328,656,688,33479,703
2,2,656,2328,32,0,2328,2176,656,768,2496,2328,656,768,33478,704
2,2,656,2360,0,-32,2496,2176,448,656,2496,2176,656,768,702,705
2,2,448,2304,0,-128,2496,2176,-128,448,2496,2176,448,768,701,706
2,2,768,1920,0,192,2112,1920,768,1024,2128,1920,640,768,33483,33484
2,2,640,2112,0,-192,2112,1920,256,640,2128,1920,640,1024,33482,708
2,2,744,1904,-80,0,1920,1904,640,768,1904,1896,824,896,33485,33486
2,2,664,1904,-24,16,1920,1896,640,896,1912,1896,277,440,710,33487
2,2,640,1920,-384,0,2128,1920,256,1024,1920,1896,277,896,709,711
2,2,64,2112,64,0,2112,1920,-128,128,2176,2112,-64,64,33488,33489
2,2,-192,1952,0,-56,2080,1896,-320,-192,2080,1952,-192,-128,33490,33491
2,2,-128,1920,0,32,2176,1920,-128,128,2080,1896,-320,-128,713,714
2,2,128,2112,0,-192,2176,1896,-320,128,2128,1904,128,256,715,33492
2,2,256,1920,0,192,2128,1896,256,1024,2176,1896,-320,256,712,716
2,2,768,2176,-320,0,2496,2176,-128,768,2176,1896,-320,1024,707,717
2,2,448,2496,-128,0,2880,2496,-128,1024,2496,1896,-320,1024,693,718
2,2,576,2880,-64,0,3264,2880,-128,1024,2880,1896,-320,1024,663,719
2,2,1024,1896,0,24,3264,1896,1024,2688,3264,1896,-320,1024,622,720
2,2,2368,3264,-64,0,4608,3264,-128,2816,3264,1896,-320,2688,525,721
2,2,2152,1896,120,0,1896,-576,-384,2720,4608,1896,-320,2816,311,722
