episode,mission,partition_x,partition_y,partition_x_diff,partition_y_diff,rbox_top,rbox_bottom,rbox_left,rbox_right,lbox_top,lbox_bottom,lbox_left,lbox_right,rchild,lchild
2,4,2656,-344,0,-48,-344,-392,2656,2656,-344,-392,2656,2704,32771,32772
2,4,2704,-344,-48,0,-344,-344,2656,2704,-344,-392,2656,2704,32770,0
2,4,2656,-392,48,0,-392,-424,2496,2704,-344,-392,2656,2704,32769,1
2,4,2704,-392,0,48,-320,-424,2704,2816,-344,-424,2496,2704,32768,2
2,4,2656,-312,48,0,-312,-312,2656,2704,-264,-312,2656,2704,32776,32777
2,4,2704,-264,-48,0,-256,-264,2656,2704,-264,-312,2656,2704,32775,4
2,4,2704,-312,0,48,-256,-320,2704,2752,-256,-312,2656,2704,32774,5
2,4,2656,-264,0,-48,-256,-312,2496,2656,-256,-320,2656,2752,32773,6
2,4,2752,-256,0,-64,-256,-320,2496,2752,-256,-320,2752,2816,7,32778
2,4,2752,-320,64,0,-320,-424,2496,2816,-256,-320,2496,2816,3,8
2,4,2624,-640,-128,0,-472,-640,2496,2624,-640,-768,2496,2624,32779,32780
2,4,2576,-424,0,-48,-424,-472,2544,2576,-424,-472,2576,2624,32781,32782
2,4,2544,-472,0,48,-424,-472,2544,2624,-424,-472,2496,2544,11,32783
2,4,2496,-472,48,0,-472,-768,2496,2624,-424,-472,2496,2624,10,12
2,4,2656,-424,0,-48,-424,-472,2624,2656,-424,-472,2656,2704,32786,32787
2,4,2704,-472,0,48,-424,-472,2704,2816,-424,-472,2624,2704,32785,14
2,4,2656,-472,48,0,-472,-640,2624,2816,-424,-472,2624,2816,32784,15
2,4,2624,-640,0,-128,-424,-768,2496,2624,-424,-640,2624,2816,13,16
2,4,2704,-424,-48,0,-256,-424,2496,2816,-424,-768,2496,2816,9,17
2,4,2464,-424,-48,0,-392,-424,2416,2464,-424,-472,2416,2464,32791,32792
2,4,2416,-424,0,-48,-392,-472,2304,2416,-392,-472,2416,2464,32790,19
2,4,2464,-472,0,48,-424,-472,2464,2496,-392,-472,2304,2464,32789,20
2,4,2416,-472,48,0,-472,-640,2304,2496,-392,-472,2304,2496,32788,21
2,4,2464,-344,-48,0,-312,-344,2416,2464,-344,-392,2416,2464,32795,32796
2,4,2416,-344,0,-48,-312,-392,2304,2416,-312,-392,2416,2464,32794,23
2,4,2416,-264,0,-48,-264,-312,2304,2416,-264,-312,2416,2464,32798,32799
2,4,2464,-264,-48,0,-256,-264,2304,2464,-264,-312,2304,2464,32797,25
2,4,2416,-312,48,0,-312,-392,2304,2464,-256,-312,2304,2464,24,26
2,4,2464,-392,0,48,-256,-392,2464,2496,-256,-392,2304,2464,32793,27
2,4,2416,-392,48,0,-392,-640,2304,2496,-256,-392,2304,2496,22,28
2,4,1890,-564,349,116,-448,-768,1890,2240,-320,-564,1856,2240,32800,32801
2,4,1584,-288,127,0,-288,-288,1584,1712,-256,-288,1584,1712,32802,32803
2,4,1712,-256,0,-32,-256,-288,1584,1712,-288,-504,1712,1824,31,32804
2,4,1856,-533,0,213,-320,-768,1856,2240,-256,-504,1584,1824,30,32
2,4,2304,-576,0,320,-256,-640,2304,2496,-256,-768,1584,2240,29,33
2,4,2496,-768,0,128,-256,-768,2496,2816,-256,-768,1584,2496,18,34
2,4,2048,-64,128,0,-64,-192,2048,2304,0,-64,2176,2304,32807,32808
2,4,2048,0,0,-64,0,-192,1984,2048,0,-192,2048,2304,32806,36
2,4,1968,0,0,-128,0,-128,1872,1968,0,-192,1984,2304,32805,37
2,4,2432,-64,256,0,-64,-192,2432,2688,0,-32,2496,2624,32809,32810
2,4,2464,-192,-32,0,0,-192,2432,2688,-192,-256,2464,2656,39,32811
2,4,2304,0,0,-192,0,-192,1872,2304,0,-256,2432,2688,38,40
2,4,1282,0,7,-20,0,-20,1282,1289,-64,-128,1408,1472,32813,32814
2,4,1408,-128,64,0,-128,-186,1408,1472,0,-128,1282,1472,32812,42
2,4,1536,-32,0,32,0,-160,1536,1600,-32,-160,1504,1536,32815,32816
2,4,1600,-160,-96,0,0,-160,1504,1600,-160,-214,1504,1600,44,32817
2,4,1472,-128,0,-58,0,-186,1282,1472,0,-214,1504,1600,43,45
2,4,1712,-128,-96,0,0,-128,1616,1712,-160,-256,1600,1712,32818,32819
2,4,1848,-128,-112,0,0,-128,1728,1856,-128,-256,1736,1848,32820,32821
2,4,1712,0,0,-128,0,-256,1600,1712,0,-256,1728,1856,47,48
2,4,1600,0,0,-136,0,-214,1282,1600,0,-256,1600,1856,46,49
2,4,1872,-128,0,128,0,-256,1872,2688,0,-256,1282,1856,41,50
2,4,2304,-256,160,0,-256,-768,1584,2816,0,-256,1282,2688,35,51
2,4,1312,400,-40,160,576,400,1272,1368,560,368,1184,1312,32823,32824
2,4,1368,416,-8,160,576,416,1360,1440,576,368,1184,1368,32822,53
2,4,704,512,256,-64,512,0,704,1282,512,512,700,704,32825,32826
2,4,1200,320,-96,152,528,320,1104,1248,472,256,1024,1200,32827,32828
2,4,960,448,64,-64,512,0,700,1282,528,256,1024,1248,55,56
2,4,1248,368,-64,160,576,368,1184,1440,528,0,700,1282,54,57
2,4,1536,384,64,128,512,384,1536,1600,552,384,1472,1600,32830,32831
2,4,1472,408,40,144,552,384,1472,1600,576,408,1416,1512,59,32832
2,4,1472,288,64,96,384,64,1472,1600,576,384,1416,1600,32829,60
2,4,1536,32,64,0,32,0,1536,1600,48,32,1536,1600,32834,32835
2,4,1600,48,-64,0,64,48,1536,1600,48,0,1536,1600,32833,62
2,4,1536,64,-64,0,576,64,1416,1600,64,0,1536,1600,61,63
2,4,1440,576,-24,-160,576,0,700,1440,576,0,1416,1600,58,64
2,4,1720,512,8,40,552,469,1720,1865,600,512,1616,1728,32837,32838
2,4,1728,552,-80,48,640,416,1648,2048,600,469,1616,1865,32836,66
2,4,2112,640,0,128,768,640,2112,2176,768,592,1920,2112,32839,32840
2,4,1920,640,80,-48,640,416,1616,2048,768,592,1920,2176,67,68
2,4,1616,544,104,-32,544,384,1600,2048,512,411,1720,2048,32842,32843
2,4,1600,512,448,-128,512,64,1600,2112,544,384,1600,2048,32841,70
2,4,2048,416,-328,96,768,416,1616,2176,544,64,1600,2112,69,71
2,4,1712,48,-96,0,64,48,1616,1712,48,32,1616,1712,32845,32846
2,4,1616,32,96,0,32,0,1616,1712,64,32,1616,1712,32844,73
2,4,1856,48,-128,0,64,48,1728,1856,48,32,1728,1856,32848,32849
2,4,1728,32,128,0,32,0,1728,1856,64,32,1728,1856,32847,75
2,4,1712,64,0,-16,64,0,1616,1712,64,0,1728,1856,74,76
2,4,1968,48,-96,0,64,48,1872,1968,48,32,1872,1968,32851,32852
2,4,1872,32,96,0,32,0,1872,1968,64,32,1872,1968,32850,78
2,4,1984,32,64,0,32,0,1984,2048,48,32,1984,2048,32854,32855
2,4,2048,48,-64,0,64,48,1984,2048,48,0,1984,2048,32853,80
2,4,1968,64,0,-16,64,0,1872,1968,64,0,1984,2048,79,81
2,4,1856,48,0,-16,64,0,1616,1856,64,0,1872,2048,77,82
2,4,1872,64,-16,0,768,64,1600,2176,64,0,1616,2048,72,83
2,4,1600,48,0,-16,576,0,700,1600,768,0,1600,2176,65,84
2,4,2368,384,-128,0,768,384,2240,2368,384,256,2240,2368,32856,32857
2,4,2496,640,-128,0,768,640,2368,2624,640,256,2496,2624,32858,32859
2,4,2368,384,0,-128,768,256,2240,2368,768,256,2368,2624,86,87
2,4,2240,256,0,128,768,256,2240,2624,768,640,2176,2240,88,32860
2,4,2176,128,64,0,128,0,2176,2368,256,128,2240,2368,32861,32862
2,4,2496,192,128,0,192,0,2496,2624,256,192,2496,2624,32864,32865
2,4,2496,256,0,-64,256,0,2432,2496,256,0,2496,2624,32863,91
2,4,2368,256,0,-128,256,0,2176,2368,256,0,2432,2624,90,92
2,4,2368,256,-128,0,768,256,2176,2624,256,0,2176,2624,89,93
2,4,2688,128,0,-64,128,0,2624,2688,128,64,2688,2696,32867,32868
2,4,2696,64,0,64,128,64,2696,2880,128,0,2624,2696,32866,95
2,4,2688,256,0,-128,256,128,2632,2688,704,128,2816,2880,32870,32871
2,4,2816,704,-184,0,768,704,2632,2880,704,128,2632,2880,32869,97
2,4,2624,256,8,0,256,192,2624,2632,768,704,2624,2632,32872,32873
2,4,2632,704,0,64,768,128,2632,2880,768,192,2624,2632,98,99
2,4,2696,128,120,0,128,0,2624,2880,768,128,2624,2880,96,100
2,4,2624,256,0,-64,768,0,2176,2624,768,0,2624,2880,94,101
2,4,2176,768,0,-128,768,0,700,2176,768,0,2176,2880,85,102
2,4,1984,0,64,0,0,-768,1282,2816,768,0,700,2880,52,103
2,4,-208,-128,0,-128,-64,-256,-320,-208,-128,-256,-208,-176,32874,32875
2,4,-176,-256,-32,0,-64,-256,-320,-176,-256,-448,-512,-208,105,32876
2,4,-512,-256,-128,0,-64,-256,-768,-512,-256,-512,-768,-640,32877,32878
2,4,-640,-512,-128,0,-64,-512,-768,-512,-512,-528,-768,-640,107,32879
2,4,-512,-384,0,128,-64,-448,-512,-176,-64,-528,-768,-512,106,108
2,4,-384,-576,0,-192,-576,-768,-1024,-384,-640,-768,-320,-176,32880,32881
2,4,-768,-544,128,0,-544,-576,-768,-640,-528,-544,-768,-640,32882,32883
2,4,-640,-576,256,0,-576,-768,-1024,-176,-528,-576,-768,-640,110,111
2,4,-640,-528,-128,0,-64,-528,-768,-176,-528,-768,-1024,-176,109,112
2,4,-704,448,0,-192,448,256,-720,-704,448,256,-704,-640,32888,32889
2,4,-704,512,0,-64,512,448,-720,-704,512,448,-640,-448,32891,32892
2,4,-640,512,-64,0,528,512,-720,-448,512,448,-720,-448,32890,115
2,4,-704,448,64,0,448,256,-720,-640,528,448,-720,-448,114,116
2,4,-384,256,0,192,448,256,-384,-368,448,256,-448,-384,32893,32894
2,4,-384,512,-64,0,528,512,-448,-368,512,448,-384,-368,32895,32896
2,4,-448,448,64,0,448,256,-448,-368,528,448,-448,-368,118,119
2,4,-448,512,0,-64,528,256,-720,-448,528,256,-448,-368,117,120
2,4,-640,192,192,0,192,176,-640,-448,256,192,-640,-448,32897,32898
2,4,-448,192,64,0,192,176,-448,-368,256,192,-384,-368,32899,32900
2,4,-448,256,0,-64,256,176,-640,-448,256,176,-448,-368,122,123
2,4,-704,256,0,-64,256,176,-720,-704,192,176,-704,-640,32901,32902
2,4,-640,192,0,64,256,176,-640,-368,256,176,-720,-640,124,125
2,4,-640,256,-64,0,528,256,-720,-368,256,176,-720,-368,121,126
2,4,-368,176,0,352,528,176,-368,-368,528,176,-720,-368,32887,127
2,4,-720,528,0,-352,528,176,-896,-720,528,176,-720,-368,32886,128
2,4,-368,528,-352,0,704,528,-896,-320,528,176,-896,-368,32885,129
2,4,-720,176,352,0,176,0,-896,-368,704,176,-896,-320,32884,130
2,4,-512,0,-256,0,704,0,-896,-320,0,-64,-512,-320,131,32903
2,4,-320,0,0,-64,704,-64,-896,-320,704,0,-320,-192,132,32904
2,4,-768,-64,256,0,-64,-768,-1024,-176,704,-64,-896,-192,113,133
2,4,904,328,-200,56,384,328,704,904,320,192,672,896,32907,32908
2,4,768,192,-96,0,384,192,672,904,192,176,768,832,135,32909
2,4,640,384,0,-208,384,176,512,640,384,176,672,904,32906,136
2,4,704,384,-64,0,512,384,512,704,384,176,512,904,32905,137
2,4,192,448,256,64,512,192,-64,448,512,512,448,451,32910,32911
2,4,448,384,-200,-56,512,328,248,512,384,384,448,512,32913,32914
2,4,256,320,224,0,320,192,256,480,512,328,248,512,32912,140
2,4,248,328,-150,-136,512,192,-64,451,512,192,248,512,139,141
2,4,97,192,-17,-16,192,176,-68,97,192,176,320,384,32915,32916
2,4,320,192,-64,0,512,192,-64,512,192,176,-68,384,142,143
2,4,512,176,0,208,512,176,512,904,512,176,-68,512,138,144
2,4,-128,-128,0,64,9,-256,-128,-109,-128,-256,-160,-128,32917,32918
2,4,-160,-256,0,128,9,-256,-160,-109,-128,-256,-176,-160,146,32919
2,4,128,-768,-192,192,-256,-768,-128,128,-640,-768,-176,64,32920,32921
2,4,-128,-256,-32,0,9,-256,-176,-109,-256,-768,-176,128,147,148
2,4,80,-560,151,-136,-560,-696,80,231,-288,-647,64,320,32923,32924
2,4,320,-288,-256,-32,80,-320,64,320,-288,-696,64,320,32922,150
2,4,64,128,-64,-192,128,-64,0,64,-64,-288,32,64,32926,32927
2,4,0,-64,0,-256,176,-320,-109,0,128,-288,0,64,32925,152
2,4,64,-320,0,32,80,-696,64,320,176,-320,-109,64,151,153
2,4,448,-384,64,64,-320,-408,448,536,-296,-384,424,512,32930,32931
2,4,472,-408,64,64,-344,-432,472,560,-296,-408,424,536,32929,155
2,4,406,-377,73,-70,-377,-448,406,480,-296,-432,424,560,32928,156
2,4,400,-336,64,64,-272,-360,400,488,-248,-336,376,464,32933,32934
2,4,352,-288,64,64,-224,-312,352,440,-160,-288,352,416,32935,32936
2,4,376,-312,64,64,-248,-360,376,488,-160,-312,352,440,158,159
2,4,320,-296,86,-81,-296,-377,320,406,-160,-360,352,488,32932,160
2,4,424,-360,64,64,-296,-448,406,560,-160,-377,320,488,157,161
2,4,320,-128,0,-160,176,-696,-109,320,-160,-448,320,560,154,162
2,4,0,-320,80,-240,9,-768,-176,128,176,-696,-109,560,149,163
2,4,352,-104,64,-64,-104,-168,352,416,-80,-168,352,440,32937,32938
2,4,376,-80,64,-64,-80,-168,352,440,-56,-144,376,464,165,32939
2,4,448,-8,64,-64,-8,-96,424,512,16,-72,448,536,32941,32942
2,4,424,-32,64,-64,-32,-120,400,488,16,-96,424,536,32940,167
2,4,400,-56,64,-64,-56,-168,352,464,16,-120,400,536,166,168
2,4,320,-96,0,-32,176,-128,112,320,36,-96,320,452,32944,32945
2,4,80,176,-16,-48,176,128,64,80,176,-128,112,452,32943,170
2,4,352,-104,24,24,16,-168,352,536,176,-128,64,452,169,171
2,4,416,-168,0,-8,-168,-224,416,416,-176,-216,416,424,32946,32947
2,4,536,-176,-8,8,-144,-176,528,560,-168,-176,528,536,32948,32949
2,4,560,-168,-8,-8,-144,-176,528,560,-168,-176,552,560,174,32950
2,4,552,-144,8,-8,-144,-176,528,560,-144,-152,552,560,175,32951
2,4,552,-176,-16,0,-144,-176,528,560,-176,-192,528,560,176,32952
2,4,560,-152,0,-16,-144,-192,528,560,-144,-192,560,576,177,32953
2,4,528,-152,8,8,-144,-192,528,576,-144,-152,528,536,178,32954
2,4,536,-144,16,0,-144,-192,528,576,-128,-144,528,576,179,32955
2,4,528,-168,0,16,-128,-192,528,576,-128,-192,512,528,180,32956
2,4,512,-128,64,0,-128,-192,512,576,-88,-128,512,576,181,32957
2,4,512,-192,0,64,-88,-192,512,576,-88,-192,448,512,182,32958
2,4,576,-192,-64,0,-88,-192,448,576,-192,-352,448,576,183,32959
2,4,576,-128,0,-64,-88,-352,448,576,-128,-192,576,576,184,32960
2,4,424,-176,0,-40,-168,-224,416,424,-88,-352,448,576,173,185
2,4,464,-120,-24,-24,176,-168,64,536,-88,-352,416,576,172,186
2,4,496,40,64,-64,40,-48,472,560,40,-24,496,656,32964,32965
2,4,480,64,-28,-28,64,36,452,480,40,-48,472,656,32963,188
2,4,656,40,-64,-64,64,-48,452,656,40,-48,592,680,189,32966
2,4,700,36,-28,28,64,36,672,700,64,-48,452,680,32962,190
2,4,672,64,-192,0,176,64,312,840,64,-48,452,700,32961,191
2,4,1080,152,-8,24,176,152,1072,1080,176,-96,700,1032,32967,32968
2,4,728,-32,-64,-64,-8,-96,640,728,-32,-120,664,752,32970,32971
2,4,704,-8,-64,-64,16,-72,616,704,-8,-120,640,752,32969,194
2,4,800,-104,-64,-64,-80,-168,712,800,-104,-168,736,800,32973,32974
2,4,776,-80,-64,-64,-56,-144,688,776,-80,-168,712,800,32972,196
2,4,752,-56,-64,-64,16,-120,616,752,-56,-168,688,800,195,197
2,4,736,-192,0,24,-168,-192,736,736,-192,-192,704,736,32976,32977
2,4,600,-88,104,-104,-88,-192,576,704,-168,-192,704,736,32975,199
2,4,640,-72,-24,24,16,-168,616,800,-88,-192,576,736,198,200
2,4,832,-96,-132,132,176,-96,700,1080,16,-192,576,800,193,201
2,4,680,16,-64,-64,176,-48,312,840,176,-192,576,1080,192,202
2,4,472,16,64,-64,176,-352,64,576,176,-192,312,1080,187,203
2,4,536,-344,24,-24,176,-768,-176,560,176,-352,64,1080,164,204
2,4,568,-360,32,0,-360,-368,568,600,-352,-352,576,616,32981,32982
2,4,560,-368,8,0,-368,-704,480,672,-352,-368,568,616,32980,206
2,4,672,-408,-56,56,-352,-408,616,672,-352,-704,480,672,32979,207
2,4,480,-704,0,256,-352,-704,480,672,-448,-704,280,480,208,32983
2,4,656,-768,16,3,-764,-768,656,672,-704,-768,512,640,32985,32986
2,4,248,-712,248,-56,-712,-768,248,496,-704,-768,512,672,32984,210
2,4,672,-704,-32,0,-352,-704,280,672,-704,-768,248,672,209,211
2,4,231,-696,16,-15,-696,-712,231,248,-352,-768,248,672,32978,212
2,4,1152,-320,0,256,-64,-320,1152,1152,-96,-288,1088,1120,32990,32991
2,4,1088,-64,0,-32,104,-320,832,1088,-64,-320,1088,1152,32989,214
2,4,1152,-64,-72,216,152,-64,1080,1152,104,-320,832,1152,32988,215
2,4,832,-288,0,192,152,-320,832,1152,-128,-283,796,800,216,32992
2,4,832,-296,0,8,-288,-658,832,1088,-296,-704,672,832,32996,32997
2,4,796,-283,-124,-124,-283,-408,672,796,-288,-704,672,1088,32995,218
2,4,672,-764,232,52,-712,-764,672,904,-283,-704,672,1088,32994,219
2,4,904,-712,168,152,-560,-712,904,1072,-283,-764,672,1088,32993,220
2,4,1088,-320,-256,32,152,-320,796,1152,-283,-764,672,1088,217,221
2,4,1072,-560,80,240,-20,-768,1024,1304,152,-764,672,1152,32987,222
2,4,672,-448,0,-256,-352,-768,231,672,152,-768,672,1304,213,223
2,4,1856,-576,0,-192,-576,-768,1600,1856,-576,-768,1856,1856,32999,33000
2,4,1600,-576,0,-192,-576,-768,1344,1600,-576,-768,1600,1856,32998,225
2,4,1856,-576,34,11,-564,-576,1856,1890,-533,-576,1856,1890,33001,33002
2,4,1856,-576,0,42,-533,-576,1856,1890,-416,-512,1504,1824,227,33003
2,4,1504,-512,0,96,-416,-576,1504,1890,-416,-512,1280,1504,228,33004
2,4,1344,-576,256,0,-576,-768,1344,1856,-416,-576,1280,1890,226,229
2,4,1352,-168,56,0,-168,-232,1336,1408,-128,-168,1408,1408,33007,33008
2,4,1344,-232,64,64,-168,-384,1344,1472,-128,-232,1336,1408,33006,231
2,4,1352,-168,-16,-64,-64,-320,1280,1352,-128,-384,1336,1472,33005,232
2,4,1504,-288,80,0,-288,-416,1504,1584,-214,-288,1504,1584,33009,33010
2,4,1472,-186,0,-198,-64,-384,1280,1472,-214,-416,1504,1584,233,234
2,4,1280,-416,224,0,-416,-768,1280,1890,-64,-416,1280,1584,230,235
2,4,1304,-64,-24,-256,152,-768,231,1304,-64,-768,1280,1890,224,236
2,4,560,-368,-64,-64,176,-768,-176,1080,152,-768,231,1890,205,237
2,4,832,176,-64,0,512,176,-68,904,176,-768,-176,1890,145,238
2,4,-176,-128,0,-128,704,-768,-1024,-176,512,-768,-176,1890,134,239
2,4,1072,176,-168,152,768,-768,700,2880,704,-768,-1024,1890,104,240
2,4,1344,-832,256,0,-832,-1088,1344,1600,-768,-832,1344,1600,33011,33012
2,4,1344,-1152,256,0,-1152,-1408,1344,1600,-1088,-1152,1344,1600,33013,33014
2,4,1600,-1088,-256,0,-768,-1088,1344,1600,-1088,-1408,1344,1600,242,243
2,4,1600,-1728,-256,0,-1600,-1728,1344,1600,-1728,-1920,1344,1600,33015,33016
2,4,1376,-1568,192,0,-1568,-1600,1376,1568,-1408,-1472,1376,1568,33017,33018
2,4,1344,-1600,32,0,-1600,-1920,1344,1600,-1408,-1600,1376,1568,245,246
2,4,1600,-1408,-32,0,-768,-1408,1344,1600,-1408,-1920,1344,1600,244,247
2,4,1728,-1920,0,192,-1728,-1920,1728,1984,-1728,-1920,1600,1728,33019,33020
2,4,1984,-1728,0,-192,-1728,-1920,1600,1984,-1728,-1920,1984,2304,249,33021
2,4,1728,-1536,-128,128,-1152,-1728,1600,1984,-1536,-1728,1728,1728,33022,33023
2,4,1600,-1728,128,0,-1728,-1920,1600,2304,-1152,-1728,1600,1984,250,251
2,4,1856,-768,0,-64,-768,-832,1856,1856,-768,-960,1856,2240,33024,33025
2,4,1856,-832,-256,0,-768,-832,1600,1856,-832,-1088,1856,2240,33026,33027
2,4,2240,-960,-384,128,-768,-960,1856,2240,-768,-1088,1600,2240,253,254
2,4,1664,-1152,128,-64,-1152,-1920,1600,2304,-768,-1088,1600,2240,252,255
2,4,1600,-832,0,-256,-768,-1920,1344,1600,-768,-1920,1600,2304,248,256
2,4,1216,-1728,0,-192,-1728,-1920,960,1216,-1728,-1920,1216,1344,33028,33029
2,4,704,-1728,0,-192,-1728,-1920,704,704,-1728,-1920,704,960,33030,33031
2,4,960,-1920,0,192,-1728,-1920,960,1344,-1728,-1920,704,960,258,259
2,4,1344,-1408,-128,-128,-1152,-1728,960,1344,-1536,-1728,1216,1216,33032,33033
2,4,640,-1664,64,0,-1664,-1728,640,704,-1312,-1408,768,960,33034,33035
2,4,960,-1728,0,256,-1152,-1728,960,1344,-1312,-1728,640,960,261,262
2,4,704,-1728,256,0,-1728,-1920,704,1344,-1152,-1728,640,1344,260,263
2,4,656,-896,0,128,-768,-896,656,1024,-768,-896,640,656,33036,33037
2,4,960,-1216,0,-96,-1024,-1312,832,960,-1024,-1216,960,1024,33038,33039
2,4,832,-1280,0,256,-1024,-1312,832,1024,-1280,-1408,768,832,266,33040
2,4,704,-1216,0,-64,-1216,-1408,640,704,-1280,-1408,704,768,33041,33042
2,4,768,-1408,0,128,-1024,-1408,768,1024,-1216,-1408,640,768,267,268
2,4,1024,-768,-64,-64,-768,-896,640,1024,-1024,-1408,640,1024,265,269
2,4,1152,-1216,128,64,-1152,-1920,640,1344,-768,-1408,640,1024,264,270
2,4,1344,-1088,0,256,-768,-1920,1344,2304,-768,-1920,640,1344,257,271
2,4,2432,-896,-32,0,-768,-896,2304,2432,-896,-960,2304,2400,33043,33044
2,4,2720,-896,-32,0,-768,-896,2688,2816,-896,-960,2720,2816,33045,33046
2,4,2496,-832,128,0,-832,-896,2496,2624,-768,-832,2496,2624,33049,33050
2,4,2624,-832,0,64,-768,-896,2624,2688,-768,-896,2496,2624,33048,275
2,4,2496,-768,0,-64,-768,-896,2432,2496,-768,-896,2496,2688,33047,276
2,4,2688,-896,0,128,-768,-960,2688,2816,-768,-896,2432,2688,274,277
2,4,2432,-768,0,-128,-768,-960,2304,2432,-768,-960,2432,2816,273,278
2,4,2688,-1120,0,-32,-1024,-1152,2624,2688,-1024,-1120,2688,2816,33052,33053
2,4,2624,-1024,0,-128,-1024,-1152,2496,2624,-1024,-1152,2624,2816,33051,280
2,4,2496,-1024,128,0,-1024,-1152,2496,2816,-960,-1024,2720,2816,281,33054
2,4,2432,-1152,0,32,-1024,-1152,2432,2496,-1024,-1120,2304,2432,33055,33056
2,4,2400,-1024,96,0,-1024,-1152,2304,2496,-960,-1024,2304,2400,283,33057
2,4,2496,-1152,0,128,-960,-1152,2496,2816,-960,-1152,2304,2496,282,284
2,4,2400,-960,-96,0,-768,-960,2304,2816,-960,-1152,2304,2816,279,285
2,4,2624,-1728,192,0,-1728,-1920,2624,2816,-1664,-1728,2624,2816,33058,33059
2,4,2624,-1664,192,0,-1664,-1920,2624,2816,-1600,-1664,2624,2816,287,33060
2,4,2624,-1536,192,0,-1536,-1600,2624,2816,-1152,-1536,2624,2816,33061,33062
2,4,2624,-1600,192,0,-1600,-1920,2624,2816,-1152,-1600,2624,2816,288,289
2,4,2496,-1728,128,0,-1728,-1920,2304,2624,-1664,-1728,2304,2496,33063,33064
2,4,2304,-1664,192,0,-1664,-1920,2304,2624,-1600,-1664,2304,2496,291,33065
2,4,2624,-1536,-128,0,-1152,-1536,2304,2624,-1536,-1600,2304,2496,33066,33067
2,4,2304,-1600,192,0,-1600,-1920,2304,2624,-1152,-1600,2304,2624,292,293
2,4,2624,-1728,0,64,-1152,-1920,2624,2816,-1152,-1920,2304,2624,290,294
2,4,2496,-1152,-64,0,-768,-1152,2304,2816,-1152,-1920,2304,2816,286,295
2,4,2304,-1728,0,-192,-768,-1920,640,2304,-768,-1920,2304,2816,272,296
2,4,448,-1152,0,-64,-1152,-1408,320,448,-1216,-1408,448,640,33069,33070
2,4,320,-1152,0,-256,-1088,-1408,128,320,-1152,-1408,320,640,33068,298
2,4,-64,-1280,128,0,-1280,-1344,-64,128,-1216,-1280,64,128,33074,33075
2,4,-64,-1216,0,-64,-1216,-1344,-128,-64,-1216,-1344,-64,128,33073,300
2,4,-128,-1344,256,0,-1344,-1344,-128,128,-1216,-1344,-128,128,33072,301
2,4,64,-1216,-128,0,-1088,-1216,-128,128,-1216,-1344,-128,128,33071,302
2,4,128,-1344,0,128,-1088,-1408,128,640,-1088,-1344,-128,128,299,303
2,4,64,-1024,-128,0,-960,-1024,-64,128,-1024,-1088,64,128,33079,33080
2,4,-64,-1024,0,-64,-960,-1088,-128,-64,-960,-1088,-64,128,33078,305
2,4,128,-960,-256,0,-896,-960,-128,128,-960,-1088,-128,128,33077,306
2,4,128,-1088,0,128,-896,-1088,128,320,-896,-1088,-128,128,33076,307
2,4,192,-832,-64,64,-768,-896,128,496,-768,-896,64,64,33081,33082
2,4,64,-896,256,0,-896,-1088,-128,320,-768,-896,64,496,308,309
2,4,512,-896,0,128,-768,-896,512,640,-768,-896,496,512,33083,33084
2,4,640,-1024,-64,0,-896,-1024,512,640,-1024,-1088,512,576,33085,33086
2,4,512,-896,-16,0,-768,-896,496,640,-896,-1088,512,640,311,312
2,4,496,-768,0,-128,-768,-1088,-128,496,-768,-1088,496,640,310,313
2,4,-64,-1088,128,0,-1088,-1408,-128,640,-768,-1088,-128,640,304,314
2,4,192,-1920,0,128,-1792,-1920,192,192,-1792,-1920,128,192,33088,33089
2,4,128,-1792,0,-128,-1792,-1920,128,128,-1792,-1920,128,192,33087,316
2,4,128,-1760,0,-32,-1760,-1792,-128,128,-1760,-1792,192,320,33090,33091
2,4,128,-1792,64,0,-1792,-1920,128,192,-1760,-1792,-128,320,317,318
2,4,576,-1664,64,0,-1664,-1664,448,640,-1408,-1664,448,576,33092,33093
2,4,320,-1760,0,96,-1664,-1760,320,448,-1408,-1536,-128,320,33094,33095
2,4,448,-1664,0,256,-1408,-1664,448,640,-1408,-1760,-128,448,320,321
2,4,-128,-1760,256,0,-1760,-1920,-128,320,-1408,-1760,-128,640,319,322
2,4,448,-1408,-128,0,-768,-1408,-128,640,-1408,-1920,-128,640,315,323
2,4,-640,-1152,128,0,-1152,-1152,-640,-512,-1088,-1152,-640,-512,33097,33098
2,4,-512,-1088,-128,0,-768,-1088,-640,-512,-1088,-1152,-640,-512,33096,325
2,4,-384,-1088,-128,0,-896,-1088,-512,-384,-1152,-1408,-512,-480,33099,33100
2,4,-512,-768,0,-128,-768,-1152,-640,-512,-896,-1408,-512,-384,326,327
2,4,-320,-1152,0,384,-768,-1152,-320,-128,-1144,-1152,-376,-328,33102,33103
2,4,-384,-1152,8,0,-1152,-1408,-384,-128,-768,-1152,-376,-128,33101,329
2,4,-384,-896,0,-192,-768,-1408,-640,-384,-768,-1408,-384,-128,328,330
2,4,-896,-832,64,0,-832,-1344,-1024,-832,-768,-832,-1024,-896,33104,33105
2,4,-672,-1408,0,256,-1152,-1408,-672,-640,-1152,-1344,-832,-704,33107,33108
2,4,-640,-1088,-128,0,-768,-1088,-768,-640,-1152,-1408,-832,-640,33106,333
2,4,-832,-832,0,-320,-768,-1344,-1024,-832,-768,-1408,-832,-640,332,334
2,4,-640,-1152,0,64,-768,-1408,-640,-128,-768,-1408,-1024,-640,331,335
2,4,-992,-1792,32,0,-1792,-1920,-992,-960,-1472,-1728,-992,-960,33110,33111
2,4,-960,-1472,0,32,-1440,-1792,-960,-704,-1472,-1920,-992,-960,33109,337
2,4,-704,-1472,64,0,-1472,-1600,-704,-512,-1408,-1472,-640,-512,33112,33113
2,4,-704,-1664,32,0,-1664,-1920,-704,-672,-1600,-1632,-640,-512,33114,33115
2,4,-640,-1600,-64,0,-1408,-1600,-704,-512,-1600,-1920,-704,-512,339,340
2,4,-704,-1440,0,-32,-1440,-1920,-992,-704,-1408,-1920,-704,-512,338,341
2,4,-160,-1728,-32,0,-1472,-1728,-192,-160,-1792,-1920,-192,-128,33117,33118
2,4,-192,-1440,0,-32,-1440,-1792,-448,-192,-1472,-1920,-192,-128,33116,343
2,4,-448,-1600,-64,0,-1472,-1600,-512,-448,-1664,-1920,-480,-448,33119,33120
2,4,-448,-1472,0,32,-1440,-1920,-448,-128,-1472,-1920,-512,-448,344,345
2,4,-512,-1408,0,-64,-1408,-1920,-992,-512,-1440,-1920,-512,-128,342,346
2,4,-480,-1408,-32,0,-768,-1408,-1024,-128,-1408,-1920,-992,-128,336,347
2,4,-128,-1792,0,32,-768,-1920,-128,640,-768,-1920,-1024,-128,324,348
2,4,640,-896,0,128,-768,-1920,640,2816,-768,-1920,-1024,640,297,349
2,4,960,-2112,0,128,-1920,-2112,960,1216,-1984,-2112,832,960,33121,33122
2,4,1600,-2048,-32,0,-1920,-2048,1344,1600,-2048,-2080,1376,1568,33124,33125
2,4,1728,-2112,0,192,-1920,-2112,1728,1984,-1920,-2080,1344,1600,33123,352
2,4,1216,-1920,0,-192,-1920,-2112,832,1216,-1920,-2112,1344,1984,351,353
2,4,1216,-2112,128,-128,-2112,-2496,960,1600,-2240,-2496,1344,1664,33126,33127
2,4,1152,-2432,-128,128,-2112,-2496,960,1664,-2144,-2336,832,960,355,33128
2,4,1600,-2240,64,-256,-2112,-2496,832,1664,-2112,-2496,1600,1984,356,33129
2,4,960,-2112,-128,0,-1920,-2112,832,1984,-2112,-2496,832,1984,354,357
2,4,2112,-2048,0,64,-1984,-2112,2112,2240,-2048,-2112,2048,2112,33130,33131
2,4,1984,-1920,0,-256,-1920,-2496,832,1984,-1984,-2112,2048,2240,358,359
2,4,1168,-2640,16,0,-2640,-2752,1120,1184,-2640,-2640,1168,1184,33133,33134
2,4,856,-2592,-24,0,-2432,-2592,832,1016,-2592,-2592,832,856,33135,33136
2,4,936,-2576,32,0,-2576,-2752,832,1048,-2576,-2576,936,968,33138,33139
2,4,832,-2648,40,0,-2648,-2693,832,872,-2528,-2648,832,941,33140,33141
2,4,872,-2648,64,72,-2576,-2752,832,1048,-2528,-2693,832,941,363,364
2,4,1096,-2672,-24,0,-2528,-2672,984,1184,-2672,-2672,1072,1096,33143,33144
2,4,1184,-2584,-32,0,-2533,-2584,1152,1184,-2584,-2720,1096,1184,33145,33146
2,4,1152,-2584,-56,-88,-2528,-2672,984,1184,-2533,-2720,1096,1184,366,367
2,4,1072,-2672,-88,144,-2528,-2720,984,1184,-2528,-2720,941,1101,368,33147
2,4,1048,-2720,72,0,-2720,-2720,1048,1120,-2528,-2720,941,1184,33142,369
2,4,968,-2576,80,-144,-2528,-2752,832,1048,-2528,-2720,941,1184,365,370
2,4,984,-2528,-64,0,-2432,-2528,920,1184,-2528,-2752,832,1184,33137,371
2,4,920,-2528,-64,-64,-2432,-2592,832,1016,-2432,-2752,832,1184,362,372
2,4,960,-2432,160,0,-2432,-2752,832,1184,-2336,-2432,832,960,373,33148
2,4,1120,-2720,48,80,-2640,-2752,1120,1184,-2336,-2752,832,1184,361,374
2,4,1184,-2584,0,88,-2496,-2752,1184,1312,-2336,-2752,832,1184,33132,375
2,4,1184,-2752,-64,-64,-2752,-2816,1120,1184,-2752,-2816,1120,1248,33150,33151
2,4,1248,-2816,160,0,-2816,-2944,1120,1408,-2752,-2816,1120,1248,33149,377
2,4,896,-2816,0,64,-2752,-2816,896,1120,-2752,-2816,832,896,33152,33153
2,4,1248,-2944,-128,128,-2752,-2944,1120,1408,-2752,-2816,832,1120,378,379
2,4,1248,-2752,-64,0,-2336,-2752,832,1312,-2752,-2944,832,1408,376,380
2,4,1280,-2496,-128,64,-1920,-2496,832,2240,-2336,-2944,832,1408,360,381
2,4,2624,-2048,-128,0,-1920,-2048,2304,2816,-2048,-2048,2496,2624,33154,33155
2,4,2496,-2048,-192,128,-1920,-2048,2304,2816,-1920,-2261,2304,2496,383,33156
2,4,2816,-1920,-192,-128,-1920,-2261,2304,2816,-1920,-2496,2304,2816,384,33157
2,4,2240,-1984,0,-32,-1984,-2496,2112,2240,-2016,-2464,2240,2272,33158,33159
2,4,1920,-2304,128,-128,-2304,-2496,1792,2048,-2176,-2496,2048,2112,33160,33161
2,4,2112,-2176,0,64,-1984,-2496,2112,2272,-2176,-2496,1792,2112,386,387
2,4,2304,-2496,0,576,-1920,-2496,2304,2816,-1984,-2496,1792,2272,385,388
2,4,2840,-2816,-24,0,-2752,-2816,2816,2840,-2816,-2848,2752,2816,33162,33163
2,4,2752,-2848,0,32,-2752,-2848,2752,2840,-2752,-2816,2728,2752,390,33164
2,4,2712,-2752,0,-64,-2752,-2816,2688,2712,-2752,-2816,2712,2728,33165,33166
2,4,2728,-2816,0,64,-2752,-2848,2728,2840,-2752,-2816,2688,2728,391,392
2,4,2752,-2752,0,32,-2720,-2752,2752,2816,-2624,-2688,2688,2752,33167,33168
2,4,2688,-2624,64,0,-2624,-2752,2688,2816,-2560,-2624,2688,2752,394,33169
2,4,2688,-2752,24,0,-2752,-2848,2688,2840,-2560,-2752,2688,2816,393,395
2,4,2680,-2736,-8,0,-2704,-2736,2672,2680,-2736,-2752,2672,2680,33170,33171
2,4,2680,-2704,0,-32,-2704,-2752,2672,2680,-2704,-2752,2680,2688,397,33172
2,4,2672,-2704,8,0,-2704,-2752,2672,2688,-2624,-2704,2672,2688,398,33173
2,4,2672,-2736,0,32,-2624,-2752,2672,2688,-2624,-2760,2280,2672,399,33174
2,4,2496,-2760,-144,40,-2624,-2760,2280,2688,-2720,-2760,2352,2496,400,33175
2,4,2280,-2648,88,24,-2624,-2760,2280,2688,-2624,-2648,2280,2368,401,33176
2,4,2560,-2560,0,64,-2496,-2560,2560,2624,-2496,-2624,2240,2368,33177,33178
2,4,2368,-2624,320,0,-2624,-2760,2280,2688,-2496,-2624,2240,2624,402,403
2,4,2672,-2832,8,0,-2832,-2864,2672,2680,-2816,-2832,2672,2680,33179,33180
2,4,2672,-2864,0,32,-2816,-2864,2672,2680,-2817,-2864,2470,2672,405,33181
2,4,2680,-2832,0,-32,-2816,-2864,2470,2680,-2816,-2864,2680,2688,406,33182
2,4,2680,-2864,-8,0,-2816,-2864,2470,2688,-2864,-2977,2609,2688,407,33183
2,4,2470,-2838,217,22,-2816,-2977,2470,2688,-2752,-2838,2470,2688,408,33184
2,4,2688,-2752,-192,-8,-2496,-2760,2240,2688,-2752,-2977,2470,2688,404,409
2,4,2176,-2816,-104,88,-2711,-2816,2072,2296,-2728,-2846,2008,2176,33188,33189
2,4,2296,-2784,-120,-32,-2711,-2846,2008,2296,-2784,-2904,2062,2456,411,33190
2,4,2384,-2904,72,64,-2840,-2904,2384,2456,-2711,-2904,2008,2456,33187,412
2,4,2120,-2904,264,0,-2904,-3008,2120,2609,-2711,-2904,2008,2456,33186,413
2,4,2008,-2792,112,-112,-2792,-3008,1984,2224,-2711,-3008,2008,2609,33185,414
2,4,2456,-2840,14,1,-2838,-2840,2456,2470,-2648,-2840,2216,2470,33192,33193
2,4,2216,-2664,80,-120,-2664,-2784,2088,2296,-2648,-2840,2216,2470,33191,416
2,4,2296,-2784,160,-56,-2711,-3008,1984,2609,-2648,-2840,2088,2470,415,417
2,4,2112,-2688,104,24,-2648,-3008,1984,2609,-2648,-2688,2112,2280,418,33194
2,4,1984,-2880,0,64,-2648,-3008,1984,2609,-2880,-2944,1920,1984,419,33195
2,4,1728,-2816,128,128,-2496,-2816,1728,2048,-2496,-2688,1856,1856,33198,33199
2,4,1408,-2816,320,0,-2816,-2944,1280,1880,-2496,-2816,1728,2048,33197,421
2,4,2048,-2648,-296,-296,-2496,-2944,1280,2048,-2696,-2792,1976,2072,422,33200
2,4,2112,-2688,0,192,-2496,-2688,2112,2112,-2496,-2944,1280,2072,33196,423
2,4,2008,-2792,64,64,-2648,-3008,1920,2609,-2496,-2944,1280,2112,420,424
2,4,2352,-2720,-72,72,-2496,-2977,2240,2688,-2496,-3008,1280,2609,410,425
2,4,2688,-2624,0,64,-2560,-2848,2688,2840,-2496,-3008,1280,2688,396,426
2,4,2816,-2496,-192,0,-1920,-2496,1792,2816,-2496,-3008,1280,2840,389,427
2,4,1920,-2304,-128,-128,-1920,-2944,832,2240,-1920,-3008,1280,2840,382,428
2,4,0,-2560,128,0,-2560,-2752,0,128,-2496,-2560,0,128,33201,33202
2,4,-32,-2496,0,-96,-2496,-2752,-160,-32,-2592,-2752,-32,0,33203,33204
2,4,0,-2592,0,32,-2496,-2752,0,128,-2496,-2752,-160,0,430,431
2,4,-160,-2752,0,256,-2496,-2752,-160,128,-2496,-2752,-256,-192,432,33205
2,4,448,-2496,0,-64,-2496,-2688,256,448,-2560,-2688,448,704,33207,33208
2,4,704,-2560,0,64,-2496,-2752,704,832,-2496,-2688,256,704,33206,434
2,4,128,-2496,0,-64,-2496,-2752,-256,128,-2496,-2752,256,832,433,435
2,4,-256,-2624,-64,64,-2560,-2624,-320,-256,-2560,-2624,-448,-256,33211,33212
2,4,-384,-2560,-64,-64,-2560,-2624,-448,-384,-2560,-2624,-448,-256,33210,437
2,4,-320,-2560,-64,0,-2496,-2560,-448,-256,-2560,-2624,-448,-256,33209,438
2,4,-320,-2752,64,64,-2688,-2752,-320,-256,-2688,-2752,-448,-256,33214,33215
2,4,-448,-2688,64,-64,-2688,-2752,-448,-384,-2688,-2752,-448,-256,33213,440
2,4,-320,-2688,0,64,-2624,-2688,-320,-256,-2624,-2688,-384,-320,33217,33218
2,4,-384,-2624,0,-64,-2624,-2688,-448,-384,-2624,-2688,-384,-256,33216,442
2,4,-384,-2688,64,0,-2688,-2752,-448,-256,-2624,-2688,-448,-256,441,443
2,4,-320,-2624,-64,0,-2496,-2624,-448,-256,-2624,-2752,-448,-256,439,444
2,4,-256,-2688,0,64,-2496,-2752,-256,832,-2496,-2752,-448,-256,436,445
2,4,-256,-2816,-192,0,-2752,-2816,-448,-192,-2824,-2944,-448,-240,33221,33222
2,4,-240,-2824,64,64,-2760,-2944,-360,128,-2752,-2944,-448,-192,33220,447
2,4,768,-2816,-64,64,-2752,-2816,704,832,-2752,-2944,-448,128,33219,448
2,4,128,-2752,-288,0,-2496,-2752,-448,832,-2752,-2944,-448,832,446,449
2,4,128,-1920,0,-32,-1920,-1952,-128,128,-1920,-1952,192,704,33223,33224
2,4,-128,-1952,0,32,-1920,-1952,-128,704,-1920,-1952,-448,-192,451,33225
2,4,-160,-2400,-32,0,-2272,-2400,-192,-32,-2400,-2496,-160,-32,33227,33228
2,4,-192,-2176,0,-96,-2176,-2432,-320,-192,-2272,-2496,-192,-32,33226,453
2,4,-320,-2432,0,256,-2176,-2496,-320,-32,-2176,-2432,-448,-320,454,33229
2,4,-32,-2112,-288,0,-1984,-2112,-448,-32,-2112,-2176,-448,-320,33230,33231
2,4,-320,-2176,128,0,-2176,-2496,-448,-32,-1984,-2176,-448,-32,455,456
2,4,256,-2368,0,64,-2176,-2368,256,384,-2176,-2304,128,256,33234,33235
2,4,128,-2304,0,-64,-2176,-2368,0,128,-2176,-2368,128,384,33233,458
2,4,0,-2432,128,0,-2432,-2496,0,128,-2368,-2432,0,128,33236,33237
2,4,128,-2368,0,-64,-2368,-2496,0,128,-2368,-2496,256,256,460,33238
2,4,128,-2368,-128,0,-2176,-2368,0,384,-2368,-2496,0,256,459,461
2,4,448,-2368,0,256,-2112,-2496,448,576,-2368,-2368,384,448,33239,33240
2,4,384,-2176,0,-192,-2176,-2496,0,384,-2112,-2496,384,576,462,463
2,4,448,-2112,-480,0,-1984,-2112,-32,576,-2112,-2496,0,576,33232,464
2,4,-32,-2272,0,-224,-1984,-2496,-448,-32,-1984,-2496,-32,576,457,465
2,4,704,-2496,64,64,-2432,-2496,704,832,-2112,-2336,704,832,33242,33243
2,4,704,-2112,-128,0,-1984,-2112,576,832,-2112,-2496,704,832,33241,467
2,4,576,-2112,0,-384,-1984,-2496,-448,576,-1984,-2496,576,832,466,468
2,4,704,-1952,-512,0,-1920,-1952,-448,704,-1984,-2496,-448,832,452,469
2,4,0,-2496,128,0,-2496,-2944,-448,832,-1920,-2496,-448,832,450,470
2,4,-576,-2208,0,24,-2176,-2464,-576,-448,-2208,-2464,-640,-576,33245,33246
2,4,-640,-2208,0,-256,-2176,-2464,-1024,-640,-2176,-2464,-640,-448,33244,472
2,4,-672,-2048,-32,0,-1920,-2048,-992,-672,-2048,-2080,-960,-704,33247,33248
2,4,-896,-2136,128,0,-2136,-2176,-896,-768,-2128,-2136,-896,-768,33250,33251
2,4,-768,-2128,-128,0,-2080,-2128,-896,-768,-2128,-2176,-896,-768,33249,475
2,4,-704,-2080,-64,0,-1920,-2080,-992,-672,-2080,-2176,-896,-768,474,476
2,4,-768,-2176,64,0,-2176,-2464,-1024,-448,-1920,-2176,-992,-672,473,477
2,4,-896,-2688,0,64,-2560,-2752,-896,-704,-2624,-2688,-960,-896,33252,33253
2,4,-608,-2752,-32,192,-2560,-2752,-640,-448,-2560,-2752,-704,-608,33254,33255
2,4,-704,-2560,0,-192,-2560,-2752,-960,-704,-2560,-2752,-704,-448,479,480
2,4,-640,-2464,-64,-64,-2464,-2528,-1024,-640,-2464,-2528,-704,-640,33256,33257
2,4,-576,-2560,64,64,-2496,-2560,-576,-448,-2464,-2488,-576,-512,33258,33259
2,4,-640,-2464,0,-24,-2464,-2528,-1024,-640,-2464,-2560,-576,-448,482,483
2,4,-832,-2560,128,0,-2560,-2752,-960,-448,-2464,-2560,-1024,-448,481,484
2,4,-608,-2768,32,-176,-2768,-2944,-704,-576,-2768,-2944,-608,-448,33260,33261
2,4,-704,-2768,96,0,-2768,-2944,-704,-448,-2752,-2768,-704,-608,486,33262
2,4,-448,-2816,-64,0,-2752,-2816,-576,-448,-2824,-2824,-520,-448,33263,33264
2,4,-576,-2768,56,-56,-2752,-2944,-704,-448,-2752,-2824,-576,-448,487,488
2,4,-576,-2752,-32,0,-2464,-2752,-1024,-448,-2752,-2944,-704,-448,485,489
2,4,-512,-2464,-64,0,-1920,-2464,-1024,-448,-2464,-2944,-1024,-448,478,490
2,4,-448,-1952,0,32,-1920,-2944,-448,832,-1920,-2944,-1024,-448,471,491
2,4,832,-2752,0,104,-1920,-3008,832,2840,-1920,-2944,-1024,832,429,492
2,4,-128,-1920,-64,0,-768,-1920,-1024,2816,-1920,-3008,-1024,2840,350,493
2,4,-896,-768,-128,0,768,-768,-1024,2880,-768,-3008,-1024,2840,241,494
