episode,mission,partition_x,partition_y,partition_x_diff,partition_y_diff,rbox_top,rbox_bottom,rbox_left,rbox_right,lbox_top,lbox_bottom,lbox_left,lbox_right,rchild,lchild
2,7,384,704,64,64,768,448,384,576,768,704,384,448,32768,32769
2,7,512,448,-64,0,768,448,384,576,448,448,448,512,0,32770
2,7,576,512,-64,-64,768,448,384,576,512,448,512,576,1,32771
2,7,512,768,64,-64,768,448,384,576,768,704,512,576,2,32772
2,7,256,640,0,128,768,512,256,384,768,640,256,256,32773,32774
2,7,384,512,0,192,768,448,384,576,768,512,256,384,3,4
2,7,192,640,-42,-85,768,554,-25,192,640,640,192,256,32776,32777
2,7,256,448,0,192,640,320,256,576,768,554,-25,256,32775,6
2,7,448,448,-64,64,768,448,256,576,768,320,-25,576,5,7
2,7,704,448,-32,-32,768,320,576,704,416,320,608,704,32778,32779
2,7,992,640,32,0,640,512,800,1024,704,640,800,992,32780,32781
2,7,1024,512,-224,128,704,512,800,1024,640,320,800,1024,10,32782
2,7,864,752,64,0,752,704,864,928,760,752,864,928,32785,32786
2,7,928,760,-64,0,768,760,864,928,760,704,864,928,32784,12
2,7,1024,704,-64,64,768,704,960,1024,768,704,864,928,32783,13
2,7,864,704,64,0,704,320,800,1024,768,704,864,1024,11,14
2,7,704,768,0,-320,768,320,576,704,768,320,800,1024,9,15
2,7,576,704,0,-192,768,320,-25,576,768,320,576,1024,8,16
2,7,1472,768,0,-448,768,320,1408,1472,768,320,1472,1472,32787,32788
2,7,1408,320,0,448,768,320,1408,1472,768,320,1344,1408,18,32789
2,7,1344,616,-16,16,664,616,1328,1344,352,320,1328,1344,32790,32791
2,7,1344,664,0,104,768,320,1344,1472,664,320,1328,1344,19,20
2,7,1024,512,64,0,512,480,1024,1088,640,512,1024,1088,32793,32794
2,7,1024,480,64,0,480,448,1024,1088,640,480,1024,1088,32792,22
2,7,1312,640,-224,-128,640,512,1088,1312,640,448,1088,1312,32795,32796
2,7,1088,512,0,-32,640,448,1024,1088,640,448,1088,1312,23,24
2,7,1024,384,64,0,384,320,1024,1088,416,384,1024,1088,32797,32798
2,7,1024,416,64,0,416,320,1024,1088,448,416,1024,1088,26,32799
2,7,1088,448,0,-32,448,320,1024,1088,448,320,1088,1312,27,32800
2,7,1088,448,-64,0,640,448,1024,1312,448,320,1024,1312,25,28
2,7,1184,704,64,0,704,640,1184,1312,752,704,1184,1248,32801,32802
2,7,1248,760,-64,0,768,760,1184,1248,760,752,1184,1248,32803,32804
2,7,1184,752,64,0,752,640,1184,1312,768,752,1184,1248,30,31
2,7,1088,704,-64,0,768,704,1024,1152,704,640,1120,1184,32805,32806
2,7,1184,704,0,48,768,640,1184,1312,768,640,1024,1184,32,33
2,7,1024,640,96,0,640,320,1024,1312,768,640,1024,1312,29,34
2,7,1328,320,0,16,768,320,1328,1472,768,320,1024,1312,21,35
2,7,1024,512,0,-32,768,320,-25,1024,768,320,1024,1472,17,36
2,7,1216,144,-128,-80,144,64,1056,1216,144,64,1088,1216,32807,32808
2,7,1216,144,0,-80,144,64,1056,1216,192,128,1216,1304,38,32809
2,7,1088,256,128,-80,256,64,448,1216,256,176,1088,1216,32810,32811
2,7,1216,176,32,16,192,64,1056,1304,256,64,448,1216,39,40
2,7,496,320,0,-8,320,312,464,496,320,312,496,528,32812,32813
2,7,464,312,0,8,320,312,464,528,320,312,432,464,42,32814
2,7,448,256,640,0,256,64,448,1304,320,312,432,528,41,43
2,7,896,0,128,0,0,-8,888,1032,32,0,896,1024,32816,32817
2,7,1056,32,-32,0,64,32,864,1056,32,-8,888,1032,32815,45
2,7,1296,-8,0,64,56,-8,1296,1304,56,-8,1288,1296,32819,32820
2,7,1288,56,0,-64,56,-8,1064,1288,56,-8,1288,1304,32818,47
2,7,1056,64,0,-32,64,-8,864,1056,56,-8,1064,1304,46,48
2,7,1088,64,-32,0,320,64,432,1304,64,-8,864,1304,44,49
2,7,1024,-192,0,-128,-192,-320,1024,1024,-192,-384,1024,1088,32822,32823
2,7,1088,-384,0,192,-192,-384,1088,1320,-192,-384,1024,1088,32821,51
2,7,1288,-96,32,0,-96,-192,880,1320,-56,-96,832,1288,32825,32826
2,7,832,-64,192,-128,-64,-192,832,1024,-56,-192,832,1320,32824,53
2,7,1248,-24,-144,0,-8,-24,1104,1248,-24,-40,1104,1248,32829,32830
2,7,1104,-40,144,0,-40,-56,1104,1248,-8,-40,1104,1248,32828,55
2,7,1032,-8,48,-48,-8,-56,840,1080,-8,-56,1104,1248,32827,56
2,7,1080,-56,24,0,-56,-192,832,1320,-8,-56,840,1248,54,57
2,7,1024,-192,64,0,-192,-384,1024,1320,-8,-192,832,1320,52,58
2,7,1288,-8,-40,0,320,-8,432,1304,-8,-384,832,1320,50,59
2,7,1472,320,0,-512,320,-192,1408,1472,320,-192,1472,1488,32831,32832
2,7,1408,-192,0,512,320,-192,1408,1488,320,-192,1344,1408,61,32833
2,7,1360,-256,72,0,-256,-384,1360,1488,-200,-256,1432,1488,32834,32835
2,7,1488,-192,-16,0,320,-192,1344,1488,-200,-384,1360,1488,62,63
2,7,1344,304,-16,16,320,304,1328,1344,176,128,1328,1344,32837,32838
2,7,1328,-16,16,16,0,-48,1328,1344,320,128,1328,1344,32836,65
2,7,1328,-112,0,-64,-112,-176,1320,1328,-112,-176,1328,1336,32840,32841
2,7,1336,-176,0,64,-112,-176,1336,1344,-112,-176,1320,1336,32839,67
2,7,1344,-48,-16,16,320,-48,1328,1344,-112,-176,1320,1344,66,68
2,7,1344,-112,0,64,320,-384,1344,1488,320,-176,1320,1344,64,69
2,7,1320,-96,0,-16,320,-384,432,1320,320,-384,1320,1488,60,70
2,7,1024,320,-160,0,768,320,-25,1472,320,-384,432,1488,37,71
2,7,149,554,-21,-42,729,512,-64,149,416,352,256,288,32843,32844
2,7,192,256,96,0,256,224,128,288,384,256,128,192,32846,32847
2,7,128,512,0,-128,704,252,-112,128,384,224,128,288,32845,74
2,7,288,352,-32,32,729,352,-64,288,704,224,-112,288,73,75
2,7,-112,296,400,-72,296,96,-112,288,729,224,-112,288,32842,76
2,7,320,96,0,128,224,96,320,320,224,96,288,320,32848,32849
2,7,320,256,128,0,256,224,320,448,416,320,288,352,32850,32851
2,7,288,224,32,0,224,96,288,320,416,224,288,448,78,79
2,7,288,256,0,-32,729,96,-112,288,416,96,288,448,77,80
2,7,640,64,-32,0,96,64,320,640,64,0,352,608,32852,32853
2,7,288,96,-160,-32,96,64,-16,288,96,64,128,288,32855,32856
2,7,-64,48,192,0,48,0,-112,176,96,64,-16,288,32854,83
2,7,320,64,0,32,96,0,320,640,96,0,-112,288,82,84
2,7,320,96,-32,0,729,96,-112,448,96,0,-112,640,81,85
2,7,0,-256,-64,0,-192,-256,-64,64,-256,-384,0,64,32857,32858
2,7,16,-512,48,0,-512,-704,-128,64,-448,-512,-80,16,32859,32860
2,7,-64,-448,64,0,-448,-704,-128,64,-384,-448,-64,0,88,32861
2,7,64,-384,-64,64,-192,-384,-64,64,-384,-704,-128,64,87,89
2,7,192,-256,0,64,-192,-256,192,256,-192,-256,64,128,32862,32863
2,7,272,-256,0,64,-192,-256,272,320,-192,-256,256,272,32864,32865
2,7,256,-192,0,-64,-192,-256,64,256,-192,-256,256,320,91,92
2,7,64,-288,32,-32,-288,-320,64,96,-288,-320,176,208,32868,32869
2,7,208,-288,0,32,-256,-320,208,256,-288,-320,64,208,32867,94
2,7,96,-320,80,0,-320,-384,64,256,-256,-320,64,256,32866,95
2,7,320,-256,-48,0,-192,-256,64,320,-256,-384,64,256,93,96
2,7,64,-256,0,-32,-192,-704,-128,64,-192,-384,64,320,90,97
2,7,416,-32,128,0,-32,-32,416,544,0,-32,416,544,32870,32871
2,7,272,-64,48,0,-64,-192,272,320,-32,-64,320,416,32872,32873
2,7,416,-32,0,32,0,-32,416,544,-32,-192,272,416,99,100
2,7,256,-64,0,-64,-64,-128,192,256,-64,-128,256,272,32874,32875
2,7,272,-192,0,64,0,-192,272,544,-64,-128,192,272,101,102
2,7,0,-64,64,0,-64,-64,0,64,0,-64,0,64,32876,32877
2,7,64,-64,64,0,-64,-64,64,128,0,-32,96,128,32879,32880
2,7,128,-64,0,32,0,-192,128,176,0,-64,64,128,32878,105
2,7,64,0,0,-64,0,-64,0,64,0,-192,64,176,104,106
2,7,-64,-64,64,0,-64,-64,-64,0,0,-32,-64,-32,32882,32883
2,7,-64,-32,0,-32,0,-192,-112,-64,0,-64,-64,0,32881,108
2,7,0,-64,0,64,0,-192,0,176,0,-192,-112,0,107,109
2,7,192,-128,0,64,0,-192,192,544,0,-192,-112,176,103,110
2,7,256,-192,16,0,-192,-704,-128,320,0,-192,-112,544,98,111
2,7,96,0,-32,0,729,0,-112,640,0,-704,-128,544,86,112
2,7,1040,-392,0,-8,-392,-400,1024,1040,-392,-400,1040,1072,32888,32889
2,7,1072,-392,-32,0,-384,-392,1024,1072,-392,-400,1024,1072,32887,114
2,7,1072,-400,0,8,-384,-400,1072,1088,-384,-400,1024,1072,32886,115
2,7,1040,-400,32,0,-400,-416,1024,1088,-384,-400,1024,1088,32885,116
2,7,1088,-384,-64,0,-320,-384,1024,1088,-384,-416,1024,1088,32884,117
2,7,1088,-416,-64,0,-320,-416,1024,1088,-416,-440,1024,1088,118,32890
2,7,1120,-544,-32,0,-480,-544,1024,1120,-544,-560,1024,1088,32891,32892
2,7,1024,-456,64,0,-456,-480,1024,1088,-440,-456,1024,1088,32893,32894
2,7,1088,-480,32,0,-480,-560,1024,1120,-440,-480,1024,1088,120,121
2,7,1088,-440,-64,0,-320,-440,1024,1088,-440,-560,1024,1120,119,122
2,7,960,-384,-64,0,-128,-384,832,1024,-480,-480,992,1024,32895,32896
2,7,768,-128,-64,0,-64,-128,704,768,-192,-256,704,768,32897,32898
2,7,832,-256,0,128,-128,-480,832,1024,-64,-256,704,768,124,125
2,7,880,-400,-64,64,-320,-400,816,896,-336,-416,800,880,32902,32903
2,7,992,-544,0,64,-480,-544,992,1024,-320,-416,800,896,32901,127
2,7,768,-256,-64,0,-192,-256,704,768,-320,-544,800,1024,32900,128
2,7,800,-352,64,-64,-352,-464,752,864,-192,-544,704,1024,32899,129
2,7,896,-384,-64,64,-64,-480,704,1024,-192,-544,704,1024,126,130
2,7,1024,-480,0,24,-320,-560,1024,1120,-64,-544,704,1024,123,131
2,7,544,-32,96,0,-32,-64,544,640,32,0,576,608,32905,32906
2,7,640,-64,48,0,-64,-256,640,688,32,-64,544,640,32904,133
2,7,704,-128,-16,0,-64,-128,688,704,-192,-256,688,704,32907,32908
2,7,688,-128,0,-64,32,-256,544,688,-64,-256,688,704,134,135
2,7,384,-304,-64,0,-256,-304,320,384,-304,-320,320,384,32909,32910
2,7,448,-304,-64,0,-304,-304,384,512,-304,-320,448,512,32911,32912
2,7,384,-304,0,-16,-256,-320,320,384,-304,-320,384,512,137,138
2,7,576,-304,-64,0,-256,-304,512,640,-304,-320,576,640,32913,32914
2,7,512,-304,0,-16,-256,-320,320,512,-256,-320,512,640,139,140
2,7,688,-256,-48,0,32,-256,544,704,-256,-320,320,640,136,141
2,7,-64,-704,-16,0,-704,-704,-128,0,-704,-720,-64,0,32915,32916
2,7,-64,-728,64,0,-728,-768,-64,0,-720,-728,-64,0,32917,32918
2,7,0,-720,-64,0,-704,-720,-128,0,-720,-768,-64,0,143,144
2,7,512,-320,0,-64,-320,-384,448,512,-320,-384,576,640,32919,32920
2,7,384,-384,-64,0,-320,-384,320,384,-512,-704,0,64,32921,32922
2,7,448,-384,0,64,-320,-384,448,640,-320,-704,0,384,146,147
2,7,0,-704,0,-16,-704,-768,-128,0,-320,-704,0,640,145,148
2,7,512,-320,-64,0,32,-320,320,704,-320,-768,-128,640,142,149
2,7,704,-128,0,64,-64,-560,704,1120,32,-768,-128,704,132,150
2,7,256,-320,-64,-64,729,-704,-128,640,32,-768,-128,1120,113,151
2,7,288,416,-32,32,768,-384,-25,1488,729,-768,-128,1120,72,152
2,7,1792,-256,-64,0,-192,-256,1728,1792,-256,-320,1728,1792,32923,32924
2,7,1792,-192,0,-64,-192,-320,1728,1792,-192,-320,1792,1856,154,32925
2,7,1728,-256,0,64,-192,-320,1728,1856,-192,-320,1600,1728,155,32926
2,7,1728,-192,64,0,-192,-320,1600,1856,-128,-192,1600,1856,156,32927
2,7,1856,-320,-256,0,-128,-320,1600,1856,-320,-368,1600,1856,157,32928
2,7,1600,-128,256,0,-128,-368,1600,1856,-80,-128,1600,1856,158,32929
2,7,1856,-128,0,-192,-80,-368,1600,1856,-80,-368,1856,1960,159,32930
2,7,1784,-384,-16,16,-368,-384,1768,1960,-368,-384,1600,1752,32931,32932
2,7,1768,-368,-16,0,-80,-368,1600,1960,-368,-384,1600,1960,160,161
2,7,2048,-384,0,304,-80,-384,2048,2112,-80,-384,1984,2048,32933,32934
2,7,1968,-160,0,-128,-160,-288,1960,1968,-160,-288,1968,1976,32936,32937
2,7,1976,-288,0,128,-160,-288,1976,1984,-160,-288,1960,1976,32935,164
2,7,1984,-160,0,80,-80,-384,1984,2112,-160,-288,1960,1984,163,165
2,7,1960,-288,0,-80,-80,-384,1600,1960,-80,-384,1960,2112,162,166
2,7,1520,-320,0,-48,-320,-368,1520,1520,-320,-368,1520,1536,32939,32940
2,7,1536,-368,0,48,-320,-368,1536,1536,-320,-368,1520,1536,32938,168
2,7,1552,-384,-16,16,-368,-384,1536,1600,-368,-384,1488,1520,32941,32942
2,7,1536,-368,-16,0,-320,-368,1520,1536,-368,-384,1488,1600,169,170
2,7,1600,-304,-64,0,-272,-304,1536,1600,-304,-320,1536,1600,32944,32945
2,7,1600,-272,-64,0,-256,-272,1536,1600,-272,-320,1536,1600,32943,172
2,7,1536,-320,0,16,-256,-320,1536,1600,-256,-320,1488,1520,173,32946
2,7,1520,-320,16,0,-320,-384,1488,1600,-256,-320,1488,1600,171,174
2,7,1528,-176,-16,-16,-176,-192,1488,1528,-176,-192,1536,1600,32947,32948
2,7,1512,-192,-24,0,-176,-192,1488,1600,-200,-248,1488,1600,176,32949
2,7,1536,-144,64,0,-144,-176,1536,1600,-80,-144,1536,1600,32950,32951
2,7,1536,-144,0,64,-80,-176,1536,1600,-80,-176,1528,1528,178,32952
2,7,1536,-176,64,0,-176,-248,1488,1600,-80,-176,1528,1600,177,179
2,7,1552,-256,48,0,-256,-384,1488,1600,-80,-248,1488,1600,175,180
2,7,1600,-272,0,16,-80,-384,1600,2112,-80,-384,1488,1600,167,181
2,7,1528,0,16,-16,0,-32,1528,1544,0,-32,1568,1752,32953,32954
2,7,1736,-64,16,-16,-64,-80,1536,1752,-64,-80,1768,1888,32955,32956
2,7,1544,-32,-16,-16,-32,-48,1528,1544,-48,-80,1528,1528,32957,32958
2,7,1536,-80,16,16,-64,-80,1536,1888,-32,-80,1528,1544,184,185
2,7,1752,-32,-184,0,0,-32,1528,1752,-32,-80,1528,1888,183,186
2,7,1776,192,0,-56,192,136,1664,1776,192,136,1776,1856,32960,32961
2,7,1768,8,-16,0,136,8,1664,1768,8,0,1664,1752,32963,32964
2,7,1768,0,0,8,136,0,1768,1856,136,0,1664,1768,32962,189
2,7,1776,136,-112,0,192,136,1664,1856,136,0,1664,1856,188,190
2,7,1664,136,0,56,192,0,1664,1856,192,0,1600,1664,191,32965
2,7,1752,312,16,0,312,192,1752,1856,320,312,1768,1856,32967,32968
2,7,1752,320,0,-8,320,192,1600,1752,320,192,1752,1856,32966,193
2,7,1664,192,112,0,192,0,1600,1856,320,192,1600,1856,192,194
2,7,1600,304,16,16,320,0,1600,1856,320,304,1600,1616,195,32969
2,7,1616,0,-16,16,320,0,1600,1856,16,0,1600,1616,196,32970
2,7,1856,0,0,320,320,0,1856,1888,320,0,1600,1856,32959,197
2,7,1544,320,-16,-16,320,304,1528,1544,176,128,1528,1544,32972,32973
2,7,1528,304,0,-128,304,0,1528,1528,320,128,1528,1544,32971,199
2,7,1568,64,32,0,64,0,1568,1600,320,256,1568,1600,32974,32975
2,7,1544,160,0,-16,320,0,1528,1544,320,0,1568,1600,200,201
2,7,1600,16,0,48,320,0,1600,1888,320,0,1528,1600,198,202
2,7,1616,0,136,0,0,-80,1528,1888,320,0,1528,1888,187,203
2,7,1920,0,0,320,320,0,1920,1960,320,0,1888,1920,32977,32978
2,7,1888,-64,56,0,-64,-80,1888,1960,320,0,1888,1960,32976,205
2,7,2048,-80,0,400,320,-80,2048,2112,320,-80,1984,2048,32979,32980
2,7,1960,208,24,0,208,112,1960,1984,288,224,1960,1976,32981,32982
2,7,1968,-16,16,16,0,-48,1968,1984,96,32,1960,1976,32983,32984
2,7,1984,112,-24,0,288,112,1960,1984,96,-48,1960,1984,208,209
2,7,1984,0,0,112,320,-80,1984,2112,288,-48,1960,1984,207,210
2,7,1960,208,0,-96,320,-80,1888,1960,320,-80,1960,2112,206,211
2,7,1888,320,0,-320,320,-80,1528,1888,320,-80,1888,2112,204,212
2,7,1752,-80,16,0,-80,-384,1488,2112,320,-80,1528,2112,182,213
2,7,2048,512,64,0,512,448,2048,2112,512,512,2048,2112,32985,32986
2,7,2112,360,-64,0,448,360,2048,2112,360,344,2048,2112,32987,32988
2,7,2112,448,-64,0,512,448,2048,2112,448,344,2048,2112,215,216
2,7,2048,336,64,0,336,320,2048,2112,344,336,2048,2112,32989,32990
2,7,2112,344,-64,0,512,344,2048,2112,344,320,2048,2112,217,218
2,7,1528,384,8,192,576,384,1528,2048,576,384,1528,1536,32991,32992
2,7,1784,384,-16,-16,384,368,1736,1784,384,344,1856,1984,32993,32994
2,7,1528,352,16,-16,352,320,1528,1544,384,352,1528,1528,32995,32996
2,7,1544,336,0,-16,384,320,1528,1544,352,320,1568,1752,222,32997
2,7,1752,368,-16,16,384,344,1736,1984,384,320,1528,1752,221,223
2,7,1736,384,-208,0,576,384,1528,2048,384,320,1528,1984,220,224
2,7,2048,320,0,16,512,320,2048,2112,576,320,1528,2048,219,225
2,7,1600,704,0,64,768,704,1600,1600,768,704,1568,1600,32998,32999
2,7,1536,704,0,64,768,704,1536,1568,768,704,1536,1536,33000,33001
2,7,1568,704,0,64,768,704,1568,1600,768,704,1536,1568,227,228
2,7,1792,640,-64,0,640,640,1728,1792,640,608,1728,1792,33002,33003
2,7,1792,608,-64,0,640,608,1728,1792,608,576,1728,1792,230,33004
2,7,1696,640,0,-32,672,608,1568,1696,640,640,1696,1728,33006,33007
2,7,1568,672,32,0,672,608,1568,1728,704,672,1600,1600,232,33008
2,7,1536,704,0,-128,704,576,1536,1536,704,608,1568,1728,33005,233
2,7,1728,576,0,32,640,576,1728,1792,704,576,1536,1728,231,234
2,7,1568,704,-32,0,768,704,1536,1600,704,576,1536,1792,229,235
2,7,2112,672,-64,0,672,672,2048,2112,672,648,2048,2112,33009,33010
2,7,2048,616,64,0,616,616,2048,2112,640,616,2048,2112,33011,33012
2,7,2048,640,64,0,640,616,2048,2112,648,640,2048,2112,238,33013
2,7,2112,648,-64,0,672,648,2048,2112,648,616,2048,2112,237,239
2,7,1824,608,0,32,672,608,1824,1952,640,640,1792,1824,33014,33015
2,7,1920,672,32,0,672,608,1792,1952,768,672,1920,1920,241,33016
2,7,1976,672,0,16,688,672,1976,2048,768,688,1960,1976,33018,33019
2,7,1984,600,16,16,616,576,1984,2048,768,672,1960,2048,33017,243
2,7,1952,672,0,-64,768,608,1792,1952,768,576,1960,2048,242,244
2,7,2048,616,0,24,672,616,2048,2112,768,576,1792,2048,240,245
2,7,1792,608,0,-32,768,576,1536,1792,768,576,1792,2112,236,246
2,7,1728,576,64,0,576,320,1528,2112,768,576,1536,2112,226,247
2,7,1888,320,32,0,320,-384,1488,2112,768,320,1528,2112,214,248
2,7,2240,600,0,32,632,600,2240,2360,616,600,2112,2176,33020,33021
2,7,2360,632,0,-32,632,600,2112,2360,632,600,2376,2560,250,33022
2,7,2552,696,-56,-24,768,672,2496,2560,696,648,2496,2560,33023,33024
2,7,2256,672,0,16,688,672,2256,2496,688,688,2240,2256,33026,33027
2,7,2240,688,0,-16,688,672,2112,2240,688,672,2240,2496,33025,253
2,7,2512,648,-16,24,768,648,2496,2560,688,672,2112,2496,252,254
2,7,2240,632,120,0,632,600,2112,2560,768,648,2112,2560,251,255
2,7,2240,376,120,0,376,344,2240,2360,600,376,2240,2360,33028,33029
2,7,2240,344,0,32,600,344,2240,2360,600,376,2208,2240,257,33030
2,7,2176,376,0,224,600,376,2176,2208,600,360,2112,2176,33031,33032
2,7,2208,376,0,224,600,344,2208,2360,600,360,2112,2208,258,259
2,7,2400,464,16,0,464,464,2400,2416,480,464,2384,2400,33034,33035
2,7,2416,464,16,16,480,376,2360,2560,480,464,2384,2416,33033,261
2,7,2376,376,-16,0,480,376,2360,2560,376,344,2376,2560,262,33036
2,7,2416,512,-16,0,512,512,2400,2416,512,496,2384,2400,33039,33040
2,7,2384,496,0,-16,496,480,2384,2384,512,496,2384,2416,33038,264
2,7,2432,496,-16,16,600,496,2360,2560,512,480,2384,2416,33037,265
2,7,2432,480,128,0,480,344,2360,2560,600,480,2360,2560,263,266
2,7,2360,376,0,-32,600,344,2112,2360,600,344,2360,2560,260,267
2,7,2360,600,-120,0,768,600,2112,2560,600,344,2112,2560,256,268
2,7,2736,576,16,0,576,440,2736,2816,608,576,2752,2816,33042,33043
2,7,2752,608,64,0,608,440,2736,2816,640,608,2752,2816,270,33044
2,7,2720,640,16,-64,640,440,2624,2768,640,440,2736,2816,33041,271
2,7,2752,704,64,0,704,672,2752,2816,768,704,2752,2816,33046,33047
2,7,2752,672,64,0,672,640,2752,2816,768,672,2752,2816,33045,273
2,7,2736,768,-16,-48,768,640,2624,2736,720,640,2720,2720,33048,33049
2,7,2624,640,0,128,768,640,2624,2736,768,704,2560,2616,275,33050
2,7,2752,640,0,32,768,640,2752,2816,768,640,2560,2736,274,276
2,7,2752,640,64,0,640,440,2624,2816,768,640,2560,2816,272,277
2,7,2560,376,0,-32,768,344,2112,2560,768,440,2560,2816,269,278
2,7,2264,-312,24,-72,-312,-384,2192,2288,-288,-384,2264,2480,33051,33052
2,7,2192,-320,72,8,-288,-384,2192,2480,-192,-320,2192,2480,280,33053
2,7,2288,-128,-24,-72,-128,-200,2192,2288,-128,-224,2264,2480,33054,33055
2,7,2192,-192,72,-8,-192,-384,2192,2480,-128,-224,2192,2480,281,282
2,7,2176,-320,0,-48,-128,-384,2112,2176,-192,-320,2176,2192,33056,33057
2,7,2192,-384,0,64,-128,-384,2192,2480,-128,-384,2112,2192,283,284
2,7,2560,-192,256,0,-192,-384,2560,2816,-128,-192,2560,2816,33058,33059
2,7,2560,-384,0,192,-128,-384,2560,2816,-128,-384,2496,2560,286,33060
2,7,2816,-384,-64,0,-128,-384,2496,2816,-384,-448,2560,2752,287,33061
2,7,2496,-224,0,80,-128,-448,2496,2816,-224,-288,2480,2496,288,33062
2,7,2480,-288,0,-96,-128,-384,2112,2480,-128,-448,2480,2816,285,289
2,7,2688,-96,-192,0,-96,-96,2496,2688,-96,-112,2496,2688,33063,33064
2,7,2768,0,-16,0,192,0,2752,2768,0,-96,2688,2752,33065,33066
2,7,2688,-96,0,-16,-96,-112,2496,2688,192,-96,2688,2768,291,292
2,7,2688,288,64,0,288,192,2496,2752,304,288,2496,2688,33067,33068
2,7,2752,192,16,0,192,-112,2496,2768,304,192,2496,2752,293,294
2,7,2216,272,0,16,288,272,2216,2496,272,104,2200,2216,33069,33070
2,7,2216,-96,0,16,104,-96,2216,2496,88,-80,2200,2216,33071,33072
2,7,2216,104,-16,0,288,104,2200,2496,104,-96,2200,2496,296,297
2,7,2496,288,0,16,304,-112,2496,2768,288,-96,2200,2496,295,298
2,7,2184,128,-8,0,256,128,2176,2184,64,-64,2176,2184,33074,33075
2,7,2176,304,0,-48,320,-128,2112,2176,256,-64,2176,2184,33073,300
2,7,2192,128,0,128,256,128,2192,2200,256,128,2184,2192,33076,33077
2,7,2192,-64,0,128,64,-64,2192,2200,64,-64,2184,2192,33078,33079
2,7,2200,128,-8,0,256,128,2184,2200,64,-64,2184,2200,302,303
2,7,2184,256,0,-128,320,-128,2112,2184,256,-64,2184,2200,301,304
2,7,2200,64,0,24,304,-112,2200,2768,320,-128,2112,2200,299,305
2,7,2512,-128,304,0,-128,-448,2112,2816,320,-128,2112,2768,290,306
2,7,2360,344,-120,0,768,344,2112,2816,320,-448,2112,2816,279,307
2,7,3456,-352,0,-64,-352,-416,3392,3456,-352,-416,3456,3584,33080,33081
2,7,3392,-352,64,0,-352,-416,3392,3584,-320,-352,3392,3616,309,33082
2,7,3328,-352,0,-64,-352,-416,3264,3328,-352,-416,3328,3392,33083,33084
2,7,3264,-352,64,0,-352,-416,3264,3392,-320,-352,3264,3392,311,33085
2,7,3392,-416,0,64,-320,-416,3392,3616,-320,-416,3264,3392,310,312
2,7,3328,-416,-64,0,-320,-416,3264,3616,-416,-448,3264,3520,313,33086
2,7,3200,-352,0,-64,-352,-416,3136,3200,-352,-416,3200,3264,33087,33088
2,7,3136,-352,64,0,-352,-416,3136,3264,-320,-352,3136,3264,315,33089
2,7,3136,-416,0,64,-320,-416,3136,3264,-320,-416,2976,3136,316,33090
2,7,3200,-416,-64,0,-320,-416,2976,3264,-416,-448,3072,3264,317,33091
2,7,3264,-416,0,64,-320,-448,3264,3616,-320,-448,2976,3264,314,318
2,7,3616,-320,-128,-128,-320,-448,2976,3616,-320,-384,3712,3776,319,33092
2,7,2840,-192,0,-128,-192,-320,2816,2840,-192,-320,2840,2856,33095,33096
2,7,2856,-320,0,128,-192,-320,2856,2880,-192,-320,2816,2856,33094,321
2,7,2880,-320,0,128,-192,-320,2880,3840,-192,-320,2816,2880,33093,322
2,7,2976,-320,640,0,-320,-448,2976,3776,-192,-320,2816,3840,320,323
2,7,2848,448,-32,-3,448,444,2816,2848,448,384,2880,3456,33098,33099
2,7,2880,384,576,0,384,256,2880,3456,448,384,2816,3456,33097,325
2,7,3456,384,0,-128,448,256,2816,3456,448,256,3456,3840,326,33100
2,7,3328,192,0,-64,192,128,3072,3328,192,128,3392,3648,33103,33104
2,7,3328,128,64,0,128,64,3136,3648,192,128,3072,3648,33102,328
2,7,3392,192,-64,0,256,192,3072,3456,192,64,3072,3648,33101,329
2,7,3008,192,0,-64,192,64,2880,3008,128,128,3008,3072,33106,33107
2,7,3072,192,-64,0,256,192,2880,3072,192,64,2880,3072,33105,331
2,7,3072,128,0,64,256,64,3072,3648,256,64,2880,3072,330,332
2,7,3712,128,0,64,256,128,3712,3840,192,192,3648,3712,33109,33110
2,7,3648,128,64,0,128,64,3648,3840,256,128,3648,3840,33108,334
2,7,3648,192,0,-64,256,64,2880,3648,256,64,3648,3840,333,335
2,7,3456,256,-576,0,448,256,2816,3840,256,64,2880,3840,327,336
2,7,3328,-128,0,-64,-128,-192,3328,3328,-128,-192,3392,3648,33113,33114
2,7,3648,-128,0,-64,-128,-192,3328,3648,-128,-192,3712,3840,338,33115
2,7,3712,-128,-64,0,-64,-128,3136,3840,-128,-192,3328,3840,33112,339
2,7,3840,-64,-704,0,64,-64,3136,3840,-64,-192,3136,3840,33111,340
2,7,3072,-128,-64,0,64,-128,3008,3136,-128,-192,3072,3072,33117,33118
2,7,3008,-128,0,-64,64,-192,2880,3008,64,-192,3008,3136,33116,342
2,7,3136,-64,0,128,64,-192,3136,3840,64,-192,2880,3136,341,343
2,7,3840,64,-704,0,448,64,2816,3840,64,-192,2880,3840,337,344
2,7,3488,768,0,-112,768,656,3456,3488,768,656,3488,3520,33119,33120
2,7,3520,768,0,-112,768,656,3456,3520,768,656,3520,3840,346,33121
2,7,2880,704,-64,0,768,704,2816,3456,704,656,2880,3264,33122,33123
2,7,3456,656,0,48,768,656,3456,3840,768,656,2816,3456,347,348
2,7,3072,512,-64,0,512,512,3008,3072,512,448,3072,3072,33125,33126
2,7,3008,512,0,-64,568,448,2880,3008,512,448,3008,3072,33124,350
2,7,2848,568,0,-120,568,448,2848,2848,568,448,2848,2880,33127,33128
2,7,2880,448,0,120,568,448,2880,3072,568,448,2848,2880,351,352
2,7,2880,568,0,56,640,568,2880,3200,576,568,2816,2848,33129,33130
2,7,2896,640,48,0,640,568,2816,3200,656,640,2944,3200,354,33131
2,7,2848,568,32,0,568,448,2848,3072,656,568,2816,3200,353,355
2,7,3328,512,0,-64,512,448,3328,3328,512,448,3392,3648,33133,33134
2,7,3392,512,-64,0,640,512,3200,3648,512,448,3328,3648,33132,357
2,7,3712,512,-64,0,640,512,3648,3840,512,448,3712,3840,33135,33136
2,7,3648,512,0,-64,640,448,3200,3648,640,448,3648,3840,358,359
2,7,3200,640,320,0,640,448,3200,3840,656,640,3520,3776,360,33137
2,7,3200,656,0,-16,656,448,2816,3200,656,448,3200,3840,356,361
2,7,2944,656,-64,0,768,656,2816,3840,656,448,2816,3840,349,362
2,7,3008,448,64,0,448,-192,2816,3840,768,448,2816,3840,345,363
2,7,2856,-192,24,0,-192,-448,2816,3840,768,-192,2816,3840,324,364
2,7,2816,-320,0,-64,768,-448,2112,2816,768,-448,2816,3840,308,365
2,7,2112,640,0,-24,768,-384,1488,2112,768,-448,2112,3840,249,366
2,7,1488,-248,0,-8,768,-768,-128,1488,768,-448,1488,3840,153,367
2,7,2176,1792,0,64,1856,1696,2176,2400,1792,1696,2144,2176,33138,33139
2,7,2144,1696,0,96,1856,1696,2144,2400,1792,1696,2112,2144,369,33140
2,7,2080,1696,0,96,1792,1696,2080,2112,1792,1696,2048,2080,33141,33142
2,7,2112,1696,0,96,1856,1696,2112,2400,1792,1696,2048,2112,370,371
2,7,2080,1920,0,64,2112,1920,2080,2368,2048,1984,2048,2080,33143,33144
2,7,2368,1920,-48,0,2112,1920,2048,2368,1920,1888,2128,2320,373,33145
2,7,2368,1968,0,-48,2112,1888,2048,2368,2064,1968,2368,2400,374,33146
2,7,2176,1856,224,0,1856,1696,2048,2400,2112,1888,2048,2400,372,375
2,7,2240,1408,128,0,1408,1344,2240,2400,1472,1408,2368,2368,33149,33150
2,7,2240,1472,0,-64,1472,1344,2176,2240,1472,1344,2240,2400,33148,377
2,7,2368,1472,-128,0,1536,1472,2176,2400,1472,1344,2176,2400,33147,378
2,7,2208,1344,-32,32,1536,1344,2176,2400,1376,1344,2176,2208,379,33151
2,7,2176,1504,32,32,1536,1344,2176,2400,1536,1504,2176,2208,380,33152
2,7,2208,1344,-32,-64,1344,1280,2176,2208,1344,1280,2176,2400,33153,33154
2,7,2400,1344,-192,0,1536,1344,2176,2400,1344,1280,2176,2400,381,382
2,7,2176,1600,32,-64,1600,1536,2176,2208,1600,1536,2176,2400,33155,33156
2,7,2176,1600,224,0,1600,1536,2176,2400,1696,1600,2176,2400,384,33157
2,7,2208,1536,192,0,1536,1280,2176,2400,1696,1536,2176,2400,383,385
2,7,2112,1536,64,64,1600,1504,2112,2176,1664,1536,2112,2176,33158,33159
2,7,2176,1280,-64,64,1376,1280,2112,2176,1344,1280,2112,2176,33160,33161
2,7,2112,1344,64,32,1376,1280,2112,2176,1536,1344,2112,2176,388,33162
2,7,2176,1504,-64,32,1664,1504,2112,2176,1536,1280,2112,2176,387,389
2,7,2112,1344,0,192,1664,1280,2112,2176,1664,1280,2048,2112,390,33163
2,7,2176,1664,0,32,1696,1280,2176,2400,1664,1280,2048,2176,386,391
2,7,2144,1696,-32,0,2112,1696,2048,2400,1696,1280,2048,2400,376,392
2,7,1824,1520,0,112,1632,1432,1824,1952,1520,1504,1616,1824,33164,33165
2,7,1952,1432,-16,0,1632,1432,1616,1952,1432,1416,1616,1936,394,33166
2,7,1920,1632,32,0,1632,1416,1616,1952,1648,1632,1856,1920,395,33167
2,7,1616,1432,-16,0,1504,1432,1600,1616,1432,1416,1536,1600,33168,33169
2,7,1600,1536,-64,0,1648,1536,1536,1600,1520,1504,1536,1600,33170,33171
2,7,1600,1504,16,0,1504,1416,1536,1616,1648,1504,1536,1600,397,398
2,7,1616,1416,0,16,1648,1416,1616,1952,1648,1416,1536,1616,396,399
2,7,1600,1408,0,-96,1408,1312,1568,1600,1408,1312,1600,1632,33173,33174
2,7,1568,1408,0,-96,1408,1312,1536,1568,1408,1312,1568,1632,33172,401
2,7,1664,1408,0,-96,1408,1312,1632,1664,1408,1312,1664,1792,33175,33176
2,7,1792,1312,-128,0,1408,1312,1664,1792,1312,1280,1664,1792,33177,33178
2,7,1792,1408,-128,-96,1408,1312,1632,1792,1408,1280,1664,1792,403,404
2,7,1632,1408,0,-96,1408,1312,1536,1632,1408,1280,1632,1792,402,405
2,7,1936,1416,-320,0,1648,1416,1536,1952,1408,1280,1536,1792,400,406
2,7,2040,1792,0,-96,1792,1696,2032,2040,1792,1696,2040,2048,33180,33181
2,7,2032,1792,0,-96,1840,1648,1824,2032,1792,1696,2032,2048,33179,408
2,7,1856,1648,-112,112,1840,1648,1744,1920,1760,1648,1744,1856,33182,33183
2,7,1920,1648,-96,192,1840,1648,1824,2048,1840,1648,1744,1920,409,410
2,7,1920,1856,0,-16,2048,1840,1856,1920,2048,1856,1920,2048,33184,33185
2,7,1856,1840,0,16,2048,1840,1856,2048,2048,1856,1728,1856,412,33186
2,7,1824,1840,32,0,1840,1648,1744,2048,2048,1840,1728,2048,411,413
2,7,1752,1688,-8,40,2048,1648,1728,2048,1920,1648,1536,1600,414,33187
2,7,1728,2048,320,0,2048,1648,1536,2048,2112,2048,1728,2048,415,33188
2,7,1856,1648,64,0,1648,1280,1536,1952,2112,1648,1536,2048,407,416
2,7,2048,1696,0,96,2112,1280,2048,2400,2112,1280,1536,2048,393,417
2,7,2816,1856,32,0,1856,1856,2816,2848,1888,1856,2816,2848,33192,33193
2,7,2816,1888,0,-32,1888,1728,2624,2816,1888,1856,2816,2848,33191,419
2,7,2848,1856,0,32,1888,1728,2848,2944,1888,1728,2624,2848,33190,420
2,7,2848,1888,-32,0,2112,1888,2624,2944,1888,1728,2624,2944,33189,421
2,7,2880,1728,0,-64,1728,1664,2880,2880,1728,1664,2880,2944,33195,33196
2,7,2880,1664,64,0,1664,1504,2752,2944,1728,1664,2880,2944,33194,423
2,7,2752,1520,-48,0,1520,1520,2704,2752,1520,1504,2704,2752,33198,33199
2,7,2704,1520,0,-16,1728,1504,2624,2704,1520,1504,2704,2752,33197,425
2,7,2752,1504,0,16,1728,1504,2752,2944,1728,1504,2624,2752,424,426
2,7,2944,1728,-64,0,2112,1728,2624,2944,1728,1504,2624,2944,422,427
2,7,2744,1456,-48,0,1496,1456,2696,2744,1456,1440,2696,2744,33206,33207
2,7,2696,1456,0,-16,1496,1440,2688,2696,1496,1440,2696,2744,33205,429
2,7,2696,1440,48,0,1440,1432,2688,2744,1496,1440,2688,2744,33204,430
2,7,2744,1440,0,16,1496,1432,2744,2752,1496,1432,2688,2744,33203,431
2,7,2752,1432,0,64,1496,1432,2752,2752,1496,1432,2688,2752,33202,432
2,7,2752,1496,-64,0,1504,1496,2688,2752,1496,1432,2688,2752,33201,433
2,7,2752,1368,0,64,1432,1368,2752,2752,1432,1368,2688,2752,33209,33210
2,7,2688,1368,64,0,1368,1368,2688,2752,1432,1368,2688,2752,33208,435
2,7,2752,1432,-64,0,1504,1432,2688,2752,1432,1368,2688,2752,434,436
2,7,2688,1496,0,-64,1504,1280,2624,2688,1504,1368,2688,2752,33200,437
2,7,2752,1504,-48,0,2112,1504,2624,2944,1504,1280,2624,2752,428,438
2,7,3352,1488,0,-64,1488,1424,3352,3352,1488,1424,3352,3416,33213,33214
2,7,3352,1424,64,0,1424,1424,3352,3416,1488,1424,3352,3416,33212,440
2,7,3416,1488,-64,0,1792,1488,3168,3416,1488,1424,3352,3416,33211,441
2,7,3104,1280,0,96,1376,1280,3104,3104,1376,1280,2976,2976,33216,33217
2,7,3104,1376,-128,0,1568,1376,2976,3168,1376,1280,2976,3104,33215,443
2,7,3040,1688,0,-120,1728,1568,2944,3040,1688,1688,3040,3168,33218,33219
2,7,3040,1568,128,0,1568,1280,2976,3168,1728,1568,2944,3168,444,445
2,7,3168,1568,0,120,1792,1424,3168,3416,1728,1280,2944,3168,442,446
2,7,3328,1792,0,128,1920,1792,3328,3328,1920,1792,3200,3200,33221,33222
2,7,3328,1920,-128,0,2016,1920,3200,3336,1920,1792,3200,3328,33220,448
2,7,3272,2080,0,-64,2080,2016,3272,3272,2080,2016,3272,3336,33225,33226
2,7,3336,2016,0,64,2080,2016,3336,3336,2080,2016,3272,3336,33224,450
2,7,3336,2080,-64,0,2112,2080,2944,3416,2080,2016,3272,3336,33223,451
2,7,3272,2016,64,0,2016,1792,3200,3336,2112,2016,2944,3416,449,452
2,7,3200,1792,128,0,1792,1280,2944,3416,2112,1792,2944,3416,447,453
2,7,3736,1408,0,-64,1408,1344,3736,3736,1408,1344,3736,3800,33230,33231
2,7,3736,1344,64,0,1344,1344,3736,3800,1408,1344,3736,3800,33229,455
2,7,3800,1344,0,64,1408,1280,3800,3840,1408,1344,3736,3800,33228,456
2,7,3800,1408,-64,0,2112,1408,3648,3840,1408,1280,3736,3840,33227,457
2,7,3520,1600,0,-128,1600,1376,3416,3520,1472,1472,3520,3648,33233,33234
2,7,3648,1600,-128,0,2112,1600,3416,3648,1600,1376,3416,3648,33232,459
2,7,3424,1376,0,-64,1376,1312,3424,3424,1376,1312,3424,3488,33237,33238
2,7,3424,1312,64,0,1312,1312,3424,3488,1376,1312,3424,3488,33236,461
2,7,3488,1312,0,64,1376,1280,3488,3648,1376,1312,3424,3488,33235,462
2,7,3488,1376,-64,0,2112,1376,3416,3648,1376,1280,3424,3648,460,463
2,7,3648,1472,0,128,2112,1280,3648,3840,2112,1280,3416,3648,458,464
2,7,3416,1488,0,-64,2112,1280,2944,3416,2112,1280,3416,3840,454,465
2,7,2944,1728,0,-64,2112,1280,2624,2944,2112,1280,2944,3840,439,466
2,7,2464,2064,0,-96,2064,1968,2432,2464,2064,1968,2464,2496,33240,33241
2,7,2432,2064,0,-96,2064,1968,2400,2432,2064,1968,2432,2496,33239,468
2,7,2528,2064,0,-96,2064,1968,2496,2528,2064,1968,2528,2560,33242,33243
2,7,2592,2064,0,-96,2064,1968,2560,2592,2064,1968,2592,2624,33244,33245
2,7,2560,2064,0,-96,2064,1968,2496,2560,2064,1968,2560,2624,470,471
2,7,2496,2064,0,-96,2064,1968,2400,2496,2064,1968,2496,2624,469,472
2,7,2432,1280,-32,64,1376,1280,2400,2432,1344,1280,2400,2432,33247,33248
2,7,2432,1376,-32,-32,1536,1344,2400,2432,1376,1280,2400,2432,33246,474
2,7,2400,1536,32,64,1600,1504,2400,2432,1600,1536,2400,2432,33249,33250
2,7,2400,1600,32,0,1600,1504,2400,2432,1856,1600,2400,2432,476,33251
2,7,2400,1536,32,-32,1536,1280,2400,2432,1856,1504,2400,2432,475,477
2,7,2432,1600,64,-64,1600,1504,2432,2496,1856,1536,2432,2560,33252,33253
2,7,2496,1344,-64,-64,1376,1280,2432,2496,1344,1280,2432,2496,33254,33255
2,7,2432,1376,64,-32,1376,1280,2432,2496,1536,1344,2432,2496,480,33256
2,7,2496,1536,0,-192,1536,1280,2432,2496,1568,1280,2496,2560,481,33257
2,7,2496,1536,-64,-32,1856,1504,2432,2560,1568,1280,2432,2560,479,482
2,7,2432,1504,0,-128,1856,1280,2400,2432,1856,1280,2432,2560,478,483
2,7,2624,1968,-32,0,2064,1968,2400,2624,1856,1280,2400,2560,473,484
2,7,2624,1280,0,688,2112,1280,2624,3840,2064,1280,2400,2624,467,485
2,7,2400,2064,0,-96,2112,1280,1536,2400,2112,1280,2400,3840,418,486
2,7,2624,992,0,288,1280,992,2624,2816,1152,1088,2560,2616,33258,33259
2,7,2816,832,-72,-40,936,768,2624,2816,792,768,2736,2744,33260,33261
2,7,2712,976,0,-16,976,960,2688,2712,976,960,2712,2776,33265,33266
2,7,2776,976,-64,0,992,976,2688,2776,976,960,2688,2776,33264,490
2,7,2776,960,0,16,992,960,2776,2800,992,960,2688,2776,33263,491
2,7,2712,960,64,0,960,936,2688,2800,992,960,2688,2800,33262,492
2,7,2648,936,40,0,936,768,2624,2816,992,936,2688,2800,489,493
2,7,2656,992,-32,0,1280,992,2560,2816,992,768,2624,2816,488,494
2,7,2368,896,64,0,896,896,2368,2432,960,896,2368,2432,33268,33269
2,7,2432,960,-64,0,960,960,2368,2432,960,896,2368,2432,33267,496
2,7,2432,896,64,0,896,896,2432,2496,960,896,2432,2496,33271,33272
2,7,2496,960,-64,0,960,960,2432,2496,960,896,2432,2496,33270,498
2,7,2534,1036,-38,-76,1036,960,2496,2534,896,768,2496,2560,33273,33274
2,7,2496,960,0,-64,960,896,2432,2496,1036,768,2496,2560,499,500
2,7,2432,960,0,-64,960,896,2368,2432,1036,768,2432,2560,497,501
2,7,1976,920,0,16,936,864,1976,2112,920,878,1960,1976,33277,33278
2,7,1976,936,-16,0,992,936,1960,2112,936,864,1960,2112,33276,503
2,7,1960,880,152,-16,880,768,1960,2112,992,864,1960,2112,33275,504
2,7,2368,960,-64,32,992,960,2304,2368,896,864,2304,2368,33281,33282
2,7,2304,992,-192,0,992,992,2112,2304,992,864,2304,2368,33280,506
2,7,2112,864,192,0,864,864,2112,2304,992,864,2112,2368,33279,507
2,7,2112,992,0,-128,992,768,1960,2112,992,864,2112,2368,505,508
2,7,2368,896,0,64,1036,768,2368,2560,992,768,1960,2368,502,509
2,7,2496,1184,56,-24,1184,1160,2256,2552,1184,1160,2496,2560,33283,33284
2,7,2560,1184,-8,-24,1184,1160,2256,2560,1160,1036,2534,2560,511,33285
2,7,2240,1168,16,0,1168,976,1960,2256,1184,1168,1976,2240,33286,33287
2,7,2256,1168,0,16,1184,1036,2256,2560,1184,976,1960,2256,512,513
2,7,2560,1216,-448,0,1280,1216,2048,2560,1208,1184,2496,2560,33288,33289
2,7,1976,1184,264,0,1184,976,1960,2560,1280,1184,2048,2560,514,515
2,7,1960,976,152,16,1036,768,1960,2560,1280,976,1960,2560,510,516
2,7,2560,1088,0,64,1280,768,2560,2816,1280,768,1960,2560,495,517
2,7,1776,1008,-32,0,1024,1008,1728,1792,1008,1008,1744,1776,33290,33291
2,7,1792,1024,-16,-16,1024,1008,1728,1792,1024,1008,1776,1792,519,33292
2,7,1744,1008,-16,16,1024,1008,1728,1792,1024,960,1664,1792,520,33293
2,7,1728,1024,0,128,1152,1024,1728,1792,1152,1024,1664,1728,33294,33295
2,7,1728,1024,64,0,1024,960,1664,1792,1152,1024,1664,1792,521,522
2,7,1792,1152,0,-128,1152,960,1664,1792,1152,960,1792,1856,523,33296
2,7,1696,960,-32,32,1152,960,1664,1856,992,960,1664,1696,524,33297
2,7,1856,992,-32,-32,1152,960,1664,1856,992,960,1824,1856,525,33298
2,7,1856,896,-192,0,960,896,1664,1856,896,896,1664,1856,33299,33300
2,7,1824,960,-128,0,1152,960,1664,1856,960,896,1664,1856,526,527
2,7,1728,1152,0,32,1248,1152,1728,1792,1248,1184,1664,1728,33302,33303
2,7,1792,1248,-128,0,1280,1248,1664,1792,1248,1152,1664,1792,33301,529
2,7,1664,1152,64,0,1152,896,1664,1856,1280,1152,1664,1792,528,530
2,7,1664,896,-64,64,1152,896,1600,1664,960,768,1600,1664,33304,33305
2,7,1568,1024,32,0,1024,960,1568,1600,1120,1056,1568,1600,33306,33307
2,7,1600,960,0,64,1152,768,1600,1664,1120,960,1568,1600,532,533
2,7,1664,992,0,160,1280,896,1664,1856,1152,768,1568,1664,531,534
2,7,1920,960,-64,-64,1152,896,1856,1920,960,768,1856,1920,33308,33309
2,7,1920,1024,24,0,1024,960,1920,1944,1120,1056,1920,1952,33310,33311
2,7,1920,1024,0,-64,1152,768,1856,1920,1120,960,1920,1952,536,537
2,7,1856,1152,0,-160,1280,768,1568,1856,1152,768,1856,1952,535,538
2,7,1960,936,0,40,1280,768,1960,2816,1280,768,1568,1952,518,539
2,7,3200,896,0,-64,896,832,3168,3200,896,832,3200,3232,33313,33314
2,7,3168,816,64,0,816,816,3168,3232,896,832,3168,3232,33312,541
2,7,3200,904,0,56,960,904,3200,3232,960,904,3168,3200,33315,33316
2,7,3168,896,32,0,896,816,3168,3232,960,904,3168,3232,542,543
2,7,3144,904,0,56,960,904,3144,3168,960,904,3136,3144,33320,33321
2,7,3136,896,32,0,896,832,3136,3168,960,904,3136,3168,33319,545
2,7,3136,896,0,-64,960,832,2880,3136,960,832,3136,3168,33318,546
2,7,2880,816,288,0,816,768,2880,3168,960,832,2880,3168,33317,547
2,7,2840,936,-24,-104,936,832,2816,2840,928,864,2848,2880,33322,33323
2,7,2880,768,0,48,960,768,2880,3168,936,832,2816,2880,548,549
2,7,3168,832,0,64,960,816,3168,3232,960,768,2816,3168,544,550
2,7,3264,896,0,-64,896,832,3232,3264,896,832,3264,3296,33325,33326
2,7,3328,896,0,-64,896,832,3296,3328,896,832,3328,3360,33327,33328
2,7,3296,896,0,-64,896,832,3232,3296,896,832,3296,3360,552,553
2,7,3232,816,128,0,816,816,3232,3360,896,832,3232,3360,33324,554
2,7,3392,896,0,-64,896,832,3360,3392,896,832,3392,3424,33330,33331
2,7,3424,896,0,-64,896,832,3360,3424,896,832,3424,3456,556,33332
2,7,3360,816,96,0,816,768,3360,3456,896,832,3360,3456,33329,557
2,7,3360,896,0,-64,896,816,3232,3360,896,768,3360,3456,555,558
2,7,3424,896,32,0,896,768,3232,3456,960,904,3232,3448,559,33333
2,7,3776,832,-192,0,896,832,3584,3840,832,768,3776,3840,33341,33342
2,7,3584,832,0,-64,896,768,3520,3584,896,768,3584,3840,33340,561
2,7,3536,896,-16,-16,896,880,3520,3536,896,768,3520,3840,33339,562
2,7,3520,880,0,-112,896,768,3488,3520,896,768,3520,3840,33338,563
2,7,3840,896,-304,0,928,896,3488,3840,896,768,3488,3840,33337,564
2,7,3504,928,-16,-16,928,912,3488,3504,928,768,3488,3840,33336,565
2,7,3840,928,-336,0,960,928,3488,3840,928,768,3488,3840,33335,566
2,7,3488,912,0,-144,960,768,3456,3488,960,768,3488,3840,33334,567
2,7,3456,816,0,-48,960,768,3232,3456,960,768,3456,3840,560,568
2,7,3232,896,0,-64,960,768,2816,3232,960,768,3232,3840,551,569
2,7,3760,1120,0,32,1152,1120,3760,3792,1152,1120,3696,3760,33345,33346
2,7,3696,1088,32,0,1088,1056,3696,3728,1120,1088,3696,3728,33347,33348
2,7,3752,1080,0,-16,1080,1064,3728,3752,1080,1064,3752,3768,33352,33353
2,7,3768,1080,-16,0,1088,1080,3728,3768,1080,1064,3728,3768,33351,573
2,7,3760,1088,0,32,1120,1088,3760,3768,1120,1088,3728,3760,33354,33355
2,7,3728,1088,32,0,1088,1064,3728,3768,1120,1088,3728,3768,574,575
2,7,3784,1112,-16,0,1120,1112,3768,3784,1112,1064,3768,3784,33356,33357
2,7,3768,1112,0,-32,1120,1064,3728,3768,1120,1064,3768,3784,576,577
2,7,3784,1064,0,48,1120,1064,3784,3792,1120,1064,3728,3784,33350,578
2,7,3752,1064,32,0,1064,1056,3728,3792,1120,1064,3728,3792,33349,579
2,7,3728,1088,0,-32,1120,1056,3696,3728,1120,1056,3728,3792,572,580
2,7,3792,1120,-32,0,1152,1120,3696,3792,1120,1056,3696,3792,571,581
2,7,3760,1152,-64,0,1152,1152,3696,3760,1152,1056,3696,3792,33344,582
2,7,3728,1056,64,0,1056,992,3696,3792,1152,1056,3696,3792,33343,583
2,7,3816,1104,-16,0,1104,1104,3800,3816,1104,1056,3800,3816,33361,33362
2,7,3816,1056,0,48,1280,1056,3816,3840,1104,1056,3800,3816,33360,585
2,7,3800,1056,16,0,1056,992,3800,3840,1280,1056,3800,3840,33359,586
2,7,3800,1104,0,-48,1120,992,3792,3800,1280,992,3800,3840,33358,587
2,7,3792,1120,0,-64,1152,992,3696,3792,1280,992,3792,3840,584,588
2,7,3520,1280,0,-128,1280,1120,3328,3520,1152,1152,3520,3648,33364,33365
2,7,3648,1152,0,128,1280,1088,3648,3696,1280,1120,3328,3648,33363,590
2,7,3200,1120,128,0,1120,1072,3192,3328,1248,1120,3200,3200,33367,33368
2,7,3328,1248,-128,0,1280,1248,3104,3328,1248,1072,3192,3328,33366,592
2,7,2976,1248,128,0,1248,1216,2816,3104,1280,1248,2976,2976,33369,33370
2,7,2944,1088,0,128,1216,1088,2944,2944,1088,1088,2816,2944,33371,33372
2,7,2944,1216,-128,0,1280,1216,2816,3104,1216,1088,2816,2944,594,595
2,7,3104,1248,0,32,1280,1072,3104,3328,1280,1088,2816,3104,593,596
2,7,3328,1120,0,128,1280,1088,3328,3696,1280,1072,2816,3328,591,597
2,7,3224,1040,-32,0,1072,1040,3192,3224,1040,1008,3192,3224,33377,33378
2,7,3224,1008,0,32,1072,1008,3224,3256,1072,1008,3192,3224,33376,599
2,7,3256,1008,0,64,1072,1008,3256,3256,1072,1008,3192,3256,33375,600
2,7,3192,1072,0,-32,1072,1008,3192,3192,1072,1008,3192,3256,33374,601
2,7,3224,1008,32,0,1008,992,2816,3696,1072,1008,3192,3256,33373,602
2,7,3256,1072,-64,0,1280,1072,2816,3696,1072,992,2816,3696,598,603
2,7,3696,1088,0,64,1280,992,3696,3840,1280,992,2816,3696,589,604
2,7,3168,960,32,0,960,768,2816,3840,1280,992,2816,3840,570,605
2,7,2816,1216,0,-128,1280,768,1568,2816,1280,768,2816,3840,540,606
2,7,1792,1280,-128,0,2112,1280,1536,3840,1280,768,1568,3840,487,607
2,7,1152,1184,-96,0,1280,1184,1056,1152,1184,1152,1056,1152,33379,33380
2,7,1152,1152,-96,0,1280,1152,1056,1152,1152,1120,1056,1152,609,33381
2,7,1184,1152,0,144,1472,1152,1184,1440,1296,1296,1168,1184,33382,33383
2,7,1152,1280,0,-96,1280,1120,1056,1152,1472,1152,1168,1440,610,611
2,7,992,1280,0,-96,1280,1184,960,992,1280,1184,992,1024,33384,33385
2,7,1056,1280,0,-96,1280,1184,1024,1056,1280,1184,1056,1152,33386,33387
2,7,1024,1280,0,-96,1280,1184,960,1024,1280,1184,1024,1152,613,614
2,7,1288,1432,-200,0,1472,1432,1048,1328,1408,1408,1088,1280,33389,33390
2,7,1024,1472,64,-64,1472,1296,960,1168,1472,1408,1048,1328,33388,616
2,7,960,1280,32,0,1280,1184,960,1152,1472,1296,960,1328,615,617
2,7,1280,1408,64,64,1472,1120,1056,1440,1472,1184,960,1328,612,618
2,7,1456,1248,80,0,1248,1152,1440,1536,1280,1248,1456,1536,33391,33392
2,7,1456,1312,80,0,1312,1280,1456,1536,1408,1312,1456,1536,33393,33394
2,7,1536,1416,-80,0,1472,1416,1456,1536,1408,1312,1456,1536,33395,33396
2,7,1456,1408,80,-96,1408,1280,1456,1536,1472,1312,1456,1536,621,622
2,7,1456,1280,80,0,1280,1152,1440,1536,1472,1280,1456,1536,620,623
2,7,1440,1408,0,-160,1472,1120,960,1440,1472,1152,1440,1536,619,624
2,7,864,1280,0,-96,1280,1184,768,864,1280,1184,864,896,33397,33398
2,7,928,1280,0,-96,1280,1184,896,928,1280,1184,928,960,33399,33400
2,7,896,1280,0,-96,1280,1184,768,896,1280,1184,896,960,626,627
2,7,864,1408,-96,0,1440,1408,768,864,1408,1376,768,864,33402,33403
2,7,864,1440,-96,0,1472,1440,768,864,1440,1376,768,864,33401,629
2,7,864,1472,0,-32,1472,1376,768,864,1472,1376,905,935,630,33404
2,7,864,1312,-96,0,1344,1312,768,864,1312,1280,768,864,33406,33407
2,7,864,1344,-96,0,1376,1344,768,864,1344,1280,768,864,33405,632
2,7,864,1376,0,-32,1376,1280,768,864,1376,1296,935,960,633,33408
2,7,864,1376,-96,0,1472,1376,768,935,1376,1280,768,960,631,634
2,7,864,1280,32,0,1280,1184,768,960,1472,1280,768,960,628,635
2,7,960,1184,0,96,1472,1120,960,1536,1472,1184,768,960,625,636
2,7,1472,832,0,-64,832,768,1408,1472,832,768,1472,1536,33409,33410
2,7,1408,768,0,64,832,768,1408,1536,832,768,1344,1408,638,33411
2,7,1344,816,16,16,832,768,1344,1536,832,768,768,1344,639,33412
2,7,1280,864,-32,-32,960,832,832,1280,864,832,1248,1280,33413,33414
2,7,864,832,-32,32,960,832,832,1280,864,832,832,864,641,33415
2,7,1280,960,0,-96,960,832,832,1280,960,832,1280,1344,642,33416
2,7,832,864,0,96,960,832,832,1344,960,832,768,832,643,33417
2,7,1152,1056,-96,0,1088,1056,1056,1152,1056,960,1056,1152,33419,33420
2,7,1152,1088,-96,0,1120,1088,1056,1152,1088,960,1056,1152,33418,645
2,7,960,1056,96,0,1056,960,768,1056,1120,1056,768,960,33421,33422
2,7,1056,1056,0,32,1120,960,1056,1152,1120,960,768,1056,646,647
2,7,1152,1056,32,0,1056,960,1152,1344,1120,1056,1184,1344,33423,33424
2,7,1152,1120,0,-32,1120,960,768,1152,1120,960,1152,1344,648,649
2,7,832,960,448,0,960,832,768,1344,1120,960,768,1344,644,650
2,7,1360,832,48,0,832,768,768,1536,1120,832,768,1344,640,651
2,7,1152,1120,-96,0,1472,1120,768,1536,1120,768,768,1536,637,652
2,7,664,1416,8,-16,1416,1400,664,672,1400,1384,672,688,33430,33431
2,7,664,1432,0,-16,1432,1416,664,664,1416,1384,664,688,33429,654
2,7,672,1448,-8,-16,1448,1432,664,672,1432,1384,664,688,33428,655
2,7,688,1464,-16,-16,1464,1448,672,688,1448,1384,664,688,33427,656
2,7,704,1472,-16,-8,1472,1464,688,704,1464,1384,664,688,33426,657
2,7,688,1384,16,-8,1384,1320,688,704,1472,1384,664,704,33425,658
2,7,664,1272,8,-16,1272,1256,664,672,1256,1240,672,688,33436,33437
2,7,664,1288,0,-16,1288,1272,664,664,1272,1240,664,688,33435,660
2,7,672,1304,-8,-16,1304,1288,664,672,1288,1240,664,688,33434,661
2,7,688,1320,-16,-16,1320,1304,672,688,1304,1240,664,688,33433,662
2,7,688,1240,16,-8,1240,1176,688,704,1320,1240,664,688,33432,663
2,7,704,1328,-16,-8,1472,1320,664,704,1320,1176,664,704,659,664
2,7,664,1128,8,-16,1128,1112,664,672,1112,1096,672,688,33442,33443
2,7,664,1144,0,-16,1144,1128,664,664,1128,1096,664,688,33441,666
2,7,672,1160,-8,-16,1160,1144,664,672,1144,1096,664,688,33440,667
2,7,688,1176,-16,-16,1176,1160,672,688,1160,1096,664,688,33439,668
2,7,688,1096,16,-8,1096,992,512,704,1176,1096,664,688,33438,669
2,7,640,960,64,0,960,768,512,704,992,960,512,640,33444,33445
2,7,704,992,-64,0,1176,992,512,704,992,768,512,704,670,671
2,7,704,1184,-16,-8,1472,1176,664,704,1176,768,512,704,665,672
2,7,448,960,64,0,960,768,448,512,1096,992,448,512,33446,33447
2,7,488,1144,-8,16,1160,1144,480,488,1176,1160,464,480,33452,33453
2,7,488,1128,0,16,1144,1128,488,488,1176,1144,464,488,33451,675
2,7,480,1112,8,16,1128,1112,480,488,1176,1128,464,488,33450,676
2,7,464,1096,16,16,1112,1096,464,480,1176,1112,464,488,33449,677
2,7,464,1176,-16,8,1240,1176,448,464,1176,1096,464,488,33448,678
2,7,448,1088,16,8,1096,768,448,512,1240,1096,448,488,674,679
2,7,488,1288,-8,16,1304,1288,480,488,1320,1304,464,480,33458,33459
2,7,488,1272,0,16,1288,1272,488,488,1320,1288,464,488,33457,681
2,7,480,1256,8,16,1272,1256,480,488,1320,1272,464,488,33456,682
2,7,464,1240,16,16,1256,1240,464,480,1320,1256,464,488,33455,683
2,7,464,1320,-16,8,1384,1320,448,464,1320,1240,464,488,33454,684
2,7,480,1448,-16,16,1464,1448,464,480,1472,1464,448,464,33464,33465
2,7,488,1432,-8,16,1448,1432,480,488,1472,1448,448,480,33463,686
2,7,488,1416,0,16,1432,1416,488,488,1472,1432,448,488,33462,687
2,7,480,1400,8,16,1416,1400,480,488,1472,1416,448,488,33461,688
2,7,464,1384,16,16,1400,1384,464,480,1472,1400,448,488,33460,689
2,7,448,1376,16,8,1384,1240,448,488,1472,1384,448,488,685,690
2,7,448,1232,16,8,1240,768,448,512,1472,1240,448,488,680,691
2,7,256,768,0,128,896,768,256,384,896,768,34,256,33466,33467
2,7,128,1080,40,-40,1080,1040,128,168,1136,1072,240,256,33472,33473
2,7,168,1040,72,32,1104,928,144,384,1136,1040,128,256,33471,694
2,7,256,1136,-64,16,1253,1104,192,384,1136,928,128,384,33470,695
2,7,192,1152,-64,-72,1280,1080,0,282,1253,928,128,384,33469,696
2,7,32,1088,0,64,1152,1088,32,32,1088,1024,0,32,33476,33477
2,7,0,1216,-64,64,1280,1216,-64,0,1152,1024,0,32,33475,698
2,7,-64,992,64,32,1024,928,-64,144,1280,1024,-64,32,33474,699
2,7,32,1152,-32,64,1280,928,0,384,1280,928,-64,144,697,700
2,7,384,896,64,64,960,896,384,448,1280,928,-64,384,33468,701
2,7,256,896,128,0,896,768,34,384,1280,896,-64,448,693,702
2,7,192,1344,0,-64,1472,1280,-64,192,1472,1344,192,320,33478,33479
2,7,192,1280,64,0,1280,768,-64,448,1472,1280,-64,320,703,704
2,7,448,1328,0,48,1472,768,448,512,1472,768,-64,448,692,705
2,7,512,960,0,32,1472,768,512,704,1472,768,-64,512,673,706
2,7,768,1408,0,32,1472,768,768,1536,1472,768,-64,704,653,707
2,7,1104,1752,8,-16,1752,1736,1104,1112,1736,1720,1112,1128,33485,33486
2,7,1104,1768,0,-16,1768,1752,1104,1104,1752,1720,1104,1128,33484,709
2,7,1112,1784,-8,-16,1784,1768,1104,1112,1768,1720,1104,1128,33483,710
2,7,1128,1800,-16,-16,1800,1784,1112,1128,1784,1720,1104,1128,33482,711
2,7,1144,1808,-16,-8,1920,1800,936,1144,1800,1720,1104,1128,33481,712
2,7,1128,1720,16,-8,1816,1600,936,1144,1920,1720,936,1144,33480,713
2,7,1048,1472,-64,64,1600,1472,984,1072,1560,1472,936,1024,33487,33488
2,7,1072,1584,64,-64,1584,1520,1072,1136,1520,1520,1136,1144,33489,33490
2,7,1072,1600,0,-16,1600,1472,936,1072,1584,1520,1072,1144,715,716
2,7,1088,1600,-16,0,1920,1600,936,1144,1600,1472,936,1144,714,717
2,7,1248,1664,-32,0,1740,1664,1216,1312,1664,1632,1248,1352,33493,33494
2,7,1216,1632,32,0,1632,1536,1216,1472,1740,1632,1216,1352,33492,719
2,7,1216,1664,0,-32,1792,1536,1152,1216,1740,1536,1216,1472,33491,720
2,7,1456,1520,16,0,1520,1472,1456,1472,1536,1520,1472,1472,33495,33496
2,7,1184,1520,0,16,1536,1472,1184,1344,1520,1520,1144,1184,33497,33498
2,7,1456,1472,0,48,1536,1472,1456,1472,1536,1472,1144,1344,722,723
2,7,1184,1536,-32,0,1792,1536,1152,1472,1536,1472,1144,1472,721,724
2,7,1248,1856,-32,0,1920,1856,1152,1248,1856,1824,1179,1216,33502,33503
2,7,1248,1824,0,32,1856,1824,1248,1248,1920,1824,1152,1248,33501,726
2,7,1216,1824,32,0,1824,1824,1216,1248,1920,1824,1152,1248,33500,727
2,7,1248,1856,-48,64,1920,1562,1200,1515,1920,1824,1152,1248,33499,728
2,7,1216,1824,-64,56,1920,1562,1152,1515,1880,1536,1152,1536,729,33504
2,7,1536,1536,-64,0,1920,1536,1152,1536,1536,1520,1472,1536,730,33505
2,7,1536,1664,-32,0,1824,1664,1504,1536,1632,1536,1504,1536,33508,33509
2,7,1504,1856,0,-32,1856,1576,1282,1504,1824,1536,1504,1536,33507,732
2,7,1536,1856,-32,0,1920,1856,1232,1536,1856,1536,1282,1536,33506,733
2,7,1232,1920,304,-384,1920,1520,1152,1536,1920,1536,1232,1536,731,734
2,7,1152,1792,320,-256,1792,1472,1144,1472,1920,1520,1152,1536,725,735
2,7,1144,1856,0,-48,1920,1472,936,1144,1920,1472,1144,1536,718,736
2,7,952,2112,16,-112,2112,2000,936,968,2112,1992,952,976,33511,33512
2,7,976,1920,0,72,2112,1920,976,1040,2112,1992,936,976,33510,738
2,7,1024,2112,16,-16,2112,1920,936,1040,2112,1920,1336,1416,739,33513
2,7,1536,1928,-64,0,1944,1928,1472,1536,1928,1920,1472,1536,33514,33515
2,7,1536,1952,-64,0,2080,1952,1472,1536,1952,1944,1472,1536,33516,33517
2,7,1472,1944,64,0,1944,1920,1472,1536,2080,1944,1472,1536,741,742
2,7,1408,2112,8,-192,2112,1920,936,1416,2080,1920,1472,1536,740,743
2,7,1040,1920,48,0,1920,1472,936,1536,2112,1920,936,1536,737,744
2,7,488,1576,-8,16,1592,1576,480,488,1608,1592,464,480,33523,33524
2,7,488,1560,0,16,1576,1560,488,488,1608,1576,464,488,33522,746
2,7,480,1544,8,16,1560,1544,480,488,1608,1560,464,488,33521,747
2,7,464,1528,16,16,1544,1528,464,480,1608,1544,464,488,33520,748
2,7,448,1520,16,8,1528,1472,448,464,1608,1528,464,488,33519,749
2,7,464,1608,-16,8,1736,1608,448,672,1608,1472,448,488,33518,750
2,7,488,1720,-8,16,1736,1720,480,488,1752,1736,464,480,33529,33530
2,7,488,1704,0,16,1720,1704,488,488,1752,1720,464,488,33528,752
2,7,480,1688,8,16,1704,1688,480,488,1752,1704,464,488,33527,753
2,7,464,1672,16,16,1688,1672,464,480,1752,1688,464,488,33526,754
2,7,464,1752,-16,8,1808,1752,448,704,1752,1672,464,488,33525,755
2,7,448,1664,16,8,1736,1472,448,672,1808,1672,448,704,751,756
2,7,664,1704,8,-16,1704,1688,664,672,1688,1672,672,688,33535,33536
2,7,664,1720,0,-16,1720,1704,664,664,1704,1672,664,688,33534,758
2,7,688,1752,-16,-16,1752,1736,672,688,1720,1672,664,688,33533,759
2,7,704,1760,-16,-8,1800,1752,688,704,1752,1672,664,688,33532,760
2,7,688,1672,16,-8,1672,1608,688,704,1800,1672,664,704,33531,761
2,7,664,1560,8,-16,1560,1544,664,672,1544,1528,672,688,33541,33542
2,7,664,1576,0,-16,1576,1560,664,664,1560,1528,664,688,33540,763
2,7,672,1592,-8,-16,1592,1576,664,672,1576,1528,664,688,33539,764
2,7,688,1608,-16,-16,1608,1592,672,688,1592,1528,664,688,33538,765
2,7,688,1528,16,-8,1528,1472,688,704,1608,1528,664,688,33537,766
2,7,704,1616,-16,-8,1800,1608,664,704,1608,1472,664,704,762,767
2,7,672,1736,-8,-16,1808,1472,448,704,1800,1472,664,704,757,768
2,7,648,2000,0,112,2112,2000,648,680,2112,2000,632,648,33544,33545
2,7,680,2112,0,-112,2112,2000,632,680,2112,2000,680,712,770,33546
2,7,632,1984,80,0,1984,1856,632,712,2112,2000,632,712,33543,771
2,7,624,2000,8,112,2112,2000,624,632,2112,1992,616,632,33548,33549
2,7,616,1992,0,-184,2112,1808,528,616,2112,1992,616,632,33547,773
2,7,528,1808,0,288,2112,1808,528,632,2016,1824,448,512,774,33550
2,7,632,1856,0,128,2112,1856,632,712,2112,1808,448,632,772,775
2,7,616,1808,88,0,1808,1472,448,704,2112,1808,448,712,769,776
2,7,184,1728,-40,64,1792,1728,144,184,1744,1600,0,128,33553,33554
2,7,128,1680,56,48,1728,1472,128,192,1792,1600,0,184,33552,778
2,7,144,1792,-64,-48,2016,1744,0,192,1792,1472,0,192,33551,779
2,7,0,1664,-64,64,1856,1664,-64,0,1600,1472,-64,0,33555,33556
2,7,0,1856,0,64,2016,1472,0,192,1856,1472,-64,0,780,781
2,7,320,1600,-128,0,1792,1600,192,320,1520,1472,256,448,33557,33558
2,7,320,1920,0,-64,2016,1792,192,320,1920,1856,320,336,33560,33561
2,7,336,1856,0,64,2048,1824,336,448,2016,1792,192,336,33559,784
2,7,256,1792,64,-64,1792,1472,192,448,2048,1792,192,448,783,785
2,7,192,1600,0,-128,2016,1472,-64,192,2048,1472,192,448,782,786
2,7,448,1760,0,48,2112,1472,448,712,2048,1472,-64,448,777,787
2,7,896,1696,-128,32,1792,1696,768,896,1728,1696,768,896,33562,33563
2,7,768,1792,128,0,1792,1696,768,896,1856,1792,768,896,789,33564
2,7,912,1792,0,-96,1792,1696,896,912,1792,1696,912,920,33566,33567
2,7,920,1696,0,96,1792,1696,920,936,1792,1696,896,920,33565,791
2,7,896,1856,0,-64,1856,1696,768,896,1792,1696,896,936,790,792
2,7,896,1680,-128,16,1696,1680,768,896,1696,1664,768,896,33568,33569
2,7,896,1664,-128,0,1696,1664,768,896,1664,1632,768,896,794,33570
2,7,896,1504,-32,0,1600,1504,864,936,1504,1472,896,905,33573,33574
2,7,864,1504,0,-32,1600,1472,768,864,1600,1472,864,936,33572,796
2,7,896,1600,-128,0,1632,1600,768,896,1600,1472,768,936,33571,797
2,7,896,1632,-128,0,1696,1632,768,896,1632,1472,768,936,795,798
2,7,936,1696,-16,0,1856,1696,768,936,1696,1472,768,936,793,799
2,7,768,1840,96,80,1920,1824,768,896,1968,1840,752,864,33575,33576
2,7,736,1856,0,128,1984,1856,736,816,1984,1856,712,736,33577,33578
2,7,752,1856,64,112,1968,1824,752,896,1984,1856,712,816,801,802
2,7,744,2112,0,-112,2112,2000,712,744,2112,2000,744,776,33580,33581
2,7,776,2000,0,112,2112,2000,776,808,2112,2000,712,776,33579,804
2,7,840,2000,0,112,2112,2000,840,872,2112,2000,808,840,33582,33583
2,7,904,2000,0,112,2112,2000,904,936,2112,2000,872,904,33584,33585
2,7,872,2112,0,-112,2112,2000,808,872,2112,2000,872,936,806,807
2,7,808,2112,0,-112,2112,2000,712,808,2112,2000,808,936,805,808
2,7,712,1984,24,0,1984,1824,712,896,2112,2000,712,936,803,809
2,7,768,1824,128,32,1856,1472,768,936,2112,1824,712,936,800,810
2,7,712,2112,0,-112,2112,1472,-64,712,2112,1472,712,936,788,811
2,7,936,1792,0,128,2112,1472,936,1536,2112,1472,-64,936,745,812
2,7,1344,1472,96,0,1472,768,-64,1536,2112,1472,-64,1536,708,813
2,7,1536,1824,0,32,2112,768,1536,3840,2112,768,-64,1536,608,814
2,7,2752,768,64,0,768,-768,-128,3840,2112,768,-64,3840,368,815
