episode,mission,partition_x,partition_y,partition_x_diff,partition_y_diff,rbox_top,rbox_bottom,rbox_left,rbox_right,lbox_top,lbox_bottom,lbox_left,lbox_right,rchild,lchild
3,1,-248,192,-8,-128,192,64,-352,-248,192,64,-256,-128,32768,32769
3,1,-64,64,0,128,192,64,-64,0,192,64,-128,-64,32770,32771
3,1,-128,192,0,-128,192,64,-352,-128,192,64,-128,0,0,1
3,1,-128,960,128,0,960,896,-284,0,1088,960,-352,-128,32772,32773
3,1,-248,896,-72,128,1088,896,-352,0,1024,1024,-352,-320,3,32774
3,1,0,208,-64,0,569,208,-64,0,208,192,-64,0,32775,32776
3,1,-128,256,-120,-64,526,192,-352,-128,256,192,-248,-128,32777,32778
3,1,-352,526,64,-22,526,192,-352,-128,800,480,-352,-64,6,32779
3,1,-64,192,0,16,569,192,-64,0,800,192,-352,-64,5,7
3,1,0,896,-248,0,1088,896,-352,0,800,192,-352,0,4,8
3,1,-128,192,64,0,192,64,-352,0,1088,192,-352,0,2,9
3,1,832,512,-64,0,549,512,768,832,512,176,288,832,32782,32783
3,1,768,512,-480,-280,832,232,24,832,549,176,288,832,32781,11
3,1,200,832,504,0,832,176,24,832,960,896,0,832,12,32784
3,1,0,192,128,-64,192,92,0,163,960,176,0,832,32780,13
3,1,163,92,28,-28,92,64,163,192,96,64,384,512,32786,32787
3,1,576,96,-64,0,448,96,320,832,96,64,163,512,32785,15
3,1,832,448,-512,-272,960,92,0,832,448,64,163,832,14,16
3,1,864,448,0,64,512,448,864,960,512,448,856,864,32789,32790
3,1,856,512,0,-64,512,448,832,856,512,448,856,960,32788,18
3,1,896,512,0,320,960,512,896,960,960,832,832,896,32791,32792
3,1,832,512,24,0,512,448,832,960,960,512,832,960,19,20
3,1,832,512,0,-64,960,64,0,832,960,448,832,960,17,21
3,1,0,208,0,-16,1088,64,-352,0,960,64,0,960,10,22
3,1,-504,112,152,-48,112,64,-504,-352,216,64,-504,-352,32794,32795
3,1,-352,192,-96,24,216,192,-448,-352,216,64,-504,-352,32793,24
3,1,-680,200,176,-88,200,112,-680,-504,280,112,-680,-448,32797,32798
3,1,-448,216,-120,64,280,216,-568,-448,280,112,-680,-448,32796,26
3,1,-504,112,56,104,216,64,-504,-352,280,112,-680,-448,25,27
3,1,-984,320,24,-256,467,64,-1152,-960,320,320,-984,-960,32800,32801
3,1,-896,64,-64,256,576,64,-996,-832,467,64,-1152,-960,32799,29
3,1,-568,280,-80,80,360,280,-648,-568,360,200,-752,-568,32803,32804
3,1,-752,288,72,-88,288,200,-752,-680,360,200,-752,-568,32802,31
3,1,-832,448,80,-160,448,288,-832,-752,448,288,-832,-648,32806,32807
3,1,-648,360,-56,88,448,360,-704,-648,448,288,-832,-648,32805,33
3,1,-752,288,104,72,360,200,-752,-568,448,288,-832,-648,32,34
3,1,-704,448,0,128,576,448,-704,-352,576,448,-832,-704,32808,32809
3,1,-832,448,128,0,448,200,-832,-568,576,448,-832,-352,35,36
3,1,-832,576,0,-128,576,64,-1152,-832,576,200,-832,-352,30,37
3,1,-680,200,112,80,280,64,-680,-352,576,64,-1152,-352,28,38
3,1,-768,1088,416,0,1088,1024,-832,-352,1136,1088,-832,-768,32810,32811
3,1,-704,640,-128,0,896,640,-896,-704,640,576,-832,-704,32812,32813
3,1,-352,736,-256,0,800,736,-608,-352,736,640,-704,-608,32814,32815
3,1,-608,800,256,0,800,640,-704,-352,896,800,-704,-608,42,32816
3,1,-704,640,0,-64,896,576,-896,-704,896,640,-704,-352,41,43
3,1,-352,1024,-480,0,1136,1024,-832,-352,896,576,-896,-352,40,44
3,1,-768,1152,-64,0,1744,1152,-832,-768,1152,1136,-832,-768,32817,32818
3,1,-768,1744,0,-24,1744,1136,-832,-768,1720,1152,-768,-512,46,32819
3,1,-832,1720,0,24,1744,1136,-832,-512,1720,1152,-1088,-832,47,32820
3,1,-832,1136,64,0,1136,576,-896,-352,1744,1136,-1088,-512,45,48
3,1,-704,576,208,0,576,64,-1152,-352,1744,576,-1088,-352,39,49
3,1,-352,64,0,128,1088,64,-352,960,1744,64,-1152,-352,23,50
3,1,-768,1792,0,-32,2008,1760,-832,-768,1984,1792,-768,-704,32821,32822
3,1,-768,1760,-64,0,2008,1760,-832,-704,1760,1744,-832,-768,52,32823
3,1,-896,1856,0,64,1984,1792,-896,-832,1920,1856,-904,-896,32825,32826
3,1,-904,1920,0,-64,1920,1856,-960,-904,1984,1792,-904,-832,32824,54
3,1,-832,1744,0,16,2008,1744,-832,-704,1984,1792,-960,-832,53,55
3,1,-768,2240,-64,0,2368,2240,-832,-768,2240,2176,-832,-768,32830,32831
3,1,-832,2176,64,0,2176,2016,-832,-768,2368,2176,-832,-768,32829,57
3,1,-768,2176,0,64,2368,2016,-768,-576,2368,2016,-832,-768,32828,58
3,1,-832,2240,0,-64,2368,2016,-1024,-832,2368,2016,-832,-576,32827,59
3,1,-832,2016,-64,0,2368,2016,-1024,-576,2016,2008,-832,-768,60,32832
3,1,-832,2008,64,0,2008,1744,-960,-704,2368,2008,-1024,-576,56,61
3,1,-832,1744,64,0,1744,64,-1152,960,2368,1744,-1024,-576,51,62
3,1,96,-1600,64,88,-1512,-1696,96,384,-1512,-1600,96,160,32833,32834
3,1,384,-1600,-64,-96,-1512,-1696,96,384,-1600,-1696,320,384,64,32835
3,1,160,-1696,-64,96,-1512,-1696,96,384,-1512,-1696,-536,160,65,32836
3,1,320,-1696,-160,0,-1512,-1696,-536,384,-1696,-1984,-352,572,66,32837
3,1,160,-1512,96,0,-1512,-1984,-536,572,-456,-1512,-768,320,67,32838
3,1,320,-1512,64,-88,-456,-1984,-768,572,-456,-1859,32,1152,68,32839
3,1,352,-456,0,8,-448,-456,352,1152,-448,-456,288,352,32841,32842
3,1,288,-448,0,-8,-448,-456,96,288,-448,-456,288,1152,32840,70
3,1,32,-448,0,-8,-448,-456,-768,32,-448,-456,32,96,32843,32844
3,1,96,-456,0,8,-448,-456,96,1152,-448,-456,-768,96,71,72
3,1,32,-456,64,0,-456,-1984,-768,1152,-448,-456,-768,1152,69,73
3,1,128,-432,128,0,-432,-448,128,256,-416,-432,128,256,32846,32847
3,1,256,-416,-128,0,64,-416,128,256,-416,-448,128,256,32845,75
3,1,256,-64,64,0,-64,-192,256,384,0,-64,320,384,32849,32850
3,1,384,0,0,64,64,-192,384,512,0,-192,256,384,32848,77
3,1,256,-432,0,-16,64,-448,128,256,64,-192,256,512,76,78
3,1,-128,0,-64,-96,0,-96,-192,-128,0,-192,-192,0,32852,32853
3,1,-192,-192,192,128,-64,-256,-192,0,0,-192,-192,0,32851,80
3,1,-768,-96,-128,160,64,-160,-896,-192,64,-192,-1098,-704,32855,32856
3,1,-704,-192,512,0,-192,-256,-885,-192,64,-192,-1098,-192,32854,82
3,1,-256,64,64,-160,64,-256,-1098,-192,64,-96,-256,-192,83,32857
3,1,-192,-192,0,96,0,-256,-192,0,64,-256,-1098,-192,81,84
3,1,0,32,-64,32,64,32,-64,0,64,0,-128,-128,32860,32861
3,1,96,-64,-96,96,32,-64,0,96,64,0,-128,0,32859,86
3,1,128,-128,-32,64,-64,-128,96,128,64,-64,-128,96,32858,87
3,1,-128,0,128,-64,64,-256,-1098,0,64,-128,-128,128,85,88
3,1,128,-416,0,288,64,-448,128,512,64,-256,-1098,128,79,89
3,1,-768,-448,800,0,-448,-1984,-768,1152,64,-448,-1098,512,74,90
3,1,-256,64,-96,0,2368,64,-1152,960,64,-1984,-1098,1152,63,91
