episode,mission,partition_x,partition_y,partition_x_diff,partition_y_diff,rbox_top,rbox_bottom,rbox_left,rbox_right,lbox_top,lbox_bottom,lbox_left,lbox_right,rchild,lchild
3,5,-1408,-896,-64,0,-832,-896,-1472,-1408,-896,-1024,-1472,-1280,32768,32769
3,5,-1408,-832,0,-64,-832,-896,-1472,-1408,-960,-1024,-1344,-1280,32771,32772
3,5,-1216,-1024,0,192,-832,-1024,-1216,-1032,-832,-1024,-1472,-1280,32770,1
3,5,-1408,-896,64,-64,-832,-1024,-1472,-1280,-832,-1024,-1472,-1032,0,2
3,5,-1024,-1024,0,192,-832,-1024,-1024,-832,-832,-1024,-1032,-1024,32773,32774
3,5,-1032,-832,0,-192,-832,-1024,-1472,-1032,-832,-1024,-1032,-832,3,4
3,5,-960,-808,64,0,-808,-832,-960,-896,-792,-808,-960,-896,32777,32778
3,5,-896,-792,-64,0,-768,-792,-960,-896,-792,-832,-960,-896,32776,6
3,5,-832,-768,-64,0,-512,-768,-960,-832,-768,-832,-960,-896,32775,7
3,5,-960,-768,-64,0,-512,-768,-1024,-960,-816,-824,-1016,-968,32779,32780
3,5,-984,-824,0,-8,-824,-832,-1000,-984,-824,-832,-984,-976,32782,32783
3,5,-1000,-824,0,-8,-824,-832,-1008,-1000,-824,-832,-1000,-976,32781,10
3,5,-1008,-824,-8,0,-512,-824,-1024,-960,-824,-832,-1008,-976,9,11
3,5,-1344,-768,-64,-64,-608,-832,-1472,-1344,-768,-768,-1344,-1280,32785,32786
3,5,-1216,-832,-64,64,-512,-832,-1440,-1088,-608,-832,-1472,-1280,32784,13
3,5,-1024,-768,0,256,-512,-832,-1024,-960,-512,-832,-1472,-1088,12,14
3,5,-960,-832,0,24,-512,-832,-960,-832,-512,-832,-1472,-960,8,15
3,5,-976,-832,16,0,-832,-1024,-1472,-832,-512,-832,-1472,-832,5,16
3,5,-832,-1040,-128,0,-1024,-1040,-960,-832,-1040,-1056,-960,-832,32787,32788
3,5,-1000,-1032,0,8,-1024,-1032,-1000,-984,-1024,-1032,-1008,-1000,32790,32791
3,5,-984,-1024,0,-8,-1024,-1032,-1008,-984,-1024,-1032,-984,-976,19,32792
3,5,-976,-1032,8,0,-1032,-1040,-1016,-968,-1024,-1032,-1008,-976,32789,20
3,5,-960,-1056,0,16,-1024,-1056,-960,-832,-1024,-1040,-1016,-968,18,21
3,5,-976,-1328,144,0,-1328,-1328,-976,-832,-1112,-1328,-1088,-832,32794,32795
3,5,-1088,-1216,112,-112,-1216,-1728,-1088,-832,-1112,-1328,-1088,-832,32793,23
3,5,-1088,-1216,24,24,-1112,-1728,-1088,-832,-1096,-1192,-1080,-984,24,32796
3,5,-960,-1088,128,0,-1088,-1112,-984,-832,-1080,-1088,-960,-832,32797,32798
3,5,-928,-1080,64,0,-1080,-1112,-984,-832,-1056,-1080,-960,-832,26,32799
3,5,-1000,-1096,16,-16,-1096,-1728,-1088,-832,-1056,-1112,-984,-832,25,27
3,5,-832,-1056,-128,0,-1024,-1056,-1016,-832,-1056,-1728,-1088,-832,22,28
3,5,-1008,-1024,-16,0,-512,-1024,-1472,-832,-1024,-1728,-1088,-832,17,29
3,5,-576,-992,-8,-16,-976,-1008,-616,-576,-992,-1024,-584,-544,32802,32803
3,5,-512,-1024,-32,16,-848,-1024,-640,-448,-976,-1024,-616,-544,32801,31
3,5,-552,-1024,32,-16,-976,-1056,-656,-520,-848,-1024,-640,-448,32800,32
3,5,-640,-960,-64,64,-736,-960,-768,-640,-832,-1024,-832,-704,32804,32805
3,5,-656,-992,8,16,-848,-1056,-656,-448,-736,-1024,-832,-640,33,34
3,5,-384,-1024,-128,0,-1024,-1024,-512,-384,-1024,-1048,-512,-384,32806,32807
3,5,-384,-1048,-128,0,-1024,-1048,-512,-384,-1048,-1064,-512,-384,36,32808
3,5,-520,-1040,-8,-16,-736,-1056,-832,-448,-1024,-1064,-512,-384,35,37
3,5,-656,-1496,16,24,-1472,-1496,-656,-640,-1472,-1496,-704,-640,32811,32812
3,5,-704,-1472,16,-24,-1472,-1496,-704,-688,-1472,-1496,-704,-640,32810,39
3,5,-688,-1496,32,0,-1496,-1728,-832,-384,-1472,-1496,-704,-640,32809,40
3,5,-704,-1464,0,-8,-1464,-1472,-704,-704,-1464,-1472,-704,-640,32814,32815
3,5,-640,-1472,0,8,-1464,-1472,-640,-640,-1464,-1472,-704,-640,32813,42
3,5,-704,-1472,64,0,-1472,-1728,-832,-384,-1464,-1472,-704,-640,41,43
3,5,-704,-1216,0,-248,-1216,-1464,-816,-704,-1088,-1464,-640,-384,32816,32817
3,5,-512,-1088,128,0,-1088,-1464,-816,-384,-1064,-1088,-512,-384,45,32818
3,5,-832,-1328,16,0,-1328,-1328,-832,-816,-1088,-1328,-832,-704,32819,32820
3,5,-728,-1192,24,-24,-1088,-1328,-832,-704,-1096,-1192,-808,-712,47,32821
3,5,-816,-1328,112,112,-1064,-1464,-816,-384,-1088,-1328,-832,-704,46,48
3,5,-704,-1464,64,0,-1464,-1728,-832,-384,-1064,-1464,-832,-384,44,49
3,5,-384,-1064,-128,0,-736,-1064,-832,-384,-1064,-1728,-832,-384,38,50
3,5,-768,-736,0,96,-512,-800,-768,-592,-544,-608,-792,-768,32822,32823
3,5,-808,-544,0,-64,-544,-608,-832,-808,-544,-608,-808,-792,32824,32825
3,5,-792,-608,0,64,-512,-800,-792,-592,-544,-608,-832,-792,52,53
3,5,-448,-896,64,0,-896,-896,-448,-384,-864,-880,-408,-384,32826,32827
3,5,-448,-832,-128,128,-512,-832,-576,-384,-704,-832,-576,-448,32830,32831
3,5,-576,-752,80,-80,-752,-848,-592,-496,-512,-832,-576,-384,32829,56
3,5,-640,-512,0,-192,-512,-704,-736,-640,-512,-848,-592,-384,32828,57
3,5,-408,-864,24,0,-864,-896,-448,-384,-512,-848,-736,-384,55,58
3,5,-552,-840,8,-8,-824,-848,-568,-544,-808,-840,-568,-536,32832,32833
3,5,-592,-800,8,-8,-800,-824,-592,-568,-792,-824,-584,-552,32834,32835
3,5,-568,-824,16,16,-808,-848,-568,-536,-792,-824,-592,-552,60,61
3,5,-568,-792,-24,24,-512,-896,-736,-384,-792,-848,-592,-536,59,62
3,5,-640,-704,48,-96,-512,-800,-832,-592,-512,-896,-736,-384,54,63
3,5,-544,-848,96,-48,-736,-1728,-832,-384,-512,-896,-832,-384,51,64
3,5,-832,-1040,0,-16,-512,-1728,-1472,-832,-512,-1728,-832,-384,30,65
3,5,512,-768,-128,0,-512,-768,384,672,-768,-792,512,576,32836,32837
3,5,512,-808,64,0,-808,-832,512,576,-792,-808,512,576,32839,32840
3,5,384,-832,128,0,-832,-1024,384,704,-792,-832,512,576,32838,68
3,5,576,-792,-64,0,-512,-792,384,672,-792,-1024,384,704,67,69
3,5,360,-608,0,64,-544,-608,360,384,-544,-608,344,360,32843,32844
3,5,344,-544,0,-64,-544,-608,320,344,-544,-608,344,384,32842,71
3,5,320,-512,0,-32,-512,-960,192,320,-544,-608,320,384,32841,72
3,5,320,-784,-64,-112,-512,-960,192,384,-832,-1024,256,384,73,32845
3,5,112,-832,16,16,-816,-832,112,128,-704,-816,128,192,32848,32849
3,5,104,-752,-48,-48,-704,-832,0,128,-704,-832,112,192,32847,75
3,5,128,-704,-128,-128,-512,-832,-144,128,-704,-832,0,192,32846,76
3,5,-96,-880,-32,0,-864,-880,-144,-96,-880,-896,-144,-128,32852,32853
3,5,0,-896,112,64,-832,-896,0,112,-864,-896,-144,-96,32851,78
3,5,-144,-896,16,0,-896,-1024,-144,192,-832,-896,-144,112,32850,79
3,5,24,-832,-24,0,-512,-832,-144,192,-832,-1024,-144,192,77,80
3,5,192,-704,0,192,-512,-1024,192,384,-512,-1024,-144,192,74,81
3,5,384,-544,0,32,-512,-1024,384,704,-512,-1024,-144,384,70,82
3,5,-248,-880,0,16,-864,-880,-248,-144,-864,-880,-384,-264,32854,32855
3,5,-144,-832,-16,0,-832,-832,-384,-144,-832,-840,-288,-160,32856,32857
3,5,-248,-864,104,0,-864,-880,-384,-144,-832,-840,-384,-144,84,85
3,5,-352,-896,0,16,-880,-896,-352,-336,-880,-896,-376,-352,32859,32860
3,5,-312,-896,0,16,-880,-896,-312,-296,-880,-896,-336,-312,32861,32862
3,5,-336,-880,0,-16,-880,-896,-376,-336,-880,-896,-336,-296,87,88
3,5,-176,-896,0,16,-880,-896,-176,-144,-880,-896,-192,-176,32863,32864
3,5,-200,-880,0,-16,-880,-896,-216,-200,-880,-896,-200,-192,32865,32866
3,5,-192,-896,0,16,-880,-896,-192,-144,-880,-896,-216,-192,90,91
3,5,-296,-880,0,-16,-880,-896,-376,-296,-880,-896,-216,-144,89,92
3,5,-376,-896,24,0,-896,-1024,-384,-144,-880,-896,-376,-144,32858,93
3,5,-216,-880,-32,0,-832,-880,-384,-144,-880,-1024,-384,-144,86,94
3,5,-144,-896,0,16,-512,-1024,-144,704,-832,-1024,-384,-144,83,95
3,5,-64,-1728,-320,0,-1504,-1728,-384,-64,-1728,-1776,-384,-64,32867,32868
3,5,-256,-1920,-128,0,-1776,-1920,-384,-64,-1920,-1936,-256,-192,32869,32870
3,5,-64,-1776,-320,0,-1504,-1776,-384,-64,-1776,-1936,-384,-64,97,98
3,5,-208,-1504,16,24,-1480,-1504,-208,-192,-1480,-1504,-256,-192,32872,32873
3,5,-256,-1480,16,-24,-1480,-1504,-256,-240,-1480,-1504,-256,-192,32871,100
3,5,-256,-1472,0,-8,-1472,-1480,-256,-256,-1472,-1480,-256,-192,32875,32876
3,5,-192,-1480,0,8,-1472,-1480,-192,-192,-1472,-1480,-256,-192,32874,102
3,5,-256,-1216,0,-256,-1088,-1472,-384,-256,-1088,-1472,-192,-64,32877,32878
3,5,-256,-1472,64,0,-1472,-1480,-256,-192,-1088,-1472,-384,-64,103,104
3,5,-256,-1480,64,0,-1480,-1504,-256,-192,-1088,-1480,-384,-64,101,105
3,5,-240,-1504,32,0,-1504,-1936,-384,-64,-1088,-1504,-384,-64,99,106
3,5,192,-1480,16,-24,-1480,-1504,192,208,-1480,-1504,192,256,32881,32882
3,5,240,-1504,16,24,-1480,-1504,240,640,-1480,-1504,192,256,32880,108
3,5,208,-1504,32,0,-1504,-1728,-64,640,-1480,-1504,192,640,32879,109
3,5,192,-1216,0,-256,-1088,-1480,-64,192,-1472,-1480,192,256,32884,32885
3,5,256,-1472,0,256,-1088,-1480,256,640,-1088,-1480,-64,256,32883,111
3,5,192,-1480,64,0,-1480,-1728,-64,640,-1088,-1480,-64,640,110,112
3,5,-64,-1728,0,-48,-1088,-1936,-384,-64,-1088,-1728,-64,640,107,113
3,5,64,-1048,-128,0,-1024,-1048,-64,64,-1048,-1064,-64,64,32887,32888
3,5,-64,-1064,128,0,-1064,-1088,-64,64,-1024,-1064,-64,64,32886,115
3,5,512,-1048,-128,0,-1024,-1048,384,512,-1048,-1064,384,512,32890,32891
3,5,384,-1064,128,0,-1064,-1088,384,512,-1024,-1064,384,512,32889,117
3,5,64,-1024,0,-24,-1024,-1088,-64,64,-1024,-1088,384,512,116,118
3,5,-160,-1040,0,16,-1024,-1040,-160,-144,-1024,-1040,-208,-160,32893,32894
3,5,-224,-1024,0,-16,-1024,-1040,-240,-224,-1024,-1040,-224,-208,32895,32896
3,5,-240,-1040,0,16,-1024,-1040,-240,-208,-1024,-1040,-288,-240,121,32897
3,5,-208,-1040,0,16,-1024,-1040,-208,-144,-1024,-1040,-288,-208,120,122
3,5,-144,-1040,32,0,-1040,-1056,-320,-112,-1024,-1040,-288,-144,32892,123
3,5,-64,-1088,0,24,-1024,-1088,-64,512,-1024,-1056,-320,-112,119,124
3,5,-64,-1088,128,0,-1088,-1936,-384,640,-1024,-1088,-320,512,114,125
3,5,-64,-1024,-80,0,-512,-1024,-384,704,-1024,-1936,-384,640,96,126
3,5,-384,-1048,0,-16,-512,-1728,-1472,-384,-512,-1936,-384,704,66,127
3,5,1536,192,0,192,384,192,1536,1560,384,192,1472,1536,32898,32899
3,5,1792,256,-192,128,384,256,1600,1792,384,192,1576,1792,32900,32901
3,5,1576,192,0,192,384,192,1576,1792,384,192,1560,1576,130,32902
3,5,1560,384,0,-192,384,192,1472,1560,384,192,1560,1792,129,131
3,5,1472,192,-128,0,384,192,1152,1472,192,64,1152,1344,32903,32904
3,5,1152,352,0,32,384,64,1152,1472,352,224,1128,1152,133,32905
3,5,1096,352,16,0,352,224,1096,1112,384,352,1080,1096,32906,32907
3,5,1112,352,0,-128,384,224,1080,1112,352,224,1112,1128,135,32908
3,5,1128,224,-16,0,384,224,1080,1128,224,-389,573,1096,136,32909
3,5,1128,224,0,128,384,64,1128,1472,384,-389,573,1128,134,137
3,5,1472,192,0,192,384,192,1472,1792,384,-389,573,1472,132,138
3,5,864,264,0,120,384,264,864,864,384,264,776,784,32910,32911
3,5,768,336,0,-16,336,320,768,768,336,320,768,776,32912,32913
3,5,768,352,0,-16,352,336,768,768,352,336,768,776,32914,32915
3,5,768,336,8,0,336,320,768,776,352,336,768,776,141,142
3,5,768,384,0,-16,384,352,768,768,368,352,768,776,32916,32917
3,5,768,352,8,0,352,320,768,776,384,352,768,776,143,144
3,5,768,288,0,-16,288,264,768,768,288,272,768,776,32918,32919
3,5,768,296,0,-8,296,288,768,768,296,288,768,776,32920,32921
3,5,768,320,0,-8,320,296,768,768,312,296,768,776,32922,32923
3,5,768,296,8,0,296,288,768,776,320,296,768,776,147,148
3,5,768,288,8,0,288,264,768,776,320,288,768,776,146,149
3,5,776,320,-8,0,384,320,768,776,320,264,768,776,145,150
3,5,776,320,0,16,384,264,776,864,384,264,768,776,140,151
3,5,768,192,-64,-128,192,-176,416,768,192,64,704,784,32925,32926
3,5,728,64,56,112,176,64,728,808,192,-176,416,784,32924,153
3,5,768,208,0,-16,264,192,768,768,264,208,768,776,32927,32928
3,5,864,192,0,72,264,192,864,864,248,224,776,784,32929,32930
3,5,776,224,0,-16,264,192,768,776,264,192,776,864,155,156
3,5,768,192,16,0,192,-176,416,808,264,192,768,864,154,157
3,5,416,-272,160,80,-192,-448,416,576,0,-192,576,768,32931,32932
3,5,464,-448,-48,0,0,-448,416,768,-448,-472,416,464,159,32933
3,5,416,-488,48,0,-488,-512,416,464,-472,-488,416,464,32934,32935
3,5,464,-472,-48,0,0,-472,416,768,-472,-512,416,464,160,161
3,5,512,-128,-96,-48,264,-176,416,864,0,-512,416,768,158,162
3,5,784,264,-8,0,384,264,768,864,264,-512,416,864,152,163
3,5,768,0,96,192,384,-389,573,1792,384,-512,416,864,139,164
3,5,-128,320,16,0,320,256,-192,-112,384,320,-192,-128,32938,32939
3,5,-112,320,0,64,384,256,-112,0,384,256,-192,-112,32937,166
3,5,-192,176,64,0,176,64,-192,-128,256,192,-192,-128,32940,32941
3,5,-128,176,16,0,176,64,-128,-16,256,176,-112,0,32942,32943
3,5,-128,256,0,-64,256,64,-192,-128,256,64,-128,0,168,169
3,5,-112,256,-16,0,384,256,-192,0,256,64,-192,0,167,170
3,5,-128,64,128,128,192,64,-128,0,384,64,-192,0,32936,171
3,5,-320,192,0,64,256,192,-320,-192,256,192,-448,-336,32945,32946
3,5,-256,176,0,16,192,176,-256,-192,192,176,-448,-336,32948,32949
3,5,-336,176,80,0,176,64,-432,-192,192,176,-448,-192,32947,174
3,5,-256,192,-64,0,256,192,-448,-192,192,64,-448,-192,173,175
3,5,-448,192,128,-128,192,64,-448,-320,256,64,-448,-192,32944,176
3,5,-336,384,0,-64,384,256,-448,-336,320,256,-336,-320,32951,32952
3,5,-320,320,0,64,384,256,-320,-256,384,256,-448,-320,32950,178
3,5,-192,320,-64,0,320,320,-256,-192,320,256,-256,-192,32953,32954
3,5,-256,320,0,-64,384,256,-448,-256,320,256,-256,-192,179,180
3,5,-256,256,64,0,256,64,-448,-192,384,256,-448,-192,177,181
3,5,-192,256,0,64,384,64,-192,0,384,64,-448,-192,172,182
3,5,-288,0,0,48,48,-256,-288,-160,0,-213,-320,-288,32957,32958
3,5,-160,48,0,-48,48,-256,-320,-160,0,-213,-160,-128,184,32959
3,5,-224,-288,96,32,-256,-288,-224,-128,48,-256,-320,-128,32956,185
3,5,-320,-256,96,-32,-256,-288,-320,-224,48,-288,-320,-128,32955,186
3,5,-288,48,128,0,48,-288,-320,-128,64,48,-288,-160,187,32960
3,5,-320,64,-64,-256,64,-192,-384,-320,-192,-256,-384,-320,32961,32962
3,5,-320,-192,0,128,64,-288,-320,-128,64,-256,-384,-320,188,189
3,5,-128,-256,64,64,-192,-256,-128,-64,64,-192,-128,-64,32963,32964
3,5,-128,-64,0,-128,64,-288,-384,-128,64,-256,-128,-64,190,191
3,5,-288,64,-32,0,384,64,-448,0,64,-288,-384,-64,183,192
3,5,64,224,-48,0,352,224,16,320,224,192,64,277,32965,32966
3,5,16,352,48,0,352,192,16,320,384,352,64,277,194,32967
3,5,16,224,0,128,384,192,16,320,352,224,0,16,195,32968
3,5,0,192,256,-64,192,-320,0,320,192,128,256,320,32969,32970
3,5,256,192,-128,0,384,192,0,320,192,-320,0,320,196,197
3,5,192,-320,0,-128,-320,-448,128,192,-320,-448,192,320,32971,32972
3,5,288,-472,-64,0,-448,-472,224,288,-472,-488,224,288,32974,32975
3,5,224,-488,64,0,-488,-512,224,288,-448,-488,224,288,32973,200
3,5,224,-512,0,24,-448,-512,224,288,-448,-512,128,128,201,32976
3,5,320,-448,-32,0,-320,-448,128,320,-448,-512,128,288,199,202
3,5,320,-320,-128,0,384,-320,0,320,-320,-512,128,320,198,203
3,5,384,-448,0,32,-352,-448,384,416,-352,-416,360,384,32977,32978
3,5,344,-352,0,-64,-352,-416,320,344,-352,-416,344,360,32979,32980
3,5,360,-416,0,64,-352,-448,360,416,-352,-416,320,360,205,206
3,5,320,192,32,96,288,-224,320,416,384,288,320,352,32982,32983
3,5,384,-288,32,16,-272,-352,384,416,384,-224,320,416,32981,208
3,5,360,-352,24,0,-352,-448,320,416,384,-352,320,416,207,209
3,5,320,-320,0,-32,384,-512,0,320,384,-448,320,416,204,210
3,5,0,224,0,-32,384,-288,-448,0,384,-512,0,416,193,211
3,5,416,-488,0,16,384,-512,416,1792,384,-512,-448,416,165,212
3,5,-1392,-64,-32,-32,-64,-96,-1424,-1392,-144,-176,-1424,-1392,32989,32990
3,5,-1344,-64,-48,0,-64,-64,-1392,-1344,-64,-176,-1424,-1392,32988,214
3,5,-1312,-96,-32,32,-64,-96,-1344,-1312,-64,-176,-1424,-1344,32987,215
3,5,-1344,-176,32,32,-144,-176,-1344,-1312,-64,-176,-1424,-1312,32986,216
3,5,-1392,-176,48,0,-176,-176,-1392,-1344,-64,-176,-1424,-1312,32985,217
3,5,-1424,-96,0,-48,0,-224,-1536,-1424,-64,-176,-1424,-1312,32984,218
3,5,-1568,-160,16,0,-160,-224,-1568,-1552,0,-64,-1568,-1552,32991,32992
3,5,-1552,-192,16,0,-192,-224,-1552,-1536,0,-32,-1552,-1536,32993,32994
3,5,-1552,-192,0,-32,0,-224,-1568,-1552,0,-224,-1552,-1536,220,221
3,5,-1536,-224,0,32,0,-224,-1536,-1312,0,-224,-1568,-1536,219,222
3,5,-1536,-448,0,96,-320,-448,-1536,-1312,-320,-352,-1552,-1536,32996,32997
3,5,-1536,-320,0,32,-288,-320,-1536,-1536,-288,-320,-1552,-1536,32998,32999
3,5,-1552,-320,16,0,-320,-448,-1552,-1312,-288,-320,-1552,-1536,224,225
3,5,-1536,-288,0,32,-256,-288,-1536,-1536,-256,-288,-1552,-1536,33000,33001
3,5,-1536,-256,0,32,-224,-256,-1536,-1536,-224,-256,-1552,-1536,33002,33003
3,5,-1552,-256,16,0,-256,-288,-1552,-1536,-224,-256,-1552,-1536,227,228
3,5,-1552,-288,16,0,-288,-448,-1552,-1312,-224,-288,-1552,-1536,226,229
3,5,-1552,-320,0,-32,-224,-384,-1568,-1552,-224,-448,-1552,-1312,32995,230
3,5,-1536,-224,-16,0,0,-224,-1568,-1312,-224,-448,-1568,-1312,223,231
3,5,-1536,0,0,32,32,0,-1536,-1536,32,0,-1552,-1536,33005,33006
3,5,-1536,32,0,32,64,32,-1536,-1536,64,32,-1552,-1536,33007,33008
3,5,-1552,32,16,0,32,0,-1552,-1536,64,32,-1552,-1536,233,234
3,5,-1536,64,0,32,96,64,-1536,-1536,96,64,-1552,-1536,33009,33010
3,5,-1536,128,0,32,160,96,-1536,-1536,128,96,-1552,-1536,33011,33012
3,5,-1552,96,16,0,96,64,-1552,-1536,160,96,-1552,-1536,236,237
3,5,-1552,64,16,0,64,0,-1552,-1536,160,64,-1552,-1536,235,238
3,5,-1552,160,0,-32,160,0,-1568,-1552,160,0,-1552,-1536,33004,239
3,5,-1456,288,-32,-32,288,256,-1488,-1456,208,176,-1488,-1456,33019,33020
3,5,-1408,288,-48,0,288,288,-1456,-1408,288,176,-1488,-1456,33018,241
3,5,-1376,256,-32,32,288,256,-1408,-1376,288,176,-1488,-1408,33017,242
3,5,-1408,176,32,32,208,176,-1408,-1376,288,176,-1488,-1376,33016,243
3,5,-1456,176,48,0,176,176,-1456,-1408,288,176,-1488,-1376,33015,244
3,5,-1376,208,0,48,384,192,-1376,-1312,288,176,-1488,-1376,33014,245
3,5,-1488,256,0,-48,384,160,-1536,-1488,384,176,-1488,-1312,33013,246
3,5,-2128,384,16,-32,384,256,-2240,-2112,384,288,-1568,-1552,33021,33022
3,5,-1552,352,16,0,352,320,-1552,-1536,384,352,-1552,-1536,33023,33024
3,5,-1552,320,0,-32,384,256,-2240,-1552,384,320,-1552,-1536,248,249
3,5,-1536,160,0,160,384,160,-1536,-1312,384,256,-2240,-1536,247,250
3,5,-1568,160,16,0,160,0,-1568,-1536,384,160,-2240,-1312,240,251
3,5,-1552,0,16,0,0,-448,-1568,-1312,384,0,-2240,-1312,232,252
3,5,-512,352,48,0,352,224,-768,-464,384,352,-725,-512,33025,33026
3,5,-464,224,-48,0,384,224,-768,-464,224,192,-725,-512,254,33027
3,5,-464,352,0,-128,384,192,-768,-464,352,224,-464,-448,255,33028
3,5,-768,192,64,-64,192,-320,-768,-640,192,128,-704,-448,33029,33030
3,5,-576,192,-128,0,384,192,-768,-448,192,-320,-768,-448,256,257
3,5,-640,-448,0,128,-320,-448,-640,-576,-320,-448,-768,-640,33031,33032
3,5,-672,-472,-64,0,-448,-472,-736,-672,-472,-488,-736,-672,33034,33035
3,5,-736,-488,64,0,-488,-512,-736,-672,-448,-488,-736,-672,33033,260
3,5,-672,-448,0,-24,-448,-512,-736,-672,-448,-512,-576,-576,261,33036
3,5,-736,-448,-32,0,-320,-448,-768,-576,-448,-512,-736,-576,259,262
3,5,-640,-320,-128,0,384,-320,-768,-448,-320,-512,-768,-576,258,263
3,5,-1296,-280,0,-48,-280,-328,-1296,-1296,-328,-360,-1296,-1264,33043,33044
3,5,-1264,-248,-32,-32,-248,-280,-1296,-1264,-280,-360,-1296,-1264,33042,265
3,5,-1216,-248,-48,0,-248,-248,-1264,-1216,-248,-360,-1296,-1264,33041,266
3,5,-1184,-328,0,48,-280,-328,-1184,-1184,-248,-360,-1296,-1216,33040,267
3,5,-1216,-360,32,32,-328,-360,-1216,-1184,-248,-360,-1296,-1184,33039,268
3,5,-1264,-360,48,0,-360,-360,-1264,-1216,-248,-360,-1296,-1184,33038,269
3,5,-1184,-280,-32,32,-96,-416,-1312,-832,-248,-360,-1296,-1184,33037,270
3,5,-792,-416,0,64,-352,-416,-792,-768,-352,-416,-808,-792,33046,33047
3,5,-808,-352,0,-64,-352,-416,-832,-808,-352,-416,-808,-768,33045,272
3,5,-832,-288,0,-64,-96,-416,-1312,-832,-352,-416,-832,-768,271,273
3,5,-792,288,24,-96,384,-224,-1216,-768,384,288,-792,-768,33048,33049
3,5,-768,-224,-192,96,384,-224,-1216,-768,0,-192,-1216,-1024,275,33050
3,5,-1312,192,96,-192,192,0,-1312,-1216,320,256,-1224,-1216,33051,33052
3,5,-1216,192,0,64,384,-224,-1216,-768,320,0,-1312,-1216,276,277
3,5,-1024,-192,192,-96,-96,-416,-1312,-768,384,-224,-1312,-768,274,278
3,5,-832,-448,-32,0,-416,-448,-1312,-832,-448,-472,-928,-864,33053,33054
3,5,-928,-488,64,0,-488,-512,-928,-864,-472,-488,-928,-864,33055,33056
3,5,-864,-472,-64,0,-416,-472,-1312,-832,-472,-512,-928,-864,280,281
3,5,-768,-416,-24,0,384,-416,-1312,-768,-416,-512,-1312,-832,279,282
3,5,-768,-320,0,96,384,-512,-768,-448,384,-512,-1312,-768,264,283
3,5,-1312,384,0,-192,384,-448,-2240,-1312,384,-512,-1312,-448,253,284
3,5,-448,352,0,32,384,-512,-448,1792,384,-512,-2240,-448,213,285
3,5,288,-512,32,0,-512,-1936,-1472,704,384,-512,-2240,1792,128,286
3,5,320,384,-64,64,896,384,192,320,448,432,192,256,33057,33058
3,5,192,896,128,0,896,384,192,320,1024,896,192,320,288,33059
3,5,576,768,-192,96,1024,768,384,576,768,576,576,768,33062,33063
3,5,864,384,-96,192,972,384,569,1080,1024,576,384,768,33061,290
3,5,960,640,120,-256,1024,384,384,1080,448,384,1152,1152,291,33064
3,5,512,704,192,-192,789,384,384,768,1024,384,384,1152,33060,292
3,5,360,928,0,64,992,928,360,384,992,928,344,360,33066,33067
3,5,344,992,0,-64,992,928,320,344,992,928,344,384,33065,294
3,5,384,928,-24,0,992,928,320,384,832,789,320,384,295,33068
3,5,384,864,0,64,1024,384,384,1152,992,789,320,384,293,296
3,5,320,928,0,-32,1024,384,192,320,1024,384,320,1152,289,297
3,5,1232,544,0,-8,544,536,1216,1232,544,536,1232,1264,33073,33074
3,5,1264,544,-32,0,576,544,1216,1264,544,536,1216,1264,33072,299
3,5,1264,536,0,8,576,536,1264,1280,576,536,1216,1264,33071,300
3,5,1232,536,32,0,536,512,1216,1280,576,536,1216,1280,33070,301
3,5,1216,512,64,0,512,448,1152,1336,576,512,1216,1280,33069,302
3,5,1216,600,64,0,600,576,1216,1280,608,600,1216,1280,33075,33076
3,5,1216,576,64,0,576,448,1152,1336,608,576,1216,1280,303,304
3,5,1216,640,64,0,640,608,1216,1280,704,640,1216,1280,33079,33080
3,5,1216,704,0,-64,704,608,1192,1216,704,608,1216,1280,33078,306
3,5,1280,640,0,64,704,608,1280,1304,704,608,1192,1280,33077,307
3,5,1304,832,0,-64,832,768,1296,1304,832,768,1304,1336,33082,33083
3,5,1296,832,0,-64,872,736,896,1296,832,768,1296,1336,33081,309
3,5,1280,704,24,0,704,608,1192,1304,872,736,896,1336,308,310
3,5,1216,608,64,0,608,448,1152,1336,872,608,896,1336,305,311
3,5,1664,896,0,-192,896,704,1472,1664,896,704,1664,1792,33084,33085
3,5,1472,896,192,0,896,704,1472,1792,1024,896,1472,1728,313,33086
3,5,1472,704,0,192,1024,704,1472,1792,960,704,1344,1472,314,33087
3,5,1600,384,0,64,704,384,1600,1792,704,448,1344,1600,33088,33089
3,5,1664,704,-192,0,1024,704,1344,1792,704,384,1344,1792,315,316
3,5,1336,448,8,-64,448,384,1336,1344,832,768,1336,1344,33090,33091
3,5,1344,768,0,64,1024,384,1344,1792,832,384,1336,1344,317,318
3,5,1944,832,0,-32,832,704,1792,1944,800,736,1944,1952,33093,33094
3,5,1952,800,0,32,896,640,1952,2112,832,704,1792,1952,33092,320
3,5,1792,704,0,-320,1024,384,1336,1792,896,640,1792,2112,319,321
3,5,1336,832,0,-64,872,448,896,1336,1024,384,1336,2112,312,322
3,5,704,896,256,-256,1024,384,192,1152,1024,384,896,2112,298,323
3,5,480,1088,-64,0,1190,1088,416,960,1088,1064,416,480,33095,33096
3,5,416,1056,64,0,1056,1024,416,480,1064,1056,416,480,33097,33098
3,5,480,1064,-64,0,1190,1064,416,960,1064,1024,416,480,325,326
3,5,360,1120,0,64,1184,1120,360,384,1184,1120,352,360,33100,33101
3,5,384,1088,0,32,1446,1088,384,416,1184,1120,352,384,33099,328
3,5,416,1024,0,32,1190,1024,416,960,1446,1088,352,416,327,329
3,5,320,1120,0,-32,1531,1088,192,320,1184,1120,320,352,33102,33103
3,5,288,1064,-64,0,1088,1064,224,288,1064,1048,224,288,33105,33106
3,5,224,1048,64,0,1048,1024,224,288,1088,1048,224,288,33104,332
3,5,224,1088,-32,0,1531,1088,192,352,1088,1024,224,288,331,333
3,5,352,1120,0,64,1446,1024,352,960,1531,1024,192,352,330,334
3,5,768,1472,64,0,1472,1472,768,832,1536,1472,768,832,33110,33111
3,5,832,1536,-64,0,1664,1536,768,832,1536,1472,768,832,33109,336
3,5,832,1472,0,64,1664,1190,832,960,1664,1472,768,832,33108,337
3,5,768,1536,0,-64,1664,1446,384,768,1664,1190,768,960,33107,338
3,5,960,1664,0,-473,1664,1190,384,960,1504,1096,1472,1600,339,33112
3,5,1600,1088,-64,0,1096,1088,1536,1600,1088,1032,1536,1600,33113,33114
3,5,1600,1032,-64,0,1096,1032,1536,1600,1032,1024,1536,1600,341,33115
3,5,1600,1096,-64,0,1664,1096,384,1600,1096,1024,1536,1600,340,342
3,5,512,2240,-56,0,2304,2240,456,512,2176,2112,456,512,33116,33117
3,5,456,2304,56,0,2304,2112,456,512,2432,2368,456,512,344,33118
3,5,448,2240,-256,0,2304,2240,192,448,2176,2112,192,448,33120,33121
3,5,448,2368,-256,0,2432,2368,192,448,2304,2112,192,448,33119,346
3,5,456,2240,-8,0,2304,2240,448,456,2176,2112,448,456,33122,33123
3,5,448,2304,8,0,2304,2112,448,456,2432,2368,448,456,348,33124
3,5,448,2304,0,-64,2432,2112,192,448,2432,2112,448,456,347,349
3,5,456,2240,0,64,2432,2112,456,512,2432,2112,192,456,345,350
3,5,384,1664,576,0,1664,1024,384,1600,2432,2112,192,512,343,351
3,5,192,1531,80,-35,1531,1024,192,960,2432,1024,192,1600,335,352
3,5,224,1024,64,0,1024,384,192,2112,2432,1024,192,1600,324,353
3,5,128,2688,0,-64,2688,2624,-576,128,2688,2624,128,192,33126,33127
3,5,-576,2624,0,64,2688,2624,-576,192,2688,2624,-640,-576,355,33128
3,5,-448,2560,0,64,2624,2496,-448,0,2560,2496,-512,-448,33129,33130
3,5,0,2624,0,-64,2624,2496,-512,0,2560,2496,0,64,357,33131
3,5,128,2624,-128,0,2688,2624,-640,192,2624,2496,-512,64,356,358
3,5,-640,2496,128,0,2496,2048,-640,192,2688,2496,-640,192,33125,359
3,5,-448,1984,0,64,2048,1984,-448,0,2048,1984,-512,-448,33132,33133
3,5,0,2048,0,-64,2048,1984,-512,0,2048,1984,0,64,361,33134
3,5,-448,1856,0,128,1984,1856,-448,0,1984,1920,-512,-456,33135,33136
3,5,-456,1984,-56,0,2048,1984,-512,64,1984,1856,-512,0,362,363
3,5,-256,1824,0,-16,1824,1808,-280,-256,1824,1808,-256,-232,33138,33139
3,5,-192,1824,0,-16,1824,1808,-216,-192,1824,1808,-192,-168,33141,33142
3,5,-216,1824,0,-16,1824,1808,-232,-216,1824,1808,-216,-168,33140,366
3,5,-232,1824,0,-16,1824,1808,-280,-232,1824,1808,-232,-168,365,367
3,5,-168,1824,-24,0,1856,1824,-280,-168,1824,1808,-280,-168,33137,368
3,5,-280,1856,-168,0,2048,1856,-512,64,1856,1808,-280,-168,364,369
3,5,64,2048,-64,0,2688,2048,-640,192,2048,1808,-512,64,360,370
3,5,-448,1600,128,128,1728,1600,-448,-320,1744,1600,-464,-320,33145,33146
3,5,-336,1744,-128,-128,1792,1616,-512,-336,1744,1600,-464,-320,33144,372
3,5,-320,1728,40,80,1808,1600,-320,0,1792,1600,-512,-320,33143,373
3,5,0,1600,0,-40,1600,1536,-192,0,1560,1536,0,182,33148,33149
3,5,-256,1600,0,-64,1600,1536,-608,-256,1600,1536,-248,-200,33150,33151
3,5,-192,1536,0,64,1600,1536,-192,182,1600,1536,-608,-200,375,376
3,5,-256,1536,8,0,1536,1432,-640,192,1600,1536,-608,182,33147,377
3,5,-192,1600,-8,0,1808,1600,-512,0,1600,1432,-640,192,374,378
3,5,-640,1024,64,0,1024,832,-640,-224,1408,1024,-576,-160,33152,33153
3,5,-448,1408,160,0,1408,832,-640,-160,1416,1408,-288,-160,380,33154
3,5,-552,1432,-56,-56,1432,1376,-608,-552,1376,1280,-640,-608,33156,33157
3,5,-576,1304,104,104,1408,1280,-576,-448,1432,1280,-640,-552,33155,382
3,5,-576,1280,128,128,1416,832,-640,-160,1432,1280,-640,-448,381,383
3,5,128,1280,0,-256,1408,1024,-160,128,1024,1002,128,192,33158,33159
3,5,192,1280,-16,104,1384,1280,176,192,1432,1384,128,176,33161,33162
3,5,24,1408,104,-104,1408,1280,0,128,1432,1280,128,192,33160,386
3,5,0,1408,128,-128,1408,1002,-160,192,1432,1280,0,192,385,387
3,5,-160,1416,0,-8,1432,832,-640,-160,1432,1002,-160,192,384,388
3,5,128,1432,-680,0,1808,1432,-640,192,1432,832,-640,192,379,389
3,5,-112,384,0,16,400,384,-112,0,400,384,-256,-192,33166,33167
3,5,-112,400,-80,0,512,400,-256,-16,400,384,-256,0,33165,391
3,5,-256,400,-80,0,512,400,-432,-256,400,384,-448,-336,33168,33169
3,5,-256,384,0,16,512,384,-256,0,512,384,-448,-256,392,393
3,5,0,384,-128,128,512,384,-128,192,512,384,-448,0,33164,394
3,5,-320,512,-128,-128,512,384,-640,-320,512,384,-448,192,33163,395
3,5,-160,576,0,-48,832,528,-288,-160,789,576,-160,-128,33171,33172
3,5,-288,528,0,48,832,528,-288,-128,789,576,-320,-288,397,33173
3,5,-128,832,-96,32,864,832,-224,-128,832,528,-320,-128,33170,398
3,5,-160,528,-128,0,864,528,-320,-128,528,512,-288,-160,399,33174
3,5,-320,832,-64,-64,832,768,-384,-320,768,512,-384,-320,33175,33176
3,5,-320,640,0,128,864,512,-320,-128,832,512,-384,-320,400,401
3,5,-128,512,64,256,1002,512,-128,192,832,768,-128,-64,33177,33178
3,5,-128,768,0,-128,864,512,-384,-128,1002,512,-128,192,402,403
3,5,-160,512,32,0,512,384,-640,192,1002,512,-384,192,396,404
3,5,-224,864,-96,-32,1808,832,-640,192,1002,384,-640,192,390,405
3,5,-256,1808,-24,0,2688,1808,-640,192,1808,384,-640,192,371,406
3,5,192,1088,0,192,2432,384,192,2112,2688,384,-640,192,354,407
3,5,-1336,632,-48,0,632,632,-1384,-1336,552,520,-1416,-1384,33185,33186
3,5,-1304,600,-32,32,632,600,-1336,-1304,632,520,-1416,-1336,33184,409
3,5,-1304,552,0,48,600,552,-1304,-1304,632,520,-1416,-1304,33183,410
3,5,-1384,520,48,0,520,520,-1384,-1336,632,520,-1416,-1304,33182,411
3,5,-1336,520,32,32,576,384,-1336,-1216,632,520,-1416,-1304,33181,412
3,5,-1416,600,0,-48,600,384,-1536,-1416,632,384,-1416,-1216,33180,413
3,5,-1384,632,-32,-32,768,480,-1536,-1384,632,384,-1536,-1216,33179,414
3,5,-1408,896,-16,0,960,896,-1536,-1408,896,784,-1536,-1424,33188,33189
3,5,-1408,768,0,128,960,768,-1408,-1296,960,784,-1536,-1408,33187,416
3,5,-1408,960,0,16,1056,960,-1408,-1296,1056,976,-1536,-1408,33190,33191
3,5,-1536,960,128,0,960,768,-1536,-1296,1056,960,-1536,-1296,417,418
3,5,-1296,832,144,0,832,832,-1296,-1152,848,832,-1152,-1152,33193,33194
3,5,-1152,848,-128,0,1024,848,-1280,-992,848,832,-1296,-1152,33192,420
3,5,-1120,1048,64,0,1048,1024,-1120,-1056,1064,1048,-1120,-1056,33195,33196
3,5,-1280,1024,160,0,1024,832,-1296,-992,1064,1024,-1120,-1056,421,422
3,5,-1296,1056,0,-224,1056,768,-1536,-1296,1064,832,-1296,-992,419,423
3,5,-1536,768,128,0,768,384,-1536,-1216,1064,768,-1536,-992,415,424
3,5,-640,432,-64,16,896,432,-768,-640,448,384,-768,-704,33197,33198
3,5,-768,896,128,0,896,384,-768,-640,1024,896,-768,-640,426,33199
3,5,-736,1048,64,0,1048,1024,-736,-672,1064,1048,-736,-672,33200,33201
3,5,-768,1024,32,0,1024,384,-768,-640,1064,1024,-736,-672,427,428
3,5,-832,992,0,-64,992,928,-832,-832,992,928,-832,-808,33202,33203
3,5,-792,928,0,64,992,928,-792,-768,992,928,-808,-792,33204,33205
3,5,-808,992,0,-64,992,928,-832,-808,992,928,-808,-768,430,431
3,5,-832,864,-192,-96,928,768,-1024,-832,768,576,-1216,-1024,33207,33208
3,5,-1152,512,192,192,808,384,-1216,-768,928,576,-1216,-832,33206,433
3,5,-768,928,-24,0,992,928,-832,-768,928,384,-1216,-768,432,434
3,5,-928,1048,64,0,1048,1024,-928,-864,1064,1048,-928,-864,33210,33211
3,5,-992,1024,64,0,1024,992,-992,-832,1064,1024,-928,-864,33209,436
3,5,-832,992,24,0,992,384,-1216,-768,1064,992,-992,-832,435,437
3,5,-768,896,0,32,1064,384,-768,-640,1064,384,-1216,-768,429,438
3,5,-1216,576,-96,-192,1064,384,-1536,-992,1064,384,-1216,-640,425,439
3,5,-2208,416,-32,32,448,416,-2240,-2208,448,448,-2304,-2240,33214,33215
3,5,-2224,384,16,32,416,384,-2224,-2128,448,416,-2304,-2208,33213,441
3,5,-2304,448,-32,-64,512,384,-2432,-2304,448,384,-2304,-2128,33212,442
3,5,-2048,448,-64,0,448,448,-2112,-2048,448,416,-2144,-2112,33217,33218
3,5,-2016,384,-32,64,512,384,-2048,-1920,448,416,-2144,-2048,33216,444
3,5,-2144,416,16,-32,512,384,-2432,-2128,512,384,-2144,-1920,443,445
3,5,-2496,704,64,-64,704,512,-2688,-2432,672,640,-2432,-2368,33220,33221
3,5,-2432,576,-64,-64,704,512,-2688,-2368,576,544,-2432,-2368,447,33222
3,5,-2368,512,0,32,704,512,-2368,-2368,704,512,-2688,-2368,33219,448
3,5,-2432,480,64,32,512,384,-2432,-1920,704,512,-2688,-2368,446,449
3,5,-2144,800,32,-32,800,768,-2144,-2112,768,768,-2112,-2048,33224,33225
3,5,-2112,864,-32,-64,960,800,-2240,-2112,800,768,-2144,-2048,33223,451
3,5,-2176,960,64,-96,960,768,-2240,-2048,832,704,-2048,-1920,452,33226
3,5,-2304,768,64,0,768,768,-2304,-2240,800,768,-2240,-2208,33228,33229
3,5,-2336,832,32,-64,832,704,-2432,-2304,800,768,-2304,-2208,33227,454
3,5,-2208,800,-32,64,960,704,-2240,-1920,832,704,-2432,-2208,453,455
3,5,-1984,672,0,-128,704,512,-1984,-1984,672,544,-1984,-1960,33230,33231
3,5,-1944,544,0,128,672,544,-1944,-1920,672,544,-1960,-1944,33232,33233
3,5,-1960,672,0,-128,704,512,-1984,-1960,672,544,-1960,-1920,457,458
3,5,-1920,736,-64,-32,960,704,-2432,-1920,704,512,-1984,-1920,456,459
3,5,-1984,512,64,-32,704,384,-2688,-1920,960,512,-2432,-1920,450,460
3,5,-1640,664,0,-120,664,544,-1664,-1640,664,544,-1640,-1624,33236,33237
3,5,-1624,544,0,120,664,544,-1624,-1600,664,544,-1664,-1624,33235,462
3,5,-1664,664,0,-120,704,512,-1920,-1664,664,544,-1664,-1600,33234,463
3,5,-1552,416,16,0,416,384,-1552,-1536,448,416,-1552,-1536,33240,33241
3,5,-1552,448,16,0,448,384,-1552,-1536,480,448,-1552,-1536,465,33242
3,5,-1552,512,0,-32,512,384,-1568,-1552,480,384,-1552,-1536,33239,466
3,5,-1536,512,-64,32,704,512,-1600,-1536,512,384,-1568,-1536,33238,467
3,5,-1600,664,0,-120,704,512,-1920,-1600,704,384,-1600,-1536,464,468
3,5,-1920,672,0,-128,960,384,-2688,-1920,704,384,-1920,-1536,461,469
3,5,-1536,784,0,176,1064,384,-1536,-640,960,384,-2688,-1536,440,470
3,5,-1488,1200,8,0,1200,1184,-1488,-1480,1216,1200,-1488,-1480,33244,33245
3,5,-1488,1232,8,0,1232,1216,-1488,-1480,1248,1232,-1488,-1480,33246,33247
3,5,-1488,1216,8,0,1216,1184,-1488,-1480,1248,1216,-1488,-1480,472,473
3,5,-1488,1248,0,-16,1248,1184,-1664,-1488,1248,1184,-1488,-1480,33243,474
3,5,-1664,1248,0,128,1376,1248,-1664,-1536,1472,1376,-1817,-1664,33248,33249
3,5,-1488,1264,0,-16,1264,1248,-1488,-1488,1264,1248,-1488,-1480,33250,33251
3,5,-1488,1280,0,-16,1280,1264,-1488,-1488,1280,1264,-1488,-1480,33252,33253
3,5,-1488,1264,8,0,1264,1248,-1488,-1480,1280,1264,-1488,-1480,477,478
3,5,-1488,1296,0,-16,1296,1280,-1488,-1488,1296,1280,-1488,-1480,33254,33255
3,5,-1488,1312,0,-16,1312,1296,-1488,-1488,1312,1296,-1488,-1480,33256,33257
3,5,-1536,1360,48,-48,1360,1312,-1536,-1488,1376,1376,-1536,-1480,33258,33259
3,5,-1488,1312,8,0,1312,1296,-1488,-1480,1376,1312,-1536,-1480,481,482
3,5,-1488,1296,8,0,1296,1280,-1488,-1480,1376,1296,-1536,-1480,480,483
3,5,-1488,1280,8,0,1280,1248,-1488,-1480,1376,1280,-1536,-1480,479,484
3,5,-1536,1376,0,-16,1472,1248,-1817,-1536,1376,1248,-1536,-1480,476,485
3,5,-1488,1248,8,0,1248,1184,-1664,-1480,1472,1248,-1817,-1480,475,486
3,5,-1344,1280,64,-64,1280,1120,-1440,-1280,1280,1216,-1344,-1280,33260,33261
3,5,-1280,1120,-160,160,1280,1120,-1440,-1280,1280,1088,-1472,-1280,488,33262
3,5,-1280,1216,0,-96,1280,1088,-1472,-1280,1280,1088,-1280,-1216,489,33263
3,5,-1472,1088,0,96,1280,1088,-1472,-1216,1280,1184,-1480,-1472,490,33264
3,5,-1440,1472,0,-64,1472,1408,-1440,-1440,1472,1408,-1440,-1424,33266,33267
3,5,-1424,1408,0,64,1472,1408,-1424,-1216,1472,1408,-1440,-1424,33265,492
3,5,-1472,1344,256,0,1344,1312,-1472,-1216,1408,1376,-1480,-1440,33269,33270
3,5,-1480,1312,8,0,1312,1280,-1480,-1344,1408,1312,-1480,-1216,33268,494
3,5,-1216,1408,-208,0,1472,1408,-1440,-1216,1408,1280,-1480,-1216,493,495
3,5,-1440,1280,96,0,1280,1088,-1480,-1216,1472,1280,-1480,-1216,491,496
3,5,-1480,1200,0,-16,1472,1184,-1817,-1480,1472,1088,-1480,-1216,487,497
3,5,-736,1088,-32,0,1472,1088,-768,-640,1088,1064,-736,-672,33271,33272
3,5,-792,1120,0,64,1184,1120,-792,-768,1184,1120,-808,-792,33274,33275
3,5,-808,1184,0,-64,1184,1120,-832,-808,1184,1120,-808,-768,33273,500
3,5,-768,1088,0,32,1472,1064,-768,-640,1184,1120,-832,-768,499,501
3,5,-776,1400,-56,-56,1472,1344,-832,-704,1456,1384,-776,-704,33276,33277
3,5,-704,1440,32,32,1472,1064,-832,-640,1472,1344,-832,-704,502,503
3,5,-1152,1408,0,64,1472,1408,-1152,-1088,1472,1408,-1216,-1152,33279,33280
3,5,-1216,1344,128,0,1344,1280,-1216,-1088,1472,1408,-1216,-1088,33278,505
3,5,-1024,1344,0,64,1472,1344,-1024,-832,1472,1408,-1088,-1024,33281,33282
3,5,-1088,1344,0,-64,1472,1280,-1216,-1088,1472,1344,-1088,-832,506,507
3,5,-928,1064,0,24,1088,1064,-928,-864,1088,1064,-1120,-1056,33284,33285
3,5,-832,1088,-32,0,1280,1088,-1152,-832,1088,1064,-1120,-864,33283,509
3,5,-1152,1280,-64,0,1472,1280,-1216,-832,1280,1064,-1152,-832,508,510
3,5,-832,1120,0,64,1472,1064,-832,-640,1472,1064,-1216,-832,504,511
3,5,-1216,1280,0,-192,1472,1088,-1817,-1216,1472,1064,-1216,-640,498,512
3,5,-960,2304,56,0,2304,2240,-960,-904,2432,2368,-960,-904,33287,33288
3,5,-960,2176,56,0,2176,2112,-960,-904,2432,2240,-960,-904,33286,514
3,5,-640,2240,-256,0,2304,2240,-896,-640,2176,2112,-896,-640,33290,33291
3,5,-640,2368,-256,0,2432,2368,-896,-640,2304,2112,-896,-640,33289,516
3,5,-904,2304,8,0,2304,2240,-904,-896,2432,2368,-904,-896,33293,33294
3,5,-904,2176,8,0,2176,2112,-904,-896,2432,2240,-904,-896,33292,518
3,5,-896,2112,0,64,2432,2112,-896,-640,2432,2112,-904,-896,517,519
3,5,-904,2176,0,-64,2432,2112,-960,-904,2432,2112,-904,-640,515,520
3,5,-1424,1608,-8,0,1656,1608,-1432,-1424,1600,1536,-1432,-1280,33295,33296
3,5,-704,1536,0,-64,1536,1472,-1024,-704,1504,1472,-672,-640,33298,33299
3,5,-1424,1528,0,-48,1528,1480,-1432,-1424,1536,1472,-1024,-640,33297,523
3,5,-1280,1536,-152,0,1656,1536,-1432,-1280,1536,1472,-1432,-640,522,524
3,5,-896,2112,-8,0,2432,2112,-960,-640,1656,1472,-1432,-640,521,525
3,5,-1432,1624,-8,0,1640,1624,-1440,-1432,1624,1616,-1440,-1432,33301,33302
3,5,-1432,1640,-8,0,1648,1640,-1440,-1432,1640,1616,-1440,-1432,33300,527
3,5,-1440,1520,8,0,1520,1512,-1440,-1432,1600,1536,-1440,-1432,33303,33304
3,5,-1432,1496,-8,0,1512,1496,-1440,-1432,1496,1488,-1440,-1432,33305,33306
3,5,-1432,1512,-8,0,1600,1512,-1440,-1432,1512,1488,-1440,-1432,529,530
3,5,-1432,1616,-8,0,1648,1616,-1440,-1432,1600,1488,-1440,-1432,528,531
3,5,-1440,1536,0,64,1648,1488,-1440,-1432,1648,1472,-1864,-1440,532,33307
3,5,-1712,1656,0,-8,1656,1648,-1712,-1712,1736,1656,-1712,-1632,33311,33312
3,5,-1656,1648,72,88,1736,1648,-1656,-1488,1736,1648,-1712,-1632,33310,534
3,5,-1680,1792,-8,-8,1835,1784,-1768,-1680,1784,1736,-1688,-1640,33314,33315
3,5,-1608,1752,-72,40,1856,1752,-1757,-1488,1835,1736,-1768,-1640,33313,536
3,5,-1600,1864,-64,0,1960,1864,-1730,-1600,1864,1856,-1737,-1664,33317,33318
3,5,-1600,1856,0,8,1864,1856,-1600,-1600,1960,1856,-1737,-1600,33316,538
3,5,-1664,1856,64,0,1856,1736,-1768,-1488,1960,1856,-1737,-1600,537,539
3,5,-1584,1736,96,0,1736,1648,-1712,-1488,1960,1736,-1768,-1488,535,540
3,5,-1768,1824,128,136,1960,1648,-1768,-1488,1968,1846,-1761,-1648,541,33319
3,5,-1488,1736,0,16,1760,1648,-1488,-1440,1968,1648,-1768,-1488,33309,542
3,5,-1640,1960,-8,8,2176,1760,-1712,-1440,1968,1648,-1768,-1440,33308,543
3,5,-1824,1872,56,-48,1954,1648,-1920,-1768,1966,1872,-1920,-1816,33321,33322
3,5,-1768,1840,-48,40,2176,1840,-1920,-1761,1966,1648,-1920,-1768,33320,545
3,5,-1792,2112,64,0,2112,2096,-1792,-1728,2176,2112,-1792,-1728,33326,33327
3,5,-1728,2112,0,64,2176,2096,-1728,-1696,2176,2096,-1792,-1728,33325,547
3,5,-1792,2176,0,-64,2176,2096,-1824,-1792,2176,2096,-1792,-1696,33324,548
3,5,-1808,2096,96,0,2096,2096,-1808,-1712,2176,2096,-1824,-1696,33323,549
3,5,-1824,2176,16,-80,2176,1648,-1920,-1761,2176,2096,-1824,-1696,546,550
3,5,-1712,2096,16,80,2176,1648,-1768,-1440,2176,1648,-1920,-1696,544,551
3,5,-1440,1648,8,0,1648,1472,-1864,-1432,2176,1648,-1920,-1440,533,552
3,5,-1432,1624,0,16,2432,1472,-1432,-640,2176,1472,-1920,-1432,526,553
3,5,-1152,1472,64,0,1472,1064,-1817,-640,2432,1472,-1920,-640,513,554
3,5,-928,1064,64,0,1064,384,-2688,-640,2432,1064,-1920,-640,471,555
3,5,-640,2304,0,64,2688,384,-640,2112,2432,384,-2688,-640,408,556
3,5,-1552,384,16,0,384,-1936,-2240,1792,2688,384,-2688,2112,287,557
