episode,mission,seg_count,first_seg
1,2,4,0
1,2,3,4
1,2,3,7
1,2,3,10
1,2,5,13
1,2,2,18
1,2,4,20
1,2,4,24
1,2,4,28
1,2,4,32
1,2,4,36
1,2,6,40
1,2,4,46
1,2,4,50
1,2,4,54
1,2,5,58
1,2,5,63
1,2,4,68
1,2,2,72
1,2,2,74
1,2,1,76
1,2,4,77
1,2,4,81
1,2,4,85
1,2,8,89
1,2,4,97
1,2,4,101
1,2,5,105
1,2,4,110
1,2,2,114
1,2,1,116
1,2,2,117
1,2,3,119
1,2,7,122
1,2,4,129
1,2,1,133
1,2,3,134
1,2,2,137
1,2,5,139
1,2,2,144
1,2,4,146
1,2,6,150
1,2,3,156
1,2,2,159
1,2,5,161
1,2,1,166
1,2,2,167
1,2,5,169
1,2,2,174
1,2,1,176
1,2,1,177
1,2,1,178
1,2,1,179
1,2,1,180
1,2,4,181
1,2,4,185
1,2,4,189
1,2,4,193
1,2,4,197
1,2,2,201
1,2,2,203
1,2,3,205
1,2,4,208
1,2,2,212
1,2,1,214
1,2,1,215
1,2,1,216
1,2,1,217
1,2,1,218
1,2,2,219
1,2,2,221
1,2,4,223
1,2,1,227
1,2,2,228
1,2,3,230
1,2,3,233
1,2,1,236
1,2,7,237
1,2,4,244
1,2,4,248
1,2,2,252
1,2,3,254
1,2,3,257
1,2,2,260
1,2,4,262
1,2,3,266
1,2,3,269
1,2,2,272
1,2,4,274
1,2,3,278
1,2,3,281
1,2,3,284
1,2,2,287
1,2,4,289
1,2,1,293
1,2,5,294
1,2,1,299
1,2,1,300
1,2,4,301
1,2,3,305
1,2,4,308
1,2,2,312
1,2,4,314
1,2,3,318
1,2,2,321
1,2,4,323
1,2,4,327
1,2,4,331
1,2,3,335
1,2,2,338
1,2,1,340
1,2,4,341
1,2,1,345
1,2,1,346
1,2,2,347
1,2,1,349
1,2,1,350
1,2,1,351
1,2,4,352
1,2,2,356
1,2,8,358
1,2,4,366
1,2,4,370
1,2,4,374
1,2,3,378
1,2,4,381
1,2,5,385
1,2,2,390
1,2,1,392
1,2,4,393
1,2,4,397
1,2,2,401
1,2,4,403
1,2,3,407
1,2,4,410
1,2,4,414
1,2,4,418
1,2,4,422
1,2,4,426
1,2,3,430
1,2,6,433
1,2,1,439
1,2,5,440
1,2,5,445
1,2,4,450
1,2,2,454
1,2,4,456
1,2,6,460
1,2,3,466
1,2,4,469
1,2,4,473
1,2,2,477
1,2,2,479
1,2,4,481
1,2,1,485
1,2,1,486
1,2,3,487
1,2,6,490
1,2,4,496
1,2,4,500
1,2,4,504
1,2,3,508
1,2,2,511
1,2,7,513
1,2,5,520
1,2,2,525
1,2,4,527
1,2,2,531
1,2,3,533
1,2,4,536
1,2,3,540
1,2,5,543
1,2,2,548
1,2,4,550
1,2,3,554
1,2,1,557
1,2,4,558
1,2,4,562
1,2,4,566
1,2,4,570
1,2,4,574
1,2,4,578
1,2,4,582
1,2,2,586
1,2,2,588
1,2,6,590
1,2,2,596
1,2,3,598
1,2,1,601
1,2,3,602
1,2,2,605
1,2,1,607
1,2,4,608
1,2,2,612
1,2,2,614
1,2,3,616
1,2,1,619
1,2,4,620
1,2,4,624
1,2,3,628
1,2,3,631
1,2,3,634
1,2,3,637
1,2,4,640
1,2,3,644
1,2,2,647
1,2,3,649
1,2,4,652
1,2,4,656
1,2,4,660
1,2,4,664
1,2,4,668
1,2,4,672
1,2,1,676
1,2,4,677
1,2,6,681
1,2,1,687
1,2,1,688
1,2,2,689
1,2,4,691
1,2,4,695
1,2,3,699
1,2,4,702
1,2,5,706
1,2,3,711
1,2,1,714
1,2,1,715
1,2,1,716
1,2,1,717
1,2,1,718
1,2,1,719
1,2,1,720
1,2,4,721
1,2,3,725
1,2,2,728
1,2,4,730
1,2,3,734
1,2,2,737
1,2,2,739
1,2,4,741
1,2,4,745
1,2,2,749
1,2,4,751
1,2,4,755
1,2,2,759
1,2,6,761
1,2,5,767
1,2,3,772
1,2,4,775
1,2,2,779
1,2,4,781
1,2,4,785
1,2,7,789
1,2,3,796
1,2,3,799
1,2,2,802
1,2,1,804
1,2,3,805
1,2,3,808
1,2,1,811
1,2,2,812
1,2,6,814
1,2,4,820
1,2,8,824
1,2,4,832
1,2,5,836
1,2,6,841
1,2,6,847
1,2,6,853
1,2,2,859
1,2,4,861
1,2,4,865
1,2,1,869
1,2,3,870
1,2,4,873
1,2,4,877
1,2,3,881
1,2,4,884
1,2,3,888
1,2,4,891
1,2,4,895
1,2,4,899
1,2,3,903
1,2,4,906
1,2,4,910
1,2,2,914
1,2,4,916
1,2,3,920
1,2,1,923
1,2,4,924
1,2,3,928
1,2,1,931
1,2,4,932
1,2,1,936
1,2,1,937
1,2,3,938
1,2,4,941
1,2,1,945
1,2,2,946
1,2,4,948
1,2,5,952
1,2,2,957
1,2,5,959
1,2,5,964
1,2,3,969
1,2,3,972
1,2,2,975
1,2,2,977
1,2,4,979
1,2,3,983
1,2,4,986
1,2,4,990
1,2,4,994
1,2,4,998
1,2,4,1002
1,2,3,1006
1,2,2,1009
1,2,4,1011
1,2,6,1015
1,2,2,1021
1,2,4,1023
1,2,4,1027
1,2,1,1031
1,2,3,1032
1,2,2,1035
1,2,7,1037
1,2,3,1044
1,2,5,1047
1,2,1,1052
1,2,6,1053
1,2,3,1059
1,2,4,1062
1,2,1,1066
1,2,2,1067
1,2,4,1069
1,2,1,1073
1,2,3,1074
1,2,1,1077
1,2,4,1078
1,2,2,1082
1,2,3,1084
1,2,3,1087
1,2,3,1090
1,2,3,1093
1,2,4,1096
1,2,1,1100
1,2,3,1101
1,2,3,1104
1,2,2,1107
1,2,2,1109
1,2,6,1111
1,2,1,1117
1,2,2,1118
1,2,4,1120
1,2,4,1124
1,2,1,1128
1,2,3,1129
1,2,1,1132
1,2,3,1133
1,2,3,1136
1,2,2,1139
1,2,2,1141
1,2,4,1143
1,2,2,1147
1,2,2,1149
1,2,2,1151
1,2,3,1153
1,2,4,1156
1,2,4,1160
1,2,4,1164
1,2,3,1168
1,2,5,1171
1,2,1,1176
1,2,5,1177
1,2,4,1182
1,2,5,1186
1,2,4,1191
1,2,4,1195
1,2,4,1199
1,2,4,1203
1,2,4,1207
1,2,4,1211
1,2,4,1215
1,2,5,1219
1,2,6,1224
1,2,2,1230
1,2,3,1232
1,2,4,1235
1,2,4,1239
1,2,4,1243
1,2,6,1247
1,2,5,1253
1,2,3,1258
1,2,4,1261
1,2,3,1265
1,2,4,1268
1,2,2,1272
1,2,2,1274
1,2,4,1276
1,2,3,1280
1,2,4,1283
1,2,2,1287
1,2,3,1289
1,2,4,1292
1,2,1,1296
1,2,3,1297
1,2,6,1300
1,2,4,1306
1,2,4,1310
1,2,2,1314
1,2,4,1316
1,2,1,1320
1,2,1,1321
1,2,1,1322
1,2,1,1323
1,2,1,1324
1,2,4,1325
1,2,6,1329
1,2,4,1335
1,2,4,1339
1,2,6,1343
1,2,4,1349
1,2,6,1353
1,2,4,1359
1,2,6,1363
1,2,6,1369
1,2,3,1375
1,2,3,1378
1,2,4,1381
1,2,4,1385
1,2,4,1389
1,2,4,1393
1,2,4,1397
1,2,3,1401
1,2,4,1404
1,2,3,1408
1,2,5,1411
1,2,4,1416
1,2,4,1420
1,2,5,1424
1,2,4,1429
1,2,4,1433
1,2,4,1437
1,2,4,1441
1,2,4,1445
1,2,4,1449
1,2,6,1453
1,2,4,1459
