episode,mission,seg_count,first_seg
1,5,4,0
1,5,2,4
1,5,4,6
1,5,4,10
1,5,4,14
1,5,4,18
1,5,1,22
1,5,2,23
1,5,4,25
1,5,4,29
1,5,3,33
1,5,1,36
1,5,4,37
1,5,3,41
1,5,2,44
1,5,3,46
1,5,3,49
1,5,4,52
1,5,2,56
1,5,4,58
1,5,5,62
1,5,5,67
1,5,3,72
1,5,4,75
1,5,1,79
1,5,3,80
1,5,6,83
1,5,6,89
1,5,4,95
1,5,2,99
1,5,4,101
1,5,3,105
1,5,4,108
1,5,4,112
1,5,4,116
1,5,2,120
1,5,1,122
1,5,6,123
1,5,5,129
1,5,1,134
1,5,6,135
1,5,2,141
1,5,2,143
1,5,4,145
1,5,4,149
1,5,4,153
1,5,4,157
1,5,1,161
1,5,4,162
1,5,2,166
1,5,4,168
1,5,3,172
1,5,6,175
1,5,3,181
1,5,5,184
1,5,1,189
1,5,2,190
1,5,1,192
1,5,4,193
1,5,4,197
1,5,4,201
1,5,5,205
1,5,5,210
1,5,1,215
1,5,3,216
1,5,3,219
1,5,1,222
1,5,4,223
1,5,3,227
1,5,4,230
1,5,1,234
1,5,1,235
1,5,5,236
1,5,2,241
1,5,1,243
1,5,6,244
1,5,3,250
1,5,1,253
1,5,4,254
1,5,3,258
1,5,1,261
1,5,6,262
1,5,4,268
1,5,4,272
1,5,4,276
1,5,2,280
1,5,2,282
1,5,4,284
1,5,4,288
1,5,4,292
1,5,4,296
1,5,2,300
1,5,2,302
1,5,4,304
1,5,4,308
1,5,4,312
1,5,4,316
1,5,5,320
1,5,4,325
1,5,4,329
1,5,4,333
1,5,4,337
1,5,4,341
1,5,4,345
1,5,2,349
1,5,4,351
1,5,4,355
1,5,2,359
1,5,1,361
1,5,1,362
1,5,1,363
1,5,1,364
1,5,1,365
1,5,1,366
1,5,1,367
1,5,4,368
1,5,4,372
1,5,2,376
1,5,4,378
1,5,2,382
1,5,2,384
1,5,4,386
1,5,2,390
1,5,4,392
1,5,2,396
1,5,2,398
1,5,2,400
1,5,5,402
1,5,3,407
1,5,1,410
1,5,4,411
1,5,4,415
1,5,2,419
1,5,3,421
1,5,1,424
1,5,5,425
1,5,3,430
1,5,1,433
1,5,7,434
1,5,4,441
1,5,1,445
1,5,4,446
1,5,5,450
1,5,1,455
1,5,2,456
1,5,3,458
1,5,5,461
1,5,2,466
1,5,1,468
1,5,2,469
1,5,4,471
1,5,4,475
1,5,4,479
1,5,4,483
1,5,3,487
1,5,4,490
1,5,1,494
1,5,2,495
1,5,3,497
1,5,3,500
1,5,4,503
1,5,4,507
1,5,3,511
1,5,4,514
1,5,6,518
1,5,2,524
1,5,4,526
1,5,3,530
1,5,3,533
1,5,6,536
1,5,3,542
1,5,6,545
1,5,3,551
1,5,4,554
1,5,4,558
1,5,4,562
1,5,4,566
1,5,1,570
1,5,3,571
1,5,4,574
1,5,4,578
1,5,4,582
1,5,4,586
1,5,4,590
1,5,4,594
1,5,4,598
1,5,4,602
1,5,2,606
1,5,4,608
1,5,4,612
1,5,3,616
1,5,1,619
1,5,3,620
1,5,1,623
1,5,3,624
1,5,3,627
1,5,2,630
1,5,1,632
1,5,1,633
1,5,3,634
1,5,5,637
1,5,4,642
1,5,3,646
1,5,2,649
1,5,3,651
1,5,5,654
1,5,3,659
1,5,3,662
1,5,4,665
1,5,2,669
1,5,4,671
1,5,2,675
1,5,2,677
1,5,3,679
1,5,4,682
1,5,1,686
1,5,4,687
1,5,1,691
1,5,4,692
1,5,3,696
1,5,7,699
1,5,1,706
1,5,4,707
1,5,7,711
1,5,3,718
1,5,1,721
1,5,4,722
1,5,2,726
1,5,4,728
1,5,4,732
1,5,6,736
1,5,3,742
1,5,2,745
1,5,2,747
1,5,1,749
1,5,3,750
1,5,4,753
1,5,5,757
1,5,1,762
1,5,1,763
1,5,2,764
1,5,1,766
1,5,1,767
1,5,4,768
1,5,2,772
1,5,2,774
1,5,3,776
1,5,4,779
1,5,1,783
1,5,2,784
1,5,3,786
1,5,3,789
1,5,4,792
1,5,3,796
1,5,2,799
1,5,4,801
1,5,3,805
1,5,3,808
1,5,3,811
1,5,4,814
1,5,3,818
1,5,5,821
1,5,2,826
1,5,3,828
1,5,5,831
1,5,1,836
1,5,2,837
1,5,1,839
1,5,3,840
1,5,3,843
1,5,5,846
1,5,2,851
1,5,1,853
1,5,1,854
1,5,1,855
1,5,1,856
1,5,1,857
1,5,2,858
1,5,1,860
1,5,1,861
1,5,1,862
1,5,1,863
1,5,1,864
1,5,3,865
1,5,1,868
1,5,3,869
1,5,1,872
1,5,2,873
1,5,2,875
1,5,1,877
1,5,1,878
1,5,1,879
1,5,1,880
1,5,1,881
1,5,1,882
1,5,2,883
1,5,1,885
1,5,1,886
1,5,1,887
1,5,1,888
1,5,1,889
1,5,4,890
1,5,1,894
1,5,3,895
1,5,4,898
1,5,1,902
1,5,1,903
1,5,1,904
1,5,1,905
1,5,1,906
1,5,1,907
1,5,4,908
1,5,4,912
1,5,4,916
1,5,2,920
1,5,4,922
1,5,3,926
1,5,3,929
1,5,1,932
1,5,2,933
1,5,1,935
1,5,1,936
1,5,5,937
1,5,5,942
1,5,1,947
1,5,4,948
1,5,4,952
1,5,3,956
1,5,4,959
1,5,3,963
1,5,4,966
1,5,4,970
1,5,1,974
1,5,2,975
1,5,4,977
1,5,2,981
1,5,1,983
1,5,4,984
1,5,2,988
1,5,1,990
1,5,1,991
1,5,1,992
1,5,1,993
1,5,1,994
1,5,1,995
1,5,3,996
1,5,2,999
1,5,4,1001
1,5,4,1005
1,5,5,1009
1,5,1,1014
1,5,1,1015
1,5,4,1016
1,5,4,1020
1,5,4,1024
1,5,1,1028
1,5,2,1029
1,5,4,1031
1,5,2,1035
1,5,2,1037
1,5,4,1039
1,5,5,1043
1,5,4,1048
1,5,5,1052
1,5,2,1057
1,5,4,1059
1,5,4,1063
1,5,2,1067
1,5,4,1069
1,5,4,1073
1,5,4,1077
1,5,4,1081
1,5,6,1085
1,5,4,1091
1,5,4,1095
1,5,6,1099
1,5,6,1105
1,5,4,1111
1,5,1,1115
1,5,6,1116
1,5,4,1122
1,5,4,1126
1,5,7,1130
1,5,4,1137
