episode,mission,seg_count,first_seg
2,4,3,0
2,4,4,3
2,4,1,7
2,4,1,8
2,4,4,9
2,4,2,13
2,4,3,15
2,4,2,18
2,4,1,20
2,4,4,21
2,4,4,25
2,4,3,29
2,4,3,32
2,4,2,35
2,4,4,37
2,4,4,41
2,4,4,45
2,4,2,49
2,4,2,51
2,4,4,53
2,4,4,57
2,4,2,61
2,4,2,63
2,4,2,65
2,4,4,67
2,4,3,71
2,4,2,74
2,4,2,76
2,4,4,78
2,4,3,82
2,4,2,85
2,4,4,87
2,4,2,91
2,4,4,93
2,4,1,97
2,4,2,98
2,4,2,100
2,4,4,102
2,4,4,106
2,4,3,110
2,4,2,113
2,4,6,115
2,4,4,121
2,4,4,125
2,4,2,129
2,4,1,131
2,4,4,132
2,4,5,136
2,4,4,141
2,4,2,145
2,4,4,147
2,4,2,151
2,4,4,153
2,4,4,157
2,4,4,161
2,4,4,165
2,4,4,169
2,4,6,173
2,4,1,179
2,4,4,180
2,4,4,184
2,4,4,188
2,4,1,192
2,4,4,193
2,4,4,197
2,4,4,201
2,4,4,205
2,4,4,209
2,4,7,213
2,4,2,220
2,4,4,222
2,4,4,226
2,4,4,230
2,4,9,234
2,4,4,243
2,4,2,247
2,4,4,249
2,4,3,253
2,4,4,256
2,4,4,260
2,4,3,264
2,4,4,267
2,4,4,271
2,4,3,275
2,4,4,278
2,4,4,282
2,4,4,286
2,4,4,290
2,4,5,294
2,4,4,299
2,4,4,303
2,4,3,307
2,4,4,310
2,4,5,314
2,4,4,319
2,4,4,323
2,4,2,327
2,4,4,329
2,4,4,333
2,4,2,337
2,4,4,339
2,4,4,343
2,4,2,347
2,4,2,349
2,4,2,351
2,4,4,353
2,4,3,357
2,4,4,360
2,4,4,364
2,4,3,368
2,4,3,371
2,4,4,374
2,4,8,378
2,4,2,386
2,4,4,388
2,4,4,392
2,4,4,396
2,4,4,400
2,4,2,404
2,4,1,406
2,4,2,407
2,4,3,409
2,4,4,412
2,4,2,416
2,4,3,418
2,4,2,421
2,4,3,423
2,4,3,426
2,4,2,429
2,4,2,431
2,4,3,433
2,4,3,436
2,4,2,439
2,4,3,441
2,4,2,444
2,4,2,446
2,4,3,448
2,4,3,451
2,4,4,454
2,4,1,458
2,4,6,459
2,4,4,465
2,4,3,469
2,4,1,472
2,4,7,473
2,4,2,480
2,4,1,482
2,4,2,483
2,4,4,485
2,4,3,489
2,4,4,492
2,4,4,496
2,4,4,500
2,4,2,504
2,4,5,506
2,4,1,511
2,4,6,512
2,4,2,518
2,4,1,520
2,4,4,521
2,4,1,525
2,4,4,526
2,4,4,530
2,4,4,534
2,4,1,538
2,4,4,539
2,4,4,543
2,4,4,547
2,4,2,551
2,4,2,553
2,4,4,555
2,4,4,559
2,4,4,563
2,4,4,567
2,4,4,571
2,4,1,575
2,4,4,576
2,4,1,580
2,4,3,581
2,4,4,584
2,4,8,588
2,4,1,596
2,4,1,597
2,4,1,598
2,4,2,599
2,4,3,601
2,4,1,604
2,4,3,605
2,4,4,608
2,4,2,612
2,4,3,614
2,4,4,617
2,4,1,621
2,4,8,622
2,4,1,630
2,4,1,631
2,4,4,632
2,4,4,636
2,4,4,640
2,4,1,644
2,4,4,645
2,4,4,649
2,4,4,653
2,4,4,657
2,4,4,661
2,4,4,665
2,4,2,669
2,4,2,671
2,4,1,673
2,4,1,674
2,4,1,675
2,4,1,676
2,4,10,677
2,4,4,687
2,4,1,691
2,4,2,692
2,4,1,694
2,4,1,695
2,4,4,696
2,4,5,700
2,4,1,705
2,4,6,706
2,4,1,712
2,4,4,713
2,4,2,717
2,4,1,719
2,4,1,720
2,4,1,721
2,4,6,722
2,4,3,728
2,4,3,731
2,4,3,734
2,4,1,737
2,4,1,738
2,4,2,739
2,4,3,741
2,4,4,744
2,4,4,748
2,4,4,752
2,4,4,756
2,4,1,760
2,4,2,761
2,4,2,763
2,4,4,765
2,4,3,769
2,4,4,772
2,4,4,776
2,4,5,780
2,4,2,785
2,4,3,787
2,4,4,790
2,4,2,794
2,4,3,796
2,4,4,799
2,4,6,803
2,4,1,809
2,4,1,810
2,4,3,811
2,4,2,814
2,4,4,816
2,4,2,820
2,4,3,822
2,4,1,825
2,4,4,826
2,4,6,830
2,4,1,836
2,4,2,837
2,4,2,839
2,4,3,841
2,4,4,844
2,4,3,848
2,4,3,851
2,4,2,854
2,4,4,856
2,4,4,860
2,4,5,864
2,4,4,869
2,4,5,873
2,4,4,878
2,4,4,882
2,4,4,886
2,4,2,890
2,4,3,892
2,4,4,895
2,4,4,899
2,4,4,903
2,4,4,907
2,4,4,911
2,4,4,915
2,4,4,919
2,4,2,923
2,4,4,925
2,4,4,929
2,4,4,933
2,4,4,937
2,4,3,941
2,4,4,944
2,4,4,948
2,4,6,952
2,4,4,958
2,4,5,962
2,4,4,967
2,4,2,971
2,4,8,973
2,4,1,981
2,4,4,982
2,4,3,986
2,4,3,989
2,4,3,992
2,4,2,995
2,4,4,997
2,4,3,1001
2,4,3,1004
2,4,3,1007
2,4,1,1010
2,4,3,1011
2,4,4,1014
2,4,4,1018
2,4,4,1022
2,4,1,1026
2,4,1,1027
2,4,4,1028
2,4,3,1032
2,4,2,1035
2,4,2,1037
2,4,3,1039
2,4,2,1042
2,4,4,1044
2,4,2,1048
2,4,1,1050
2,4,4,1051
2,4,3,1055
2,4,3,1058
2,4,7,1061
2,4,3,1068
2,4,4,1071
2,4,6,1075
2,4,4,1081
2,4,2,1085
2,4,3,1087
2,4,4,1090
2,4,5,1094
2,4,2,1099
2,4,3,1101
2,4,3,1104
2,4,2,1107
2,4,2,1109
2,4,4,1111
2,4,5,1115
2,4,3,1120
2,4,2,1123
2,4,2,1125
2,4,3,1127
2,4,3,1130
2,4,3,1133
2,4,2,1136
2,4,5,1138
2,4,3,1143
2,4,6,1146
2,4,3,1152
2,4,2,1155
2,4,6,1157
2,4,3,1163
2,4,4,1166
2,4,7,1170
2,4,3,1177
2,4,1,1180
2,4,5,1181
2,4,1,1186
2,4,4,1187
2,4,5,1191
2,4,1,1196
2,4,2,1197
2,4,4,1199
2,4,1,1203
2,4,4,1204
2,4,1,1208
2,4,2,1209
2,4,4,1211
2,4,4,1215
2,4,3,1219
2,4,3,1222
2,4,1,1225
2,4,2,1226
2,4,2,1228
2,4,4,1230
2,4,3,1234
2,4,1,1237
2,4,2,1238
2,4,6,1240
2,4,4,1246
2,4,4,1250
2,4,4,1254
2,4,3,1258
2,4,3,1261
2,4,3,1264
2,4,3,1267
2,4,4,1270
2,4,4,1274
2,4,3,1278
2,4,4,1281
2,4,4,1285
2,4,4,1289
2,4,2,1293
2,4,3,1295
2,4,4,1298
2,4,6,1302
2,4,1,1308
2,4,1,1309
2,4,4,1310
2,4,1,1314
2,4,4,1315
2,4,2,1319
2,4,2,1321
2,4,3,1323
2,4,3,1326
2,4,3,1329
2,4,6,1332
2,4,3,1338
2,4,1,1341
2,4,3,1342
2,4,3,1345
2,4,5,1348
2,4,3,1353
2,4,1,1356
2,4,5,1357
2,4,2,1362
2,4,4,1364
2,4,1,1368
2,4,3,1369
2,4,3,1372
2,4,1,1375
2,4,4,1376
2,4,4,1380
2,4,4,1384
2,4,3,1388
2,4,2,1391
2,4,3,1393
2,4,4,1396
2,4,3,1400
2,4,2,1403
2,4,2,1405
2,4,1,1407
2,4,1,1408
2,4,4,1409
2,4,1,1413
2,4,1,1414
2,4,4,1415
2,4,2,1419
2,4,2,1421
2,4,4,1423
2,4,3,1427
2,4,4,1430
2,4,3,1434
2,4,2,1437
2,4,3,1439
2,4,3,1442
2,4,3,1445
2,4,5,1448
2,4,3,1453
2,4,2,1456
2,4,4,1458
2,4,3,1462
2,4,3,1465
2,4,3,1468
2,4,4,1471
2,4,3,1475
2,4,2,1478
2,4,4,1480
2,4,4,1484
2,4,1,1488
2,4,4,1489
2,4,1,1493
2,4,3,1494
2,4,3,1497
2,4,4,1500
2,4,7,1504
2,4,6,1511
2,4,4,1517
2,4,4,1521
2,4,5,1525
2,4,4,1530
2,4,4,1534
2,4,4,1538
2,4,6,1542
2,4,4,1548
2,4,4,1552
2,4,4,1556
2,4,3,1560
2,4,4,1563
2,4,2,1567
2,4,4,1569
2,4,5,1573
2,4,4,1578
2,4,4,1582
2,4,2,1586
2,4,1,1588
