episode,mission,seg_count,first_seg
2,5,5,0
2,5,4,5
2,5,4,9
2,5,4,13
2,5,4,17
2,5,4,21
2,5,3,25
2,5,5,28
2,5,4,33
2,5,3,37
2,5,3,40
2,5,4,43
2,5,3,47
2,5,5,50
2,5,1,55
2,5,4,56
2,5,4,60
2,5,4,64
2,5,2,68
2,5,1,70
2,5,4,71
2,5,1,75
2,5,1,76
2,5,4,77
2,5,4,81
2,5,3,85
2,5,2,88
2,5,4,90
2,5,4,94
2,5,4,98
2,5,1,102
2,5,4,103
2,5,2,107
2,5,2,109
2,5,4,111
2,5,2,115
2,5,4,117
2,5,2,121
2,5,1,123
2,5,1,124
2,5,1,125
2,5,2,126
2,5,4,128
2,5,4,132
2,5,4,136
2,5,4,140
2,5,4,144
2,5,3,148
2,5,4,151
2,5,4,155
2,5,4,159
2,5,3,163
2,5,4,166
2,5,1,170
2,5,4,171
2,5,4,175
2,5,4,179
2,5,4,183
2,5,4,187
2,5,4,191
2,5,5,195
2,5,4,200
2,5,4,204
2,5,4,208
2,5,5,212
2,5,4,217
2,5,4,221
2,5,1,225
2,5,7,226
2,5,2,233
2,5,3,235
2,5,4,238
2,5,1,242
2,5,4,243
2,5,1,247
2,5,3,248
2,5,1,251
2,5,1,252
2,5,1,253
2,5,3,254
2,5,1,257
2,5,3,258
2,5,2,261
2,5,3,263
2,5,4,266
2,5,3,270
2,5,4,273
2,5,1,277
2,5,7,278
2,5,3,285
2,5,4,288
2,5,4,292
2,5,3,296
2,5,6,299
2,5,4,305
2,5,4,309
2,5,5,313
2,5,4,318
2,5,4,322
2,5,3,326
2,5,3,329
2,5,3,332
2,5,3,335
2,5,4,338
2,5,4,342
2,5,4,346
2,5,8,350
2,5,4,358
2,5,4,362
2,5,4,366
2,5,4,370
2,5,4,374
2,5,4,378
2,5,4,382
2,5,3,386
2,5,3,389
2,5,3,392
2,5,2,395
2,5,9,397
2,5,2,406
2,5,3,408
2,5,2,411
2,5,4,413
2,5,2,417
2,5,1,419
2,5,1,420
2,5,1,421
2,5,1,422
2,5,4,423
2,5,6,427
2,5,2,433
2,5,4,435
2,5,4,439
2,5,4,443
2,5,2,447
2,5,2,449
2,5,1,451
2,5,1,452
2,5,4,453
2,5,3,457
2,5,2,460
2,5,1,462
2,5,4,463
2,5,3,467
2,5,1,470
2,5,1,471
2,5,4,472
2,5,1,476
2,5,3,477
2,5,4,480
2,5,4,484
2,5,4,488
2,5,4,492
2,5,1,496
2,5,5,497
2,5,3,502
2,5,2,505
2,5,1,507
2,5,1,508
2,5,7,509
2,5,3,516
2,5,3,519
2,5,4,522
2,5,3,526
2,5,2,529
2,5,2,531
2,5,3,533
2,5,3,536
2,5,4,539
2,5,3,543
2,5,4,546
2,5,2,550
2,5,4,552
2,5,3,556
2,5,8,559
2,5,2,567
2,5,2,569
2,5,5,571
2,5,2,576
2,5,5,578
2,5,1,583
2,5,1,584
2,5,1,585
2,5,3,586
2,5,1,589
2,5,1,590
2,5,3,591
2,5,2,594
2,5,4,596
2,5,2,600
2,5,1,602
2,5,1,603
2,5,2,604
2,5,4,606
2,5,3,610
2,5,2,613
2,5,4,615
2,5,1,619
2,5,4,620
2,5,3,624
2,5,1,627
2,5,2,628
2,5,3,630
2,5,5,633
2,5,4,638
2,5,2,642
2,5,4,644
2,5,1,648
2,5,5,649
2,5,1,654
2,5,8,655
2,5,5,663
2,5,1,668
2,5,4,669
2,5,4,673
2,5,4,677
2,5,4,681
2,5,4,685
2,5,3,689
2,5,4,692
2,5,4,696
2,5,4,700
2,5,2,704
2,5,4,706
2,5,2,710
2,5,3,712
2,5,2,715
2,5,3,717
2,5,1,720
2,5,2,721
2,5,1,723
2,5,3,724
2,5,4,727
2,5,2,731
2,5,3,733
2,5,3,736
2,5,4,739
2,5,5,743
2,5,4,748
2,5,1,752
2,5,4,753
2,5,1,757
2,5,3,758
2,5,4,761
2,5,4,765
2,5,1,769
2,5,1,770
2,5,2,771
2,5,2,773
2,5,4,775
2,5,6,779
2,5,4,785
2,5,2,789
2,5,1,791
2,5,4,792
2,5,1,796
2,5,4,797
2,5,1,801
2,5,1,802
2,5,4,803
2,5,1,807
2,5,1,808
2,5,2,809
2,5,2,811
2,5,1,813
2,5,2,814
2,5,1,816
2,5,3,817
2,5,4,820
2,5,1,824
2,5,2,825
2,5,1,827
2,5,2,828
2,5,1,830
2,5,1,831
2,5,2,832
2,5,6,834
2,5,1,840
2,5,1,841
2,5,1,842
2,5,2,843
2,5,1,845
2,5,3,846
2,5,1,849
2,5,1,850
2,5,1,851
2,5,1,852
2,5,1,853
2,5,1,854
2,5,2,855
2,5,5,857
2,5,2,862
2,5,7,864
2,5,4,871
2,5,3,875
2,5,3,878
2,5,1,881
2,5,1,882
2,5,1,883
2,5,1,884
2,5,1,885
2,5,3,886
2,5,1,889
2,5,1,890
2,5,8,891
2,5,4,899
2,5,4,903
2,5,4,907
2,5,5,911
2,5,2,916
2,5,4,918
2,5,4,922
2,5,4,926
2,5,3,930
2,5,2,933
2,5,3,935
2,5,4,938
2,5,3,942
2,5,3,945
2,5,2,948
2,5,4,950
2,5,3,954
2,5,3,957
2,5,2,960
2,5,2,962
2,5,2,964
2,5,4,966
2,5,2,970
2,5,3,972
2,5,3,975
2,5,2,978
2,5,3,980
2,5,4,983
2,5,2,987
2,5,4,989
2,5,4,993
2,5,3,997
2,5,3,1000
2,5,2,1003
2,5,2,1005
2,5,3,1007
2,5,2,1010
2,5,3,1012
2,5,3,1015
2,5,3,1018
2,5,4,1021
2,5,4,1025
2,5,2,1029
2,5,4,1031
2,5,4,1035
2,5,4,1039
2,5,3,1043
2,5,4,1046
2,5,3,1050
2,5,6,1053
2,5,4,1059
2,5,4,1063
2,5,5,1067
2,5,3,1072
2,5,2,1075
2,5,1,1077
2,5,1,1078
2,5,1,1079
2,5,1,1080
2,5,1,1081
2,5,4,1082
2,5,4,1086
2,5,5,1090
2,5,1,1095
2,5,4,1096
2,5,4,1100
2,5,4,1104
2,5,2,1108
2,5,1,1110
2,5,1,1111
2,5,1,1112
2,5,1,1113
2,5,1,1114
2,5,2,1115
2,5,1,1117
2,5,1,1118
2,5,1,1119
2,5,1,1120
2,5,1,1121
2,5,4,1122
2,5,2,1126
2,5,2,1128
2,5,4,1130
2,5,4,1134
2,5,4,1138
2,5,4,1142
2,5,3,1146
2,5,1,1149
2,5,4,1150
2,5,2,1154
2,5,1,1156
2,5,1,1157
2,5,2,1158
2,5,5,1160
2,5,3,1165
2,5,4,1168
2,5,4,1172
2,5,4,1176
2,5,4,1180
2,5,4,1184
2,5,1,1188
2,5,2,1189
2,5,5,1191
2,5,2,1196
2,5,2,1198
2,5,4,1200
2,5,2,1204
2,5,5,1206
2,5,4,1211
2,5,3,1215
2,5,7,1218
2,5,5,1225
2,5,3,1230
2,5,1,1233
2,5,3,1234
2,5,3,1237
2,5,1,1240
2,5,1,1241
2,5,4,1242
2,5,4,1246
2,5,5,1250
2,5,4,1255
2,5,4,1259
2,5,4,1263
2,5,4,1267
2,5,4,1271
2,5,4,1275
2,5,4,1279
2,5,2,1283
2,5,3,1285
2,5,2,1288
2,5,4,1290
2,5,4,1294
2,5,4,1298
2,5,4,1302
2,5,2,1306
2,5,2,1308
2,5,4,1310
2,5,4,1314
2,5,2,1318
2,5,3,1320
2,5,2,1323
2,5,6,1325
2,5,3,1331
2,5,1,1334
2,5,2,1335
2,5,4,1337
2,5,4,1341
2,5,4,1345
2,5,3,1349
2,5,2,1352
2,5,2,1354
2,5,4,1356
2,5,4,1360
2,5,4,1364
2,5,4,1368
2,5,4,1372
2,5,4,1376
2,5,4,1380
2,5,2,1384
2,5,4,1386
2,5,3,1390
2,5,3,1393
2,5,8,1396
2,5,3,1404
2,5,1,1407
2,5,4,1408
2,5,3,1412
2,5,4,1415
2,5,4,1419
2,5,2,1423
2,5,1,1425
2,5,1,1426
2,5,4,1427
2,5,3,1431
2,5,4,1434
2,5,4,1438
2,5,4,1442
2,5,3,1446
2,5,1,1449
2,5,3,1450
2,5,3,1453
2,5,3,1456
2,5,3,1459
2,5,2,1462
2,5,2,1464
2,5,4,1466
2,5,5,1470
2,5,4,1475
2,5,4,1479
2,5,4,1483
2,5,3,1487
2,5,3,1490
2,5,5,1493
2,5,2,1498
2,5,2,1500
2,5,4,1502
2,5,4,1506
2,5,4,1510
2,5,4,1514
2,5,4,1518
2,5,4,1522
2,5,4,1526
2,5,4,1530
2,5,4,1534
2,5,3,1538
2,5,1,1541
2,5,2,1542
2,5,2,1544
2,5,3,1546
2,5,3,1549
2,5,2,1552
2,5,1,1554
2,5,3,1555
2,5,1,1558
2,5,1,1559
2,5,1,1560
2,5,1,1561
2,5,1,1562
2,5,1,1563
2,5,4,1564
2,5,4,1568
2,5,4,1572
2,5,4,1576
2,5,4,1580
2,5,4,1584
2,5,3,1588
2,5,1,1591
2,5,2,1592
2,5,3,1594
2,5,2,1597
2,5,5,1599
2,5,2,1604
2,5,5,1606
2,5,4,1611
2,5,2,1615
2,5,3,1617
2,5,1,1620
2,5,1,1621
2,5,1,1622
2,5,1,1623
2,5,1,1624
2,5,1,1625
2,5,3,1626
2,5,1,1629
2,5,5,1630
2,5,1,1635
2,5,4,1636
2,5,3,1640
2,5,3,1643
2,5,3,1646
2,5,3,1649
2,5,3,1652
2,5,4,1655
2,5,7,1659
2,5,4,1666
2,5,4,1670
2,5,6,1674
2,5,3,1680
2,5,4,1683
2,5,2,1687
2,5,4,1689
2,5,1,1693
2,5,4,1694
2,5,3,1698
2,5,1,1701
2,5,1,1702
2,5,4,1703
2,5,4,1707
2,5,1,1711
2,5,2,1712
2,5,3,1714
2,5,2,1717
2,5,4,1719
2,5,1,1723
2,5,1,1724
2,5,3,1725
2,5,4,1728
2,5,1,1732
2,5,1,1733
2,5,3,1734
2,5,2,1737
2,5,3,1739
2,5,3,1742
2,5,1,1745
2,5,5,1746
2,5,3,1751
2,5,2,1754
2,5,2,1756
2,5,1,1758
2,5,1,1759
2,5,6,1760
2,5,6,1766
2,5,2,1772
2,5,2,1774
2,5,4,1776
2,5,4,1780
2,5,6,1784
2,5,1,1790
2,5,6,1791
2,5,2,1797
2,5,4,1799
2,5,2,1803
2,5,3,1805
2,5,3,1808
2,5,4,1811
2,5,3,1815
2,5,2,1818
2,5,6,1820
2,5,6,1826
2,5,2,1832
2,5,2,1834
2,5,4,1836
2,5,3,1840
2,5,4,1843
